Scan:    433    2E0111.0+3851 2015-10-24 +01 59 00.0
         OPTICAL                 Tb    
        km/s-LSR                 I
    -522.5186726680155971      0.0057204
    -521.9169304559162583     -0.0059510
    -521.3151858239624517     -0.0059474
    -520.7134387721209805      0.0011676
    -520.1116893003918449      0.0064684
    -519.5099374087749311     -0.0042836
    -518.9081830972704665     -0.0031776
    -518.3064263658449136     -0.0116002
    -517.7046672144983859     -0.0007881
    -517.1029056431642630      0.0004480
    -516.5011416518759688     -0.0046131
    -515.8993752406000795     -0.0020078
    -515.2976064093365949      0.0070852
    -514.6958351580524322      0.0063058
    -514.0940614867472505      0.0118972
    -513.4922853953214599      0.0011102
    -512.8905068839414980      0.0017308
    -512.2887259524407000     -0.0047844
    -511.6869426008858568     -0.0018853
    -511.0851568292103480      0.0107539
    -510.4833686374474269     -0.0051413
    -509.8815780255305299     -0.0014921
    -509.2797849934930241     -0.0004987
    -508.6779895412681753     -0.0028454
    -508.0761916688893507     -0.0048940
    -507.4743913762900434     -0.0052614
    -506.8725886635034499     -0.0129412
    -506.2707835305296840     -0.0097402
    -505.6689759773020683      0.0070324
    -505.0671660038539130      0.0111009
    -504.4653536101185978      0.0096218
    -503.8635387961295464     -0.0081539
    -503.2617215618200817      0.0067857
    -502.6599019072567671      0.0052847
    -502.0580798323398426      0.0058067
    -501.4562553371024478     -0.0051830
    -500.8544284214448794     -0.0062231
    -500.2525990855002078      0.0037323
    -499.6507673291686160      0.0056566
    -499.0489331524499903     -0.0064329
    -498.4470965553112478     -0.0013690
    -497.8452575377521612      0.0072029
    -497.2434160997729009      0.0087872
    -496.6415722413400431     -0.0048257
    -496.0397259624204480      0.0001681
    -495.4378772630473691     -0.0115866
    -494.8360261431208755      0.0003056
    -494.2341726027408981      0.0121744
    -493.6323166418408164     -0.0037517
    -493.0304582603873200     -0.0043173
    -492.4285974583804659     -0.0129752
    -491.8267342358202541     -0.0041351
    -491.2248685926733742     -0.0066007
    -490.6230005289398832     -0.0071484
    -490.0211300445864140      0.0014154
    -489.4192571396130234      0.0003291
    -488.8173818139864579      0.0002510
    -488.2155040676733506     -0.0050994
    -487.6136239007402651      0.0001633
    -487.0117413131207513      0.0004227
    -486.4098563047813855     -0.0086377
    -485.8079688757555346      0.0079079
    -485.2060790259766350      0.0038439
    -484.6041867554779401     -0.0056924
    -484.0022920642261397     -0.0158592
    -483.4003949521880372     -0.0067448
    -482.7984954193635758     -0.0098038
    -482.1965934656861350      0.0086765
    -481.5946890912556455      0.0105358
    -480.9927822959722334      0.0023082
    -480.3908730798692091     -0.0028909
    -479.7889614429132052     -0.0070703
    -479.1870473850710823      0.0046793
    -478.5851309063426697     -0.0023677
    -477.9832120066948278      0.0113789
    -477.3812906861607530      0.0024366
    -476.7793669446738818     -0.0001971
    -476.1774407822342710      0.0030335
    -475.5755121987753000      0.0039819
    -474.9735811944300963      0.0019127
    -474.3716477690656461      0.0057306
    -473.7697119227150893      0.0032474
    -473.1677736553118621     -0.0120501
    -472.5658329668893316     -0.0197653
    -471.9638898574474979     -0.0097280
    -471.3619443269196836      0.0016677
    -470.7599963753060024     -0.0070391
    -470.1580460026063975     -0.0093161
    -469.5560932087543051     -0.0039325
    -468.9541379938163459      0.0006108
    -468.3521803577591527      0.0025350
    -467.7502203005162187     -0.0001854
    -467.1482578221541075      0.0041715
    -466.5462929225729454      0.0028199
    -465.9443256018059856      0.0135009
    -465.3423558598533418      0.0068100
    -464.7403836966483368     -0.0069108
    -464.1384091122242808     -0.0093519
    -463.5364321065478634     -0.0008686
    -462.9344526795525780      0.0000326
    -462.3324708313050451      0.0071098
    -461.7304865617718406      0.0130841
    -461.1284998709196543      0.0120512
    -460.5265107587487137      0.0060693
    -459.9245192252587913     -0.0077355
    -459.3225252703834371     -0.0096246
    -458.7205288941559047     -0.0013345
    -458.1185300965096872     -0.0079194
    -457.5165288775112344      0.0020964
    -456.9145252369941659      0.0098268
    -456.3125191751582292      0.0036626
    -455.7105106918369302     -0.0050384
    -455.1084997870636926      0.0029874
    -454.5064864608384028      0.0054246
    -453.9044707130944403     -0.0057832
    -453.3024525438652290     -0.0151924
    -452.7004319531174019     -0.0003478
    -452.0984089408510727     -0.0066376
    -451.4963835070327605      0.0030542
    -450.8943556516625790      0.0071141
    -450.2923253746407113      0.0135937
    -449.6902926761002277      0.0172564
    -449.0882575559412544      0.0111068
    -448.4862200141971584     -0.0060552
    -447.8841800508013193      0.0018459
    -447.2821376657204837      0.0053688
    -446.6800928590212152     -0.0060123
    -446.0780456306368933     -0.0020465
    -445.4759959805675749      0.0034296
    -444.8739439087799497     -0.0068785
    -444.2718894152075109      0.0017796
    -443.6698324999832721      0.0020171
    -443.0677731629741629     -0.0025821
    -442.4657114042134936     -0.0014954
    -441.8636472236680106     -0.0005877
    -441.2615806213376572     -0.0130816
    -440.6595115972223766      0.0032785
    -440.0574401512557188     -0.0037746
    -439.4553662834375700     -0.0096948
    -438.8532899938013543      0.0010453
    -438.2512112822803374     -0.0032081
    -437.6491301488080694      0.0068949
    -437.0470465935176207      0.0082362
    -436.4449606163092312     -0.0016212
    -435.8428722171828440      0.0103151
    -435.2407813961051488      0.0128710
    -434.6386881530761457      0.0087365
    -434.0365924880626380     -0.0031186
    -433.4344944010978224     -0.0084122
    -432.8323938921150784     -0.0091502
    -432.2302909611145765      0.0043638
    -431.6281856080296393     -0.0086827
    -431.0260778329601408     -0.0022663
    -430.4239676358394604     -0.0060264
    -429.8218550166677687     -0.0001086
    -429.2197399753782747     -0.0030487
    -428.6176225120043455      0.0041844
    -428.0155026265127276     -0.0092346
    -427.4133803188701677     -0.0045984
    -426.8112555891099191      0.0004485
    -426.2091284371653614      0.0056909
    -425.6069988630698049      0.0059911
    -425.0048668667233756     -0.0041707
    -424.4027324482260610     -0.0043932
    -423.8005956075111271     -0.0001987
    -423.1984563445786875      0.0002610
    -422.5963146593620650     -0.0070103
    -421.9941705519279367      0.0022099
    -421.3920240221764288      0.0003047
    -420.7898750701740482     -0.0016140
    -420.1877236958210347     -0.0139251
    -419.5855698991838381      0.0033085
    -418.9834136801626983     -0.0042749
    -418.3812550388241220      0.0031679
    -417.7790939751349129      0.0117253
    -417.1769304890616468     -0.0068662
    -416.5747645805711841      0.0033554
    -415.9725962496967213     -0.0019960
    -415.3704254964050619      0.0003277
    -414.7682523206628389      0.0024317
    -414.1660767225033624     -0.0069426
    -413.5638987018267585     -0.0036132
    -412.9617182586996478      0.0088915
    -412.3595353930220995      0.0093139
    -411.7573501048941012     -0.0012328
    -411.1551623942156652     -0.0059015
    -410.5529722610201020     -0.0007660
    -409.9507797052408478      0.0057441
    -409.3485847269445799      0.0034263
    -408.7463873260313107      0.0153803
    -408.1441875025010404      0.0064342
    -407.5419852563871359     -0.0134343
    -406.9397805876562870      0.0033545
    -406.3375734962086199     -0.0041397
    -405.7353639821440083     -0.0012635
    -405.1331520454290853      0.0090190
    -404.5309376860307680      0.0103199
    -403.9287209039488289     -0.0068693
    -403.3265016991168181      0.0023197
    -402.7242800715680460      0.0034579
    -402.1220560213023987      0.0142789
    -401.5198295482533695      0.0065881
    -400.9176006524210720      0.0012140
    -400.3153693338052790      0.0008388
    -399.7131355923395972     -0.0028678
    -399.1108994281238438     -0.0082616
    -398.5086608410581448     -0.0071152
    -397.9064198311424434      0.0054896
    -397.3041763983768533     -0.0001344
    -396.7019305427281211      0.0072417
    -396.0996822641960193      0.0104163
    -395.4974315627474653      0.0078297
    -394.8951784383824020      0.0023753
    -394.2929228911008863      0.0119624
    -393.6906649208029307      0.0024290
    -393.0884045276217762      0.0026062
    -392.4861417114242386     -0.0067821
    -391.8838764722436281     -0.0015001
    -391.2816088100800016      0.0055393
    -390.6793387248666818      0.0095085
    -390.0770662166037255     -0.0044962
    -389.4747912853243861     -0.0057605
    -388.8725139309622136     -0.0094291
    -388.2702341535169808     -0.0026692
    -387.6679519529889149     -0.0050347
    -387.0656673293113386     -0.0184534
    -386.4633802825507587      0.0024958
    -385.8610908126407821      0.0028029
    -385.2587989195812952      0.0024469
    -384.6565046033389876      0.0087655
    -384.0542078639472265     -0.0120801
    -383.4519087013393914      0.0055099
    -382.8496071155154254     -0.0028363
    -382.2473031064421889     -0.0018283
    -381.6449966741861886     -0.0019363
    -381.0426878185809301     -0.0115118
    -380.4403765397597112     -0.0070555
    -379.8380628376557979      0.0027571
    -379.2357467122691901      0.0075552
    -378.6334281635668049     -0.0064890
    -378.0311071915151615     -0.0029337
    -377.4287837961142600      0.0089064
    -376.8264579773975242      0.0056757
    -376.2241297352649667     -0.0045210
    -375.6217990697500113     -0.0001119
    -375.0194659808524875     -0.0066071
    -374.4171304684727488     -0.0095924
    -373.8147925327436951      0.0029653
    -373.2124521735323128      0.0005172
    -372.6101093908719690     -0.0021089
    -372.0077641847292398     -0.0025400
    -371.4054165551041820      0.0029618
    -370.8030665019635421      0.0022582
    -370.2007140253405169     -0.0004872
    -369.5983591251353459      0.0045658
    -368.9960018014145930      0.0030322
    -368.3936420540782706      0.0086555
    -367.7912798831931696      0.0066958
    -367.1889152887258092     -0.0017867
    -366.5865482706763032     -0.0034104
    -365.9841788289780311     -0.0085258
    -365.3818069636309929      0.0016960
    -364.7794326746685556     -0.0181416
    -364.1770559620240419     -0.0029145
    -363.5746768256974519      0.0033789
    -362.9722952656888992      0.0038089
    -362.3699112819649599      0.0001706
    -361.7675248744591840      0.0151593
    -361.1651360432713886     -0.0019355
    -360.5627447883016998      0.0042204
    -359.9603511096166812      0.0015655
    -359.3579550071165158     -0.0041184
    -358.7555564808344570      0.0039532
    -358.1531555307039412      0.0105718
    -357.5507521567915887      0.0078255
    -356.9483463590306656      0.0046641
    -356.3459381373880888     -0.0113173
    -355.7435274918637447     -0.0077975
    -355.1411144224577470     -0.0046385
    -354.5386989292032354      0.0015009
    -353.9362810120003928      0.0001762
    -353.3338606708825864     -0.0078813
    -352.7314379058165059     -0.0144058
    -352.1290127168020945     -0.0265246
    -351.5265851038060418     -0.0158217
    -350.9241550667951515     -0.0051670
    -350.3217226058359302      0.0032716
    -349.7192877208286177     -0.0004287
    -349.1168504117398470      0.0022941
    -348.5144106786694351      0.0038319
    -347.9119685215176787      0.0146236
    -347.3095239403177175     -0.0009248
    -346.7070769350030446      0.0065172
    -346.1046275056069703     -0.0066978
    -345.5021756520628742     -0.0056971
    -344.8997213744040096      0.0041512
    -344.2972646725971799     -0.0047756
    -343.6948055466423284     -0.0009859
    -343.0923439964396380     -0.0036267
    -342.4898800220889257      0.0152835
    -341.8874136235569381     -0.0007234
    -341.2849448007771116      0.0045593
    -340.6824735537827564     -0.0042696
    -340.0799998825404487      0.0030390
    -339.4775237870170486     -0.0121667
    -338.8750452672124993     -0.0022600
    -338.2725643231268009     -0.0020276
    -337.6700809547266999      0.0045561
    -337.0675951619788862     -0.0080317
    -336.4651069448834164     -0.0070007
    -335.8626163034734873     -0.0014031
    -335.2601232376825919      0.0042465
    -334.6576277475106167      0.0040652
    -334.0551298329576753      0.0003530
    -333.4526294939572608      0.0004379
    -332.8501267305758233      0.0049302
    -332.2476215427135458      0.0191362
    -331.6451139304369349      0.0098876
    -331.0426038936462874      0.0020886
    -330.4400914323414327     -0.0016079
    -329.8375765465891050      0.0010620
    -329.2350592363225701      0.0072226
    -328.6325395015419986      0.0022026
    -328.0300173422139665      0.0107799
    -327.4274927583052204      0.0126083
    -326.8249657498491274      0.0015434
    -326.2224363167790102      0.0169298
    -325.6199044591282359     -0.0035923
    -325.0173701768634373     -0.0011929
    -324.4148334699514749     -0.0034096
    -323.8122943383589245     -0.0009582
    -323.2097527821523499      0.0051563
    -322.6072088012653012     -0.0045735
    -322.0046623956976646      0.0020434
    -321.4021135654161867     -0.0081804
    -320.7995623104209244     -0.0037754
    -320.1970086306785106      0.0112522
    -319.5944525261890590      0.0084285
    -318.9918939969524558     -0.0046856
    -318.3893330429353909      0.0067419
    -317.7867696640715280      0.0113678
    -317.1842038604604568      0.0026959
    -316.5816356320356704      0.0054196
    -315.9790649787306620      0.0038896
    -315.3764919006119953      0.0040319
    -314.7739163976131067      0.0121637
    -314.1713384697672495      0.0039476
    -313.5687581170078602      0.0028602
    -312.9661753393016284      0.0000521
    -312.3635901367151746      0.0103739
    -311.7610025091819352      0.0063941
    -311.1584124566352898     -0.0035317
    -310.5558199791751122     -0.0062357
    -309.9532250767348387     -0.0023841
    -309.3506277493144694      0.0029390
    -308.7480279968474406      0.0098472
    -308.1454258194003728     -0.0010379
    -307.5428212168732216      0.0149986
    -306.9402141892995814      0.0047719
    -306.3376047366791681      0.0053397
    -305.7349928589455317      0.0054898
    -305.1323785560653619      0.0070854
    -304.5297618281385894      0.0093752
    -303.9271426750653404      0.0003805
    -303.3245210968454444     -0.0030014
    -302.7218970934791287      0.0106884
    -302.1192706649330262      0.0064400
    -301.5166418112070801      0.0003194
    -300.9140105322680938      0.0108156
    -300.3113768281159537      0.0101132
    -299.7087406987508302     -0.0036386
    -299.1061021441392995      0.0026827
    -298.5034611641815445      0.0130571
    -297.9008177590440027      0.0135724
    -297.2981719285934901      0.0083820
    -296.6955236728300633      0.0071616
    -296.0928729917537225      0.0124989
    -295.4902198853644677      0.0160381
    -294.8875643535957352      0.0069233
    -294.2849063964807215      0.0059253
    -293.6822460139862301      0.0058384
    -293.0795832061122610      0.0017160
    -292.4769179727589403     -0.0043462
    -291.8742503140260851      0.0052351
    -291.2715802298804419      0.0101108
    -290.6689077202887574      0.0039281
    -290.0662327852177782      0.0087322
    -289.4635554246673905     -0.0023134
    -288.8608756386376513      0.0014019
    -288.2581934270619968      0.0171650
    -287.6555087900069907      0.0026091
    -287.0528217273728160      0.0056225
    -286.4501322392259794     -0.0010113
    -285.8474403254334106      0.0091213
    -285.2447459861281231      0.0131804
    -284.6420492212104136      0.0073817
    -284.0393500306802252      0.0169197
    -283.4366484145042477      0.0147060
    -282.8339443727157914     -0.0057093
    -282.2312379052816027      0.0071912
    -281.6285290121683147      0.0059089
    -281.0258176933426739      0.0243007
    -280.4231039488380475      0.0153772
    -279.8203877785544478     -0.0000684
    -279.2176691826251158     -0.0012005
    -278.6149481609169243     -0.0017618
    -278.0122247134630697      0.0035899
    -277.4094988402635522      0.0132090
    -276.8067705412519217      0.0074614
    -276.2040398164280077     -0.0027387
    -275.6013066657920376      0.0039915
    -274.9985710893437840     -0.0066905
    -274.3958330870168538      0.0045264
    -273.7930926588444436      0.0044868
    -273.1903498047598760      0.0070074
    -272.5876045248299420     -0.0130930
    -271.9848568189879643      0.0008481
    -271.3821066872339429     -0.0026607
    -270.7793541295346245      0.0056561
    -270.1765991458900089      0.0024535
    -269.5738417362999826      0.0103792
    -268.9710819006980955      0.0135110
    -268.3683196391509114      0.0168965
    -267.7655549515585562     -0.0078035
    -267.1627878378877199      0.0102408
    -266.5600182982715864     -0.0000049
    -265.9572463325769718      0.0044197
    -265.3544719408039327     -0.0029507
    -264.7516951229856659      0.0154486
    -264.1489158790224678      0.0139293
    -263.5461342089807317      0.0036827
    -262.9433501128273178     -0.0024948
    -262.3405635905288591      0.0087047
    -261.7377746420520452     -0.0076276
    -261.1349832674303002     -0.0075009
    -260.5321894665635796     -0.0038137
    -259.9293932395518709      0.0025805
    -259.3265945863286106      0.0071581
    -258.7237935068937418      0.0131211
    -258.1209900011807576      0.0052986
    -257.5181840692561082      0.0030871
    -256.9153757110200331      0.0031459
    -256.3125649265390962      0.0101465
    -255.7097517157134519      0.0032986
    -255.1069360786096354      0.0011537
    -254.5041180150945479      0.0099526
    -253.9012975253012598      0.0054656
    -253.2984746091632644      0.0051679
    -252.6956492666472798     -0.0012830
    -252.0928214977199957      0.0073136
    -251.4899913024146940     -0.0012988
    -250.8871586806980929     -0.0057758
    -250.2843236325036571     -0.0130195
    -249.6814861578979219      0.0025007
    -249.0786462568476054     -0.0006576
    -248.4758039292861440     -0.0071973
    -247.8729591752135377      0.0076898
    -247.2701119946630683      0.0082103
    -246.6672623876014541      0.0035591
    -246.0644103539954131      0.0134477
    -245.4615558938449738      0.0109240
    -244.8586990071167975      0.0041105
    -244.2558396938441945     -0.0000810
    -243.6529779539606295     -0.0053782
    -243.0501137874660458     -0.0075560
    -242.4472471943604432      0.0037795
    -241.8443781745440617      0.0035360
    -241.2415067281499148      0.0025984
    -240.6386328550782139      0.0013875
    -240.0357565553289589     -0.0063795
    -239.4328778288688682      0.0107534
    -238.8299966757311950      0.0071811
    -238.2271130958494041     -0.0036545
    -237.6242270892235240      0.0025785
    -237.0213386558534410     -0.0038489
    -236.4184477957059869      0.0161281
    -235.8155545087811049      0.0053237
    -235.2126587950122882      0.0025459
    -234.6097606544660152      0.0034037
    -234.0068600870757791      0.0076481
    -233.4039570928748333      0.0046626
    -232.8010516717966425     -0.0032382
    -232.1981438238744602     -0.0027266
    -231.5952335490417227      0.0009130
    -230.9923208473317402     -0.0055850
    -230.3894057186779492      0.0014381
    -229.7864881631135745     -0.0030910
    -229.1835681805387992     -0.0064208
    -228.5806457710867790     -0.0112975
    -227.9777209346243581     -0.0247320
    -227.3747936711847899     -0.0090745
    -226.7718639807348779     -0.0089856
    -226.1689318632745369      0.0011882
    -225.5659973188038236      0.0032522
    -224.9630603472561461      0.0062717
    -224.3601209486314758      0.0076484
    -223.7571791229631231     -0.0030354
    -223.1542348701845242      0.0090562
    -222.5512881902624258      0.0055644
    -221.9483390832633347      0.0046956
    -221.3453875491539975     -0.0152642
    -220.7424335878678221      0.0033928
    -220.1394771994048654      0.0106101
    -219.5365183837983523      0.0069104
    -218.9335571409484942      0.0088242
    -218.3305934709217695      0.0103921
    -217.7276273736849816      0.0010272
    -217.1246588492047920     -0.0052690
    -216.5216878973813834      0.0107501
    -215.9187145183811651      0.0077475
    -215.3157387121042348      0.0020293
    -214.7127604785174242     -0.0160927
    -214.1097798176206197     -0.0072923
    -213.5067967293805964      0.0009160
    -212.9038112137972973     -0.0058277
    -212.3008232709040612     -0.0233095
    -211.6978329006010711     -0.0044243
    -211.0948401029215233      0.0122296
    -210.4918448778321931      0.0068610
    -209.8888472252997701     -0.0114752
    -209.2858471453908180      0.0035302
    -208.6828446380388016      0.0032631
    -208.0798397032104106      0.0032860
    -207.4768323409056450      0.0080882
    -206.8738225511577866      0.0112156
    -206.2708103338670185      0.0107680
    -205.6677956890665655     -0.0025188
    -205.0647786167232027     -0.0001564
    -204.4617591168701836     -0.0035861
    -203.8587371893743523     -0.0061080
    -203.2557128343688930     -0.0038829
    -202.6526860517871853      0.0075874
    -202.0496568415627507     -0.0061856
    -201.4466252037620393      0.0141481
    -200.8435911382852623      0.0117270
    -200.2405546451990119     -0.0048814
    -199.6375157244366676     -0.0055227
    -199.0344743759649759     -0.0020579
    -198.4314305998505290      0.0041333
    -197.8283843959933677     -0.0070305
    -197.2253357643936056     -0.0049358
    -196.6222847050845246      0.0057410
    -196.0192312180327576     -0.0051305
    -195.4161753032051081      0.0023176
    -194.8131169606015192      0.0004322
    -194.2100561902220193      0.0038029
    -193.6069929920000163      0.0030312
    -193.0039273659688206     -0.0082571
    -192.4008593120951218     -0.0043513
    -191.7977888303789484      0.0037036
    -191.1947159207536799     -0.0015307
    -190.5916405832859652      0.0015526
    -189.9885628179091839     -0.0045522
    -189.3854826246233358      0.0078366
    -188.7824000034284495     -0.0041251
    -188.1793149542579329     -0.0008063
    -187.5762274771783495      0.0031827
    -186.9731375720898825     -0.0167896
    -186.3700452390257567     -0.0080901
    -185.7669504779527472     -0.0124970
    -185.1638532888708255     -0.0083271
    -184.5607536717134280      0.0013328
    -183.9576516265804287     -0.0073161
    -183.3545471533718967     -0.0078086
    -182.7514402520879457      0.0000882
    -182.1483309226952372     -0.0017831
    -181.5452191652270244      0.0044861
    -180.9421049796500824     -0.0048225
    -180.3389883658977908      0.0004648
    -179.7358693240367700      0.0095241
    -179.1327478540003995      0.0092634
    -178.5296239557553974      0.0033311
    -177.9264976293351310      0.0074030
    -177.3233688747394865      0.0085472
    -176.7202376919019855      0.0057527
    -176.1171040808558530      0.0133381
    -175.5139680415345254      0.0108486
    -174.9108295739713412      0.0116769
    -174.3076886780996801      0.0037063
    -173.7045453539528523     -0.0081810
    -173.1013996014975476     -0.0032165
    -172.4982514207338227     -0.0004155
    -171.8951008115617469     -0.0056204
    -171.2919477740811942     -0.0037947
    -170.6887923082589396     -0.0000065
    -170.0856344140283625      0.0020939
    -169.4824740914227732      0.0017125
    -168.8793113404088331     -0.0049358
    -168.2761461609533171     -0.0097182
    -167.6729785530562253     -0.0123414
    -167.0698085167175293     -0.0008937
    -166.4666360519039472     -0.0001295
    -165.8634611585489154     -0.0018265
    -165.2602838367523077      0.0135278
    -164.6571040864475322     -0.0146794
    -164.0539219076345887     -0.0097078
    -163.4507373002469137     -0.0033241
    -162.8475502642845072     -0.0100782
    -162.2443607997806794      0.0002134
    -161.6411689067021200     -0.0067892
    -161.0379745849822370     -0.0139822
    -160.4347778346876225     -0.0102093
    -159.8315786557184595      0.0088010
    -159.2283770481079728      0.0106475
    -158.6251730118561909      0.0018753
    -158.0219665469298604      0.0030926
    -157.4187576532956143     -0.0067622
    -156.8155463309868480     -0.0141936
    -156.2123325799368843     -0.0083756
    -155.6091164001790617      0.0017537
    -155.0058977916468166     -0.0053550
    -154.4026767543734593      0.0008530
    -153.7994532882923409     -0.0040717
    -153.1962273934035466      0.0048715
    -152.5929990697402729      0.0157798
    -151.9897683172692950     -0.0012575
    -151.3865351359573594     -0.0037772
    -150.7832995257711275     -0.0008176
    -150.1800614867438810      0.0006015
    -149.5768210188090848     -0.0030896
    -148.9735781219999637      0.0042214
    -148.3703327962833214     -0.0001638
    -147.7670850416591009     -0.0046554
    -147.1638348580607669     -0.0121558
    -146.5605822454882627      0.0043458
    -145.9573272039749554      0.0110337
    -145.3540697334874778      0.0000690
    -144.7508098340258584     -0.0040889
    -144.1475475055235620     -0.0110755
    -143.5442827479805601     -0.0131389
    -142.9410155614301630     -0.0053474
    -142.3377459458057501     -0.0191852
    -141.7344739011073500     -0.0013915
    -141.1311994273349910     -0.0064504
    -140.5279225244220527     -0.0072615
    -139.9246431924351839     -0.0043547
    -139.3213614313077073     -0.0193356
    -138.7180772410397083      0.0029278
    -138.1147906215978765      0.0005975
    -137.5115015730154653     -0.0052356
    -136.9082100952259395      0.0063861
    -136.3049161882293276      0.0078008
    -135.7016198520255728     -0.0041275
    -135.0983210865814215     -0.0078309
    -134.4950198918968738     -0.0033742
    -133.8917162679053661     -0.0041281
    -133.2884102146734335     -0.0044473
    -132.6851017321678228     -0.0061438
    -132.0817908203219702      0.0050583
    -131.4784774792024109      0.0016656
    -130.8751617087093280      0.0055829
    -130.2718435089092566      0.0026157
    -129.6685228797024081     -0.0122140
    -129.0651998211219791      0.0011483
    -128.4618743331680548      0.0080246
    -127.8585464157406903      0.0007548
    -127.2552160689398306      0.0169598
    -126.6518832927321370      0.0048362
    -126.0485480870510457      0.0097069
    -125.4452104518965996      0.0080611
    -124.8418703872354456      0.0056821
    -124.2385278931342043     -0.0071961
    -123.6351829694930018      0.0051910
    -123.0318356163118523      0.0007581
    -122.4284858335907415      0.0070182
    -121.8251336213296696     -0.0008736
    -121.2217789794620870      0.0044621
    -120.6184219080545574      0.0030477
    -120.0150624070404888      0.0185549
    -119.4117004763866277      0.0166114
    -118.8083361161262275      0.0151661
    -118.2049693262260206      0.0098958
    -117.6016001066860355      0.0153432
    -116.9982284574396516      0.0148947
    -116.3948543785201934      0.0070474
    -115.7914778698943508      0.0113345
    -115.1880989315288417      0.0194506
    -114.5847175634569908      0.0034599
    -113.9813337656454593      0.0057687
    -113.3779475380609938      0.0163997
    -112.7745588807035801      0.0034033
    -112.1711677935732325      0.0037037
    -111.5677742766366691      0.0091950
    -110.9643783298605797      0.0138914
    -110.3609799532449927      0.0164647
    -109.7575791468231898      0.0204768
    -109.1541759104952973      0.0070961
    -108.5507702442613436      0.0220186
    -107.9473621481878638      0.0195181
    -107.3439516222083228      0.0154390
    -106.7405386662894102      0.0103645
    -106.1371232804311546      0.0021570
    -105.5337054646335417     -0.0051511
    -104.9302852188632755      0.0083761
    -104.3268625431203702      0.0090138
    -103.7234374374048258      0.0154495
    -103.1200099016500644      0.0085509
    -102.5165799358228043      0.0012490
    -101.9131475399896232      0.0006508
    -101.3097127141172535      0.0117394
    -100.7062754582056527      0.0090878
    -100.1028357721882855      0.0067274
     -99.4993936560651377     -0.0001534
     -98.8959491098362093      0.0038508
     -98.2925021334682043     -0.0019562
     -97.6890527269611653      0.0022606
     -97.0856008903150496      0.0117107
     -96.4821466234633078      0.0027430
     -95.8786899264059400      0.0005148
     -95.2752307991762564     -0.0029396
     -94.6717692417409182     -0.0009858
     -94.0683052540999398      0.0035727
     -93.4648388361867859     -0.0043354
     -92.8613699880014138     -0.0026940
     -92.2578987095771623      0.0144800
     -91.6544250008474108      0.0060066
     -91.0509488618121878      0.0106327
     -90.4474702924381972      0.0033725
     -89.8439892927254391      0.0120469
     -89.2405058626739276     -0.0023244
     -88.6370200022836485      0.0164649
     -88.0335317115213343      0.0232588
     -87.4300409903536746      0.0105121
     -86.8265478387807121      0.0032413
     -86.2230522567691082      0.0023762
     -85.6195542443521873      0.0210222
     -85.0160538014633573      0.0120910
     -84.4125509281359285      0.0054254
     -83.8090456243033088      0.0280354
     -83.2055378899322307      0.0277375
     -82.6020277251225394      0.0340810
     -81.9985151297410937      0.0303558
     -81.3950001038544713      0.0406261
     -80.7914826474293761      0.0391427
     -80.1879627603992731      0.0296445
     -79.5844404427973870      0.0402499
     -78.9809156946237749      0.0550854
     -78.3773885158118446      0.0617387
     -77.7738589063948922      0.0676410
     -77.1703268662730437      0.0700776
     -76.5667923955461731      0.0887478
     -75.9632554941477025      0.1015821
     -75.3597161620443359      0.1193075
     -74.7561743992693835      0.1483061
     -74.1526302057562532      0.1586881
     -73.5490835815382411      0.1887409
     -72.9455345265820796      0.2200886
     -72.3419830408544442      0.2473896
     -71.7384291243220957      0.2641384
     -71.1348727770515694      0.3099998
     -70.5313139989097522      0.3424548
     -69.9277527899631934      0.4032439
     -69.3241891502451892      0.4565261
     -68.7206230796558799      0.5186613
     -68.1170545781952654      0.5897652
     -67.5134836458633458      0.6934367
     -66.9099102826268677      0.7829098
     -66.3063344885190702      0.8889177
     -65.7027562634734039      1.0306331
     -65.0991756074898689      1.2242445
     -64.4955925205019014      1.4456196
     -63.8920070026093541      1.7492234
     -63.2884190537123672      2.1393237
     -62.6848286738442226      2.6163323
     -62.0812358629716528      3.1439536
     -61.4776406210613544      3.6647861
     -60.8740429481133489      4.0707345
     -60.2704428441276079      4.2703004
     -59.6668403090708779      4.1826115
     -59.0632353429431376      3.9030113
     -58.4596279456778305      3.5228596
     -57.8560181173082384      3.1872089
     -57.2524058578010724      2.9071176
     -56.6487911671896214      2.6456535
     -56.0451740454405964      2.3958240
     -55.4415544924874411      2.1651230
     -54.8379325083634228      1.9726138
     -54.2343080930352812      1.8373290
     -53.6306812465029878      1.7712351
     -53.0270519687332822      1.7287579
     -52.4234202597261572      1.7032318
     -51.8197861193817531      1.6983893
     -51.2161495478332114      1.6885840
     -50.6125105450139685      1.6924090
     -50.0088691108907355      1.7076801
     -49.4052252454302376      1.7238178
     -48.8015789486657425      1.7374433
     -48.1979302205306936      1.7427946
     -47.5942790610250910      1.7602648
     -46.9906254701822093      1.7874718
     -46.3869694479022172      1.8084402
     -45.7833109942516572      1.8181545
     -45.1796501091306979      1.8410527
     -44.5759867926059030      1.8698947
     -43.9723210446439765      1.8999368
     -43.3686528652116436      1.9207543
     -42.7649822543089115      1.9754417
     -42.1613092119024913      2.0182190
     -41.5576337379923686      2.0374000
     -40.9539558325785649      2.0834019
     -40.3502754955944951      2.1230929
     -39.7465927270734625      2.1919653
     -39.1429075269488820      2.2482083
     -38.5392198952873315      2.2828624
     -37.9355298320222261      2.3169117
     -37.3318373371535941      2.3646922
     -36.7281424106481325      2.4065437
     -36.1244450525058483      2.4240069
     -35.5207452627267415      2.4351082
     -34.9170430412442343      2.4326127
     -34.3133383880916227      2.4293582
     -33.7096313032689068      2.4118907
     -33.1059217866762268      2.3758278
     -32.5022098383468716      2.3497357
     -31.8984954583141267      2.3236778
     -31.2947786465447031      2.2861617
     -30.6910594029720372      2.2492137
     -30.0873377276294107      2.2186143
     -29.4836136204835420      2.1837976
     -28.8798870815011455      2.1514034
     -28.2761581107155102      2.1377552
     -27.6724267080600619      2.0946422
     -27.0686928735680858      2.0915790
     -26.4649566071064477      2.0711048
     -25.8612179088415672      2.0613675
     -25.2574767786735954      2.0536141
     -24.6537332165692433      2.0608075
     -24.0499872225617999      2.0594475
     -23.4462387965846908      2.0641005
     -22.8424879386379232      2.0648031
     -22.2387346487214934      2.0571923
     -21.6349789268021198      2.0672698
     -21.0312207728797986      2.0804143
     -20.4274601869545336      2.0939264
     -19.8236971689264756      2.1160171
     -19.2199317188954701      2.1377578
     -18.6161638367949536      2.1591914
     -18.0123935226249188      2.1764045
     -17.4086207763520946      2.2287900
     -16.8048455979764739      2.2450125
     -16.2010679874647714      2.2506738
     -15.5972879448169923      2.2976978
     -14.9935054699998478      2.3322124
     -14.3897205630466232      2.3898399
     -13.7859332238241841      2.4429007
     -13.1821434524989503      2.4943726
     -12.5783512489045020      2.5499165
     -11.9745566131406918      2.6278610
     -11.3707595450743835      2.7117238
     -10.7669600448054261      2.8344588
     -10.1631581122339725      2.9761968
      -9.5593537473933043      3.1406281
      -8.9555469502168545      3.3489201
      -8.3517377207711903      3.6107626
      -7.7479260589564616      3.8923771
      -7.1441119647726685      4.2773705
      -6.5402954382530938      4.7683625
      -5.9364764793644529      5.3278675
      -5.3326550881067467      6.0430112
      -4.7288312644134081      6.8873634
      -4.1250050083177223      7.8363490
      -3.5211763198196859      8.8365879
      -2.9173451988194508      9.8581257
      -2.3135116453835831     10.8257389
      -1.7096756594787992     11.6863327
      -1.1058372410052482     12.3648510
      -0.5019963900960649     12.7790241
       0.1018468933153181     12.8145437
       0.7056926093287518     12.5748405
       1.3095407578443852     12.2192106
       1.9133913389287858     11.7719135
       2.5172443525819532     11.1241188
       3.1210997988704547     10.2649336
       3.7249576777277236      9.4736986
       4.3288179892868941      8.8557844
       4.9326807334148315      8.2404537
       5.5365459102446701      7.5782757
       6.1404135197098437      6.9118047
       6.7442835618769186      6.2756910
       7.3481560366793284      5.6585975
       7.9520309442502057      5.1262817
       8.5559082845229852      4.6509891
       9.1597880575642332      4.2174206
       9.7636702633739514      3.8580930
      10.3675549019521380      3.5194271
      10.9714419732987931      3.2506509
      11.5753314774804856      2.9933643
      12.1792234144306466      2.7482564
      12.7831177842158432      2.4932926
      13.3870145868360755      2.2534027
      13.9909138223579124      2.0194993
      14.5948154907147849      1.8358306
      15.1987195919732621      1.6491913
      15.8026261261333403      1.4881982
      16.4065350932615921      1.3574519
      17.0104464932914468      1.2294447
      17.6143603262229043      1.1024462
      18.2182765921890990      1.0012920
      18.8221952911234673      0.9002918
      19.4261164230260022      0.8196915
      20.0300399878967106      0.7406116
      20.6339659858687234      0.6623076
      21.2378944168089063      0.6032398
      21.8418252808503972      0.5389177
      22.4457585779266253      0.4925953
      23.0496943081041579      0.4500075
      23.6536324713164277      0.3965355
      24.2575730677631398      0.3596980
      24.8615160972445928      0.3145433
      25.4654615598939138      0.2762125
      26.0694094556445428      0.2554183
      26.6733597846296071      0.2376188
      27.2773125467159794      0.2150991
      27.8812677421033612      0.1887586
      28.4852253706586112      0.1636536
      29.0891854323817398      0.1504936
      29.6931479274058745      0.1300467
      30.2971128556644445      0.1181458
      30.9010802172905947      0.1106365
      31.5050500121511803      0.1116396
      32.1090222402462047      0.0916498
      32.7129969017088058      0.0845944
      33.3169739964724201      0.0791861
      33.9209535246036040      0.0616990
      34.5249354861023576      0.0376755
      35.1289198809686951      0.0311948
      35.7329067092026023      0.0457595
      36.3368959708706569      0.0345497
      36.9408876659728378      0.0284124
      37.5448817945091733      0.0264227
      38.1488783564130856      0.0224018
      38.7528773518177019      0.0169881
      39.3568787807230223      0.0263629
      39.9608826431290680      0.0126698
      40.5648889390358107      0.0106769
      41.1688976684432646      0.0194570
      41.7729088313514225      0.0102954
      42.3769224278934331      0.0107727
      42.9809384579361478      0.0114865
      43.5849569216792716      0.0158932
      44.1889778189231066      0.0101734
      44.7930011497342235      0.0021956
      45.3970269142457497      0.0052741
      46.0010551123245435      0.0072535
      46.6050857441037607      0.0193810
      47.2091188095168093      0.0174253
      47.8131543086968449      0.0095205
      48.4171922415107261      0.0092551
      49.0212326080250165      0.0229051
      49.6252754083062797      0.0105340
      50.2293206423545300     -0.0029417
      50.8333683101031752      0.0078894
      51.4374184116188218      0.0065893
      52.0414709469679977      0.0134353
      52.6455259160841536     -0.0021537
      53.2495833190338601      0.0122652
      53.8536431557505395      0.0187972
      54.4577054263673404     -0.0013113
      55.0617701308842413      0.0070793
      55.6658372691681365      0.0048375
      56.2699068414852661      0.0028690
      56.8739788476359465      0.0025721
      57.4780532876867412      0.0012557
      58.0821301617042209      0.0095283
      58.6862094696218080      0.0087854
      59.2902912115060658      0.0101835
      59.8943753874235867     -0.0008508
      60.4984619972412077      0.0205182
      61.1025510411586481      0.0004613
      61.7066425190427736      0.0153809
      62.3107364310267116      0.0158902
      62.9148327770438982      0.0070076
      63.5189315570943265      0.0153705
      64.1230327712445813      0.0147582
      64.7271364194280778      0.0129263
      65.3312425017779503      0.0010350
      65.9353510182276352      0.0056873
      66.5394619688437245      0.0043051
      67.1435753536261757     -0.0000983
      67.7476911725750170     -0.0001774
      68.3518094256236708      0.0047613
      68.9559301130383915      0.0113222
      69.5600532345529530      0.0112543
      70.1641787903004541      0.0175286
      70.7683067802809092      0.0129746
      71.3724372045608817      0.0077571
      71.9765700630737939      0.0070716
      72.5807053558862236      0.0022453
      73.1848430829981851      0.0071320
      73.7889832444096498      0.0072354
      74.3931258401206321     -0.0028526
      74.9972708703308371      0.0049258
      75.6014183347739959     -0.0005993
      76.2055682335832216      0.0126246
      76.8097205668251064      0.0051506
      77.4138753344330866      0.0133111
      78.0180325364737115      0.0120666
      78.6221921730135449      0.0001794
      79.2263542439194737      0.0175699
      79.8305187493246251      0.0080709
      80.4346856891624213      0.0085269
      81.0388550635660039      0.0060902
      81.6430268724688091      0.0075205
      82.2472011158708227     -0.0020097
      82.8513777937720590      0.0084012
      83.4555569063056453      0.0088219
      84.0597384533384542      0.0065194
      84.6639224349370636      0.0060996
      85.2681088511680088      0.0051041
      85.8722977020313181      0.0092574
      86.4764889874603995      0.0055751
      87.0806827075884087      0.0066321
      87.6848788624153315      0.0069830
      88.2890774518080548      0.0152022
      88.8932784758996917      0.0225598
      89.4974819346902564      0.0364948
      90.1016878282462841      0.0276051
      90.7058961565012538      0.0161141
      91.3101069194551371      0.0248301
      91.9143201172410755      0.0044260
      92.5185357497259417      0.0142579
      93.1227538170428630      0.0195207
      93.7269743191918252      0.0051839
      94.3311972561062930      0.0122129
      94.9354226279193654      0.0118539
      95.5396504344979434      0.0174486
      96.1438806759751259      0.0028787
      96.7481133522843919      0.0092513
      97.3523484634922482      0.0138026
      97.9565860096653012     -0.0025934
      98.5608259906704234      0.0084586
      99.1650684067073058      0.0177511
      99.7693132576427928      0.0093361
     100.3735605435434763      0.0102132
     100.9778102644093423      0.0069285
     101.5820624203069684      0.0083263
     102.1863170111697912      0.0031926
     102.7905740370643741      0.0087971
     103.3948334979907031      0.0060315
     103.9990953940153702      0.0049691
     104.6033597250717833     -0.0021306
     105.2076264911599566      0.0129742
     105.8118956924130174      0.0155949
     106.4161673287644021      0.0094074
     107.0204414002806885     -0.0006495
     107.6247179068952988      0.0040507
     108.2289968486747966      0.0098273
     108.8332782255526041      0.0177877
     109.4375620376618912      0.0016288
     110.0418482850026294      0.0092268
     110.6461369675082693      0.0009230
     111.2504280853119241      0.0023942
     111.8547216382804805      0.0068334
     112.4590176265470518      0.0008393
     113.0633160501116521      0.0061520
     113.6676169089742814      0.0026112
     114.2719202030683476      0.0087289
     114.8762259325270492      0.0151594
     115.4805340972837371     -0.0050519
     116.0848446974050461     -0.0050041
     116.6891577328243699      0.0008579
     117.2934732036748500     -0.0037060
     117.8977911099565006      0.0047339
     118.5021114516027438     -0.0031658
     119.1064342286801434      0.0064754
     119.7107594411887135      0.0131279
     120.3150870891284256      0.0036864
     120.9194171725658862      0.0016125
     121.5237496914344888      0.0043672
     122.1280846458673892      0.0115948
     122.7324220357314601      0.0016528
     123.3367618611598289     -0.0027585
     123.9411041220859175      0.0036745
     124.5454488186428819      0.0096457
     125.1497959506975661      0.0103366
     125.7541455183830976      0.0060965
     126.3584975216329411      0.0016455
     126.9628519605136603     -0.0058535
     127.5672088350252125     -0.0114663
     128.1715681451010767      0.0003123
     128.7759298909409438      0.0059969
     129.3802940723450945      0.0052631
     129.9846606895132481      0.0019485
     130.5890297423788411      0.0040305
     131.1934012308752528      0.0041744
     131.7977751552022880      0.0086238
     132.4021515152932977      0.0074975
     133.0065303110817467      0.0031672
     133.6109115426341702      0.0019799
     134.2152952099505967      0.0031151
     134.8196813130975897      0.0011452
     135.4240698520751209      0.0076864
     136.0284608268832756     -0.0019926
     136.6328542375219399      0.0009388
     137.2372500839911993      0.0014906
     137.8416483664241809     -0.0071075
     138.4460490847542644     -0.0115613
     139.0504522389149145     -0.0016913
     139.6548578289726947      0.0026989
     140.2592658550607041      0.0082597
     140.8636763170459005     -0.0028575
     141.4680892149947624      0.0139666
     142.0725045489073750      0.0078677
     142.6769223188502167     -0.0009381
     143.2813425247567523      0.0022895
     143.8857651666935737      0.0059021
     144.4901902447272164      0.0118312
     145.0946177587911166      0.0065641
     145.6990477088853027      0.0018786
     146.3034800951428736      0.0011895
     146.9079149174307304      0.0100734
     147.5123521758154084      0.0065813
     148.1167918703634996      0.0039754
     148.7212340010083835      0.0090827
     149.3256785678167091      0.0136433
     149.9301255708549832      0.0160932
     150.5345750100566704     -0.0014710
     151.1390268854883345     -0.0012511
     151.7434811970834119     -0.0179076
     152.3479379449083808      0.0075170
     152.9523971289634119     -0.0035637
     153.5568587493149266     -0.0079509
     154.1613228058964182      0.0031298
     154.7657892988410424      0.0003110
     155.3702582280155866      0.0079437
     155.9747295935532634      0.0032687
     156.5792033953874522      0.0091623
     157.1836796335847737      0.0000898
     157.7881583082117345     -0.0008230
     158.3926394191352642     -0.0125691
     158.9971229664884333     -0.0045435
     159.6016089502047350      0.0145433
     160.2060973703506761     -0.0022624
     160.8105882269263134      0.0015366
     161.4150815199981821     -0.0041373
     162.0195772494997186     -0.0003220
     162.6240754154974866      0.0015786
     163.2285760179914860     -0.0046526
     163.8330790570483089     -0.0099980
     164.4375845325347996      0.0018768
     165.0420924445840853     -0.0030951
     165.6466027931961946     -0.0039152
     166.2511155783710990     -0.0051406
     166.8556308001753621     -0.0107492
     167.4601484585424487     -0.0057639
     168.0646685534723304      0.0078723
     168.6691910850981344     -0.0059743
     169.2737160533533256     -0.0057772
     169.8782434582379040     -0.0062214
     170.4827732998184331      0.0054454
     171.0873055780948562     -0.0058502
     171.6918402930672585     -0.0140079
     172.2963774447355831      0.0053113
     172.9009170331663938      0.0053323
     173.5054590582931837      0.0175490
     174.1100035201824596      0.0057043
     174.7145504189007852      0.0063344
     175.3190997543816536     -0.0006284
     175.9236515266250365     -0.0040913
     176.5282057357640326     -0.0025238
     177.1327623817321069      0.0134200
     177.7373214645292592     -0.0010060
     178.3418829841554896     -0.0068408
     178.9464469406773617      0.0015860
     179.5510133340949039      0.0085739
     180.1555821644080311     -0.0042956
     180.7601534316168284      0.0043198
     181.3647271358543946      0.0030910
     181.9693032769876027     -0.0018501
     182.5738818550830160     -0.0092070
     183.1784628702072268     -0.0111884
     183.7830463222936430     -0.0040476
     184.3876322113422361     -0.0033747
     184.9922205374861903     -0.0084693
     185.5968113005923783      0.0013350
     186.2014045007938705      0.0129430
     186.8060001380907238      0.0040976
     187.4105982124163745     -0.0000406
     188.0151987239038931      0.0035554
     188.6198016724868012     -0.0007691
     189.2244070582315487     -0.0022432
     189.8290148810717142      0.0064038
     190.4336251410737475      0.0100111
     191.0382378382377340      0.0061247
     191.6428529726301520      0.0054223
     192.2474705441844947      0.0031751
     192.8520905529673257      0.0041095
     193.4567129989786167     -0.0036235
     194.0613378822183961      0.0017923
     194.6659652027532275      0.0038581
     195.2705949605165188     -0.0044453
     195.8752271556414541      0.0165858
     196.4798617880613847      0.0025901
     197.0844988577763957     -0.0033334
     197.6891383647864586     -0.0111092
     198.2937803092246725     -0.0055842
     198.8984246909579667      0.0018766
     199.5030715101194119      0.0080631
     200.1077207666424727     -0.0041365
     200.7123724605937412     -0.0094056
     201.3170265919065969      0.0068760
     201.9216831607807592      0.0122068
     202.5263421670165656      0.0099325
     203.1310036107470864     -0.0061558
     203.7356674919723503      0.0033393
     204.3403338106258218      0.0051109
     204.9450025668406283     -0.0060668
     205.5496737606166846     -0.0066521
     206.1543473918875407     -0.0030047
     206.7590234607196749      0.0024101
     207.3637019671131441      0.0037874
     207.9683829110679198     -0.0036709
     208.5730662927171579     -0.0085177
     209.1777521119277026     -0.0063579
     209.7824403687661174     -0.0090419
     210.3871310632324310     -0.0048530
     210.9918241953931783     -0.0093137
     211.5965197651818244     -0.0047497
     212.2012177726649043      0.0006485
     212.8059182179090101      0.0041585
     213.4106211008475498     -0.0024519
     214.0153264214805517     -0.0109479
     214.6200341799411433     -0.0087174
     215.2247443760961687     -0.0048337
     215.8294570100122201     -0.0016063
     216.4341720817558610     -0.0068376
     217.0388895912604994     -0.0095759
     217.6436095386593195     -0.0067378
     218.2483319238191086      0.0006810
     218.8530567468730794     -0.0014299
     219.4577840078212034     -0.0014238
     220.0625137065968886     -0.0066475
     220.6672458432667554     -0.0081833
     221.2719804178973106     -0.0066509
     221.8767174304220191     -0.0060761
     222.4814568809074729     -0.0033054
     223.0861987692870514      0.0004891
     223.6909430956939389     -0.0175490
     224.2956898600615432     -0.0071844
     224.9004390623898360      0.0078207
     225.5051907027454376      0.0010274
     226.1099447811948835     -0.0047078
     226.7147012976050746      0.0031291
     227.3194602521756451     -0.0072613
     227.9242216447069325     -0.0105256
     228.5289854753986845     -0.0065838
     229.1337517441842522     -0.0068510
     229.7385204509971004      0.0007576
     230.3432915960369485     -0.0046952
     230.9480651791706691     -0.0086939
     231.5528412005313612     -0.0044938
     232.1576196599858974     -0.0027002
     232.7624005576674335     -0.0023395
     233.3671838935093774     -0.0060699
     233.9719696677114769      0.0066760
     234.5767578800073920     -0.0069432
     235.1815485305968707     -0.0104765
     235.7863416194799129     -0.0054458
     236.3911371465899265     -0.0050800
     236.9959351119935036     -0.0062221
     237.6007355156906442     -0.0104152
     238.2055383577478835     -0.0010594
     238.8103436381652784     -0.0000505
     239.4151513568761800     -0.0084365
     240.0199615140138292     -0.0064090
     240.6247741095115487     -0.0059066
     241.2295891434359874     -0.0081286
     241.8344066157205248     -0.0068420
     242.4392265264318098      0.0022386
     243.0440488755697288      0.0068098
     243.6488736632009022     -0.0081881
     244.2537008892587949     -0.0139663
     244.8585305538099135     -0.0054482
     245.4633626569208786     -0.0006332
     246.0681971984585061     -0.0072303
     246.6730341786225722     -0.0002023
     247.2778735972798643      0.0066558
     247.8827154544969744     -0.0091573
     248.4875597502739026      0.0007490
     249.0924064846772410      0.0005476
     249.6972556576403974      0.0029765
     250.3021072692299356     -0.0044477
     250.9069613194458839     -0.0083845
     251.5118178082882139      0.0065528
     252.1166767358235177      0.0046111
     252.7215381021183305     -0.0000675
     253.3264019069729613     -0.0096285
     253.9312681505871296     -0.0107537
     254.5361368329608354     -0.0050645
     255.1410079539608944     -0.0095908
     255.7458815137870545     -0.0011732
     256.3507575123727520      0.0141384
     256.9556359497179869     -0.0020292
     257.5605168258893514     -0.0054210
     258.1654001408201680      0.0045524
     258.7702858946436777      0.0073198
     259.3751740872932601     -0.0012679
     259.9800647187689719     -0.0015763
     260.5849577891372633      0.0031665
     261.1898532983317409     -0.0034313
     261.7947512464854185     -0.0039377
     262.3996516334651687     -0.0039006
     263.0045544594707394      0.0057083
     263.6094597243689464     -0.0044984
     264.2143674282264101      0.0011561
     264.8192775710430737     -0.0104767
     265.4241901528855578      0.0037451
     266.0291051737538055      0.0021348
     266.6340226335813099     -0.0004694
     267.2389425324345780     -0.0029655
     267.8438648703136664     -0.0063717
     268.4487896472851389     -0.0068166
     269.0537168633488818     -0.0008700
     269.6586465185051225     -0.0012280
     270.2635786127535766      0.0056863
     270.8685131460945286     -0.0135078
     271.4734501185943145     -0.0104326
     272.0783895302530482      0.0144886
     272.6833313810707864     -0.0062215
     273.2882756710474155      0.0011052
     273.8932224001829354     -0.0029453
     274.4981715686105304     -0.0058508
     275.1031231761970730     -0.0070710
     275.7080772230090702     -0.0112193
     276.3130337091131992      0.0009246
     276.9179926344427827     -0.0027211
     277.5229539991310048      0.0048958
     278.1279178031113020     -0.0018341
     278.7328840463170536      0.0072034
     279.3378527288815008     -0.0041648
     279.9428238508045297     -0.0008769
     280.5477974120861973      0.0188264
     281.1527734127265035      0.0155412
     281.7577518527254483      0.0124957
     282.3627327321495954      0.0011069
     282.9677160509323812      0.0018842
     283.5727018092069329     -0.0034180
     284.1776900069066301      0.0045664
     284.7826806441647136      0.0024653
     285.3876737207814358     -0.0015377
     285.9926692368899239     -0.0027893
     286.5976671924901211      0.0028370
     287.2026675876486479      0.0032828
     287.8076704222989974     -0.0106992
     288.4126756965076765     -0.0022236
     289.0176834103412489     -0.0016514
     289.6226935636665871      0.0149012
     290.2277061566168186      0.0074065
     290.8327211892585069      0.0065808
     291.4377386613920180     -0.0022622
     292.0427585732169291     -0.0053547
     292.6477809246667903     -0.0028366
     293.2528057158080514      0.0016538
     293.8578329465742627      0.0123357
     294.4628626170984944     -0.0064253
     295.0678947273142398      0.0008191
     295.6729292772213853      0.0043268
     296.2779662668866081     -0.0039732
     296.8830056963098514      0.0044324
     297.4880475655576788     -0.0012954
     298.0930918744970199     -0.0019737
     298.6981386233275089      0.0009163
     299.3031878118494546      0.0086859
     299.9082394402625482      0.0014519
     300.5132935085668464      0.0043755
     301.1183500166292220     -0.0037210
     301.7234089646492521     -0.0021913
     302.3284703524939232      0.0065599
     302.9335341802297421      0.0133337
     303.5386004479898929      0.0039775
     304.1436691555746279     -0.0092143
     304.7487403031836948     -0.0074293
     305.3538138906839094     -0.0217631
     305.9588899181418924     -0.0074128
     306.5639683856240936     -0.0011979
     307.1690492931306835     -0.0113389
     307.7741326406615485      0.0022401
     308.3792184281501818      0.0130053
     308.9843066557296538     -0.0026643
     309.5893973233999645     -0.0016014
     310.1944904311611708      0.0036829
     310.7995859790132727     -0.0030401
     311.4046839669562701     -0.0006049
     312.0097843949900493      0.0153541
     312.6148872631814015      0.0052660
     313.2199925715300992     -0.0082577
     313.8251003200362561      0.0000673
     314.4302105086998154      0.0087698
     315.0353231375873975     -0.0095580
     315.6404382066990593     -0.0069023
     316.2455557160346871      0.0006281
     316.8506756655942240     -0.0129249
     317.4557980553778975     -0.0077824
     318.0609228855186643      0.0017131
     318.6660501558833971     -0.0014144
     319.2711798665387164     -0.0023869
     319.8763120174846790      0.0065280
     320.4814466087877349      0.0027841
     321.0865836404479410     -0.0105344
     321.6917231124652972      0.0049616
     322.2968650248397466      0.0070826
     322.9020093777045304      0.0045165
     323.5071561708598438      0.0081124
     324.1123054044388709     -0.0000884
     324.7174570785081755      0.0072606
     325.3226111929346303      0.0048799
     325.9277677479179260     -0.0038674
     326.5329267433249356      0.0023430
     327.1380881792222226     -0.0041443
     327.7432520556097870      0.0039161
     328.3484183725541925     -0.0093505
     328.9535871300554390     -0.0082306
     329.5587583280469630      0.0041351
     330.1639319666618917      0.0092239
     330.7691080458336614     -0.0176024
     331.3742865655622722      0.0014572
     331.9794675259142309     -0.0004401
     332.5846509268896511     -0.0110102
     333.1898367685550966     -0.0005136
     333.7950250508439467      0.0070308
     334.4002157737561447     -0.0078029
     335.0054089374249315     -0.0018225
     335.6106045417836867      0.0031220
     336.2158025868324103     -0.0039317
     336.8210030725711022     -0.0124670
     337.4262059991329465     -0.0097676
     338.0314113663847593     -0.0018590
     338.6366191743930472     -0.0042854
     339.2418294232245444      0.0041203
     339.8470421128790804     -0.0025237
     340.4522572432902052     -0.0028803
     341.0574748145909894     -0.0036307
     341.6626948267814328     -0.0003139
     342.2679172797284650     -0.0016118
     342.8731421736317770      0.0010589
     343.4783695083581279      0.0055282
     344.0835992839741380      0.0126889
     344.6888315005464847      0.0063626
     345.2940661580749975     -0.0074483
     345.8993032565597900      0.0009836
     346.5045427959342419      0.0032236
     347.1097847763315940     -0.0102560
     347.7150291977516758     -0.0038225
     348.3202760601945442     -0.0019462
     348.9255253635936924     -0.0048533
     349.5307771080822477     -0.0057588
     350.1360312935935895     -0.0005644
     350.7412879201277178      0.0071205
     351.3465469878178737      0.0069194
     351.9518084965973799     -0.0054237
     352.5570724464662362     -0.0110334
     353.1623388374244996      0.0017868
     353.7676076695386769      0.0008452
     354.3728789428754453      0.0010348
     354.9781526573681276      0.0087737
     355.5834288130167238     -0.0007025
     356.1887074098878543     -0.0036040
     356.7939884479149555      0.0038938
     357.3992719272310978     -0.0011046
     358.0045578477698314     -0.0031792
     358.6098462095309856     -0.0040612
     359.2151370125812946      0.0051081
     359.8204302569872084      0.0093093
     360.4257259426156565      0.0131096
     361.0310240696663300      0.0098376
     361.6363246379395378     -0.0025391
     362.2416276476349140      0.0037530
     362.8469330986193881     -0.0083996
     363.4522409910260876      0.0083024
     364.0575513248550124      0.0044807
     364.6628641000395987     -0.0046573
     365.2681793166463535      0.0065001
     365.8734969746753336      0.0078616
     366.4788170741931594      0.0012403
     367.0841396151997174      0.0111307
     367.6894645976950642      0.0048547
     368.2947920216126363      0.0097971
     368.9001218870855610     -0.0076566
     369.5054541940472745      0.0037852
     370.1107889425643407      0.0032455
     370.7161261326367594     -0.0035170
     371.3214657643310943      0.0039595
     371.9268078375142181      0.0120901
     372.5321523523858218      0.0020654
     373.1374993088127781     -0.0062647
     373.7428487069282710     -0.0019582
     374.3482005466655664     -0.0127171
     374.9535548280248918     -0.0036550
     375.5589115510726970      0.0092145
     376.1642707158089252      0.0087191
     376.7696323222336332     -0.0033191
     377.3749963704134416     -0.0021701
     377.9803628602817298      0.0072736
     378.5857317919050615      0.0103476
     379.1911031652834936      0.0035757
     379.7964769804835328     -0.0026176
     380.4018532374385586     -0.0043212
     381.0072319362152484      0.0001481
     381.6126130768136022      0.0059733
     382.2179966592335063      0.0032655
     382.8233826834750744     -0.0048133
     383.4287711496713769      0.0042837
     384.0341620576227228     -0.0053885
     384.6395554075288601     -0.0062191
     385.2449511993897886     -0.0004788
     385.8503494331387742      0.0041054
     386.4557501088426079     -0.0022242
     387.0611532265011761     -0.0113542
     387.6665587861145355     -0.0109397
     388.2719667876826861     -0.0076722
     388.8773772312720780      0.0059136
     389.4827901168162612     -0.0012577
     390.0882054444483060     -0.0005885
     390.6936232141016490      0.0040507
     391.2990434258429673      0.0092007
     391.9044660796720905      0.0130246
     392.5098911755891891      0.0140830
     393.1153187135275857      0.0101223
     393.7207486936203509      0.0236676
     394.3261811158677119      0.0160814
     394.9316159802694415      0.0173174
     395.5370532867590896      0.0112555
     396.1424930354697267      0.0176261
     396.7479352264014096      0.0175646
     397.3533798594875748     -0.0012625
     397.9588269347947858      0.0113130
     398.5642764523229289      0.0025858
     399.1697284122053588     -0.0032864
     399.7751828142421573      0.0022104
     400.3806396586331289      0.0021747
     400.9860989452451463     -0.0043958
     401.5915606742112800     -0.0009190
     402.1970248454650800     -0.0017538
     402.8024914590729963     -0.0043777
     403.4079605150350858     -0.0086106
     404.0134320133512915      0.0036718
     404.6189059540882340      0.0071307
     405.2243823372459701      0.0070814
     405.8298611627577657      0.0128855
     406.4353424306904117      0.0039212
     407.0408261410436808      0.0020758
     407.6463122938843071      0.0133691
     408.2518008892121770      0.0051874
     408.8572919270274042      0.0121575
     409.4627854073298749      0.0147917
     410.0682813301196461      0.0124234
     410.6737796954632813     -0.0007986
     411.2792805033607806      0.0054978
     411.8847837538121439     -0.0044558
     412.4902894468839349     -0.0002578
     413.0957975824430264     -0.0090873
     413.7013081606891092     -0.0045719
     414.3068211814890560     -0.0120268
     414.9123366449759942     -0.0095865
     415.5178545510833601     -0.0161730
     416.1233748998777742     -0.0049136
     416.7288976912925023     -0.0019902
     417.3344229254608990     -0.0148875
     417.9399506023162303     -0.0021622
     418.5454807219251734     -0.0030619
     419.1510132842210510      0.0092563
     419.7565482892705404     -0.0059913
     420.3620857371401485      0.0012590
     420.9676256276967479      0.0084223
     421.5731679611400295      0.0231126
     422.1787127373369231     -0.0026803
     422.7842599563539352     -0.0066168
     423.3898096182576296      0.0080864
     423.9953617229814427      0.0019277
     424.6009162706585585      0.0053640
     425.2064732610892293      0.0066190
     425.8120326944730891     -0.0026468
     426.4175945708103086     -0.0085898
     427.0231588900342103     -0.0058830
     427.6287256522113580      0.0009783
     428.2342948573418084      0.0072141
     428.8398665054255048      0.0067799
     429.4454405965290107     -0.0077602
     430.0510171306523262      0.0002087
     430.6565961077955080     -0.0024924
     431.2621775279584995     -0.0149283
     431.8677613911413573      0.0032215
     432.4733476974105884     -0.0145889
     433.0789364466996858      0.0002403
     433.6845276391417201      0.0062395
     434.2901212746701844     -0.0052827
     434.8957173532850220     -0.0023217
     435.5013158751194169     -0.0076935
     436.1069168400401850      0.0078679
     436.7125202481139468      0.0075620
     437.3181260994737727     -0.0057633
     437.9237343939200287     -0.0044151
     438.5293451315858420     -0.0033026
     439.1349583125377194      0.0064651
     439.7405739366425337     -0.0030203
     440.3461920041000894     -0.0047416
     440.9518125147771457      0.0052853
     441.5574354686737024     -0.0029360
     442.1630608659230006     -0.0103959
     442.7686887065249266     -0.0007308
     443.3743189904795372     -0.0038637
     443.9799517177202688     -0.0129183
     444.5855868883135713     -0.0061859
     445.1912245022596153     -0.0136718
     445.7968645596249075     -0.0145795
     446.4025070603428844     -0.0044600
     447.0081520045466164     -0.0008072
     447.6137993921696534     -0.0043208
     448.2194492232118250      0.0006058
     448.8251014977398654     -0.0059779
     449.4307562156871541     -0.0067782
     450.0364133772533251      0.0015885
     450.6420729822388012     -0.0050254
     451.2477350307099755     -0.0055465
     451.8533995227336391     -0.0162978
     452.4590664583096213     -0.0117814
     453.0647358375045428     -0.0025071
     453.6704076602518398     -0.0120817
     454.2760819265515124     -0.0165811
     454.8817586364701242     -0.0140625
     455.4874377900076752     -0.0099500
     456.0931193872972358     -0.0083048
     456.6988034281392288      0.0067707
     457.3044899126667246     -0.0169883
     457.9101788408797802     -0.0243815
     458.5158702127782817     -0.0108948
     459.1215640283622861     -0.0173689
     459.7272602876983569     -0.0139954
     460.3329589907864943     -0.0175227
     460.9386601376267549     -0.0028244
     461.5443637282190821     -0.0063859
     462.1500697626299825     -0.0061336
     462.7557782408595699     -0.0071392
     463.3614891629078443     -0.0247284
     463.9672025287080714     -0.0143691
     464.5729183383936061     -0.0085231
     465.1786365919643345     -0.0130899
     465.7843572894201998     -0.0153846
     466.3900804306948089     -0.0146135
     466.9958060159211186     -0.0026453
     467.6015340450326789     -0.0214014
     468.2072645181625603     -0.0208945
     468.8129974351776923     -0.0140798
     469.4187327962110885     -0.0136576
     470.0244706011297353     -0.0243900
     470.6302108501332668     -0.0173533
     471.2359535430886126     -0.0112977
     471.8416986800623363     -0.0116139
     472.4474462611208310     -0.0154832
     473.0531962861978172     -0.0170299
     473.6589487552930109     -0.0180891
     474.2647036685398234     -0.0292969
     474.8704610258714638     -0.0270627
     475.4762208273546094     -0.0179671
     476.0819830729226396     -0.0213289
     476.6877477626421182     -0.0168015
     477.2935148965131589     -0.0191097
     477.8992844745355342     -0.0190376
     478.5050564967760920     -0.0308732
     479.1108309631680413     -0.0148128
     479.7166078737781163     -0.0067280
     480.3223872286727669     -0.0210242
     480.9281690277854295     -0.0207209
     481.5339532711827246     -0.0224827
     482.1397399588646522     -0.0107157
     482.7455290907646486     -0.0285151
     483.3513206670157274     -0.0238676
     483.9571146875514955     -0.0239132
     484.5629111524384598     -0.0156413
     485.1687100616765065     -0.0223822
     485.7745114152658061     -0.0264309
     486.3803152132728087     -0.0215838
     486.9861214556310642     -0.0255501
     487.5919301424070227     -0.0347298
     488.1977412736672477     -0.0308142
     488.8035548492787257     -0.0306170
