Scan:    833 2MASSJ00413+2816 2015-11-01 +04 22 13.0
         OPTICAL                 Tb    
        km/s-LSR                 XX
    -522.5355616959085410      0.0141122
    -521.9338000087806222     -0.0072607
    -521.3320359016651082     -0.0017435
    -520.7302693745622264     -0.0158385
    -520.1285004273718187     -0.0068020
    -519.5267290601273089     -0.0042074
    -518.9249552728286972     -0.0142313
    -518.3231790655091800      0.0066363
    -517.7214004380025472     -0.0014187
    -517.1196193904085021     -0.0141500
    -516.5178359227602414     -0.0094945
    -515.9160500348915548     -0.0133624
    -515.3142617268688355     -0.0256887
    -514.7124709986921971     -0.0140223
    -514.1106778503948362      0.0038577
    -513.5088822818103154     -0.0027747
    -512.9070842930386789      0.0009877
    -512.3052838840796994     -0.0135441
    -511.7034810548669270     -0.0039119
    -511.1016758053336844     -0.0113996
    -510.4998681355800159     -0.0053548
    -509.8980580455725544     -0.0259620
    -509.2962455352113693     -0.0123175
    -508.6944306045298276     -0.0079525
    -508.0926132535944362     -0.0059137
    -507.4907934822388142     -0.0144215
    -506.8889712905295255     -0.0047368
    -506.2871466784665699     -0.0166095
    -505.6853196460166942     -0.0103708
    -505.0834901931465879      0.0098845
    -504.4816583198895046     -0.0018386
    -503.8798240262121340      0.0143519
    -503.2779873120480261      0.0042861
    -502.6761481774303775      0.0002318
    -502.0743066223259916      0.0030270
    -501.4724626467680082     -0.0035992
    -500.8706162506899773     -0.0005641
    -500.2687674340585318      0.0071803
    -499.6669161969736024      0.0051377
    -499.0650625392687516     -0.0190156
    -498.4632064610104862      0.0126633
    -497.8613479621989200     -0.0136797
    -497.2594870427673186     -0.0196974
    -496.6576237027491629     -0.0044279
    -496.0557579420777188      0.0070557
    -495.4538897608196066     -0.0051275
    -494.8520191588750663      0.0010832
    -494.2501461362772375     -0.0004989
    -493.6482706930261770      0.0060134
    -493.0463928290554350     -0.0142296
    -492.4445125443315305      0.0109011
    -491.8426298389211411      0.0054520
    -491.2407447128242097      0.0011029
    -490.6388571659077229      0.0080472
    -490.0369671982381305      0.0038891
    -489.4350748098154327     -0.0040925
    -488.8331800005398691     -0.0013889
    -488.2312827704778897      0.0003180
    -487.6293831195962980     -0.0044741
    -487.0274810478950940      0.0033365
    -486.4255765553076571     -0.0042224
    -485.8236696418339875      0.0065113
    -485.2217603075407055      0.0078594
    -484.6198485522946839      0.0012922
    -484.0179343761624295     -0.0088651
    -483.4160177790773218     -0.0001616
    -482.8140987610728416     -0.0096885
    -482.2121773220822547     -0.0103462
    -481.6102534621389282     -0.0023571
    -481.0083271812427483      0.0015538
    -480.4063984792940118      0.0033391
    -479.8044673563259153     -0.0106192
    -479.2025338123384586     -0.0065411
    -478.6005978473316986      0.0032988
    -477.9986594612390718     -0.0064575
    -477.3967186540604644     -0.0043061
    -476.7947754258624968     -0.0157137
    -476.1928297765120988     -0.0141883
    -475.5908817060092133     -0.0075151
    -474.9889312143872075     -0.0041619
    -474.3869783016791644      0.0061183
    -473.7850229677521270      0.0056326
    -473.1830652126393488      0.0034557
    -472.5811050364073367     -0.0034503
    -471.9791424389230770     -0.0017010
    -471.3771774201864559      0.0018124
    -470.7752099802307839     -0.0036334
    -470.1732401190893711     -0.0101594
    -469.5712678365957800      0.0073548
    -468.9692931328497707      0.0132759
    -468.3673160078848241      0.0009723
    -467.7653364615343889     -0.0173027
    -467.1633544938650289     -0.0025454
    -466.5613701048436042      0.0001547
    -465.9593832945364511     -0.0200227
    -465.3573940628105561     -0.0095213
    -464.7554024096992293     -0.0107904
    -464.1534083352357243     -0.0061805
    -463.5514118393202239      0.0117842
    -462.9494129219859246     -0.0030951
    -462.3474115831996301      0.0178456
    -461.7454078230278469      0.0084589
    -461.1434016413375048     -0.0129867
    -460.5413930381285468     -0.0010832
    -459.9393820135008468      0.0008859
    -459.3373685673212776      0.0040411
    -458.7353526995897823      0.0026488
    -458.1333344103730383      0.0135777
    -457.5313136995378045     -0.0224991
    -456.9292905671507583     -0.0105337
    -456.3272650131784758     -0.0065856
    -455.7252370376543240      0.0023988
    -455.1232066404451757     -0.0023935
    -454.5211738216175377     -0.0052185
    -453.9191385812048338      0.0183917
    -453.3171009191070198     -0.0096302
    -452.7150608352910126     -0.0031258
    -452.1130183297898384     -0.0049753
    -451.5109734026703450      0.0000716
    -450.9089260537659243     -0.0104130
    -450.3068762831099434     -0.0172552
    -449.7048240908022763      0.0008412
    -449.1027694766431182     -0.0016291
    -448.5007124407324000     -0.0040408
    -447.8986529830035010      0.0041444
    -447.2965911035563522      0.0062776
    -446.6945268021912057     -0.0034224
    -446.0924600790411318     -0.0093146
    -445.4903909340729342      0.0010721
    -444.8883193671867957      0.0048928
    -444.2862453784159129      0.0024252
    -443.6841689677602858     -0.0073114
    -443.0820901352532815      0.0008855
    -442.4800088807949123      0.0026374
    -441.8779252043852921     -0.0014372
    -441.2758391060577310      0.0010449
    -440.6737505857122414      0.0118825
    -440.0716596434155008      0.0155251
    -439.4695662791008886      0.0140668
    -438.8674704928350252      0.0137799
    -438.2653722844847266     -0.0105497
    -437.6632716541165564      0.0114288
    -437.0611686017306283     -0.0035854
    -436.4590631272268979      0.0116678
    -435.8569552306387891      0.0073946
    -435.2548449119662450     -0.0012454
    -434.6527321712093226      0.0018204
    -434.0506170083013444     -0.0102714
    -433.4484994232424810      0.0037613
    -432.8463794160658722      0.0139516
    -432.2442569866716440      0.0117688
    -431.6421321350932203     -0.0073233
    -431.0400048613305444      0.0097386
    -430.4378751654168695     -0.0092090
    -429.8357430471857583     -0.0019611
    -429.2336085067370846     -0.0031031
    -428.6314715440708483     -0.0103605
    -428.0293321590872893      0.0011394
    -427.4271903518195472      0.0114540
    -426.8250461222344256     -0.0046563
    -426.2228994703984881      0.0032974
    -425.6207503961785505      0.0061473
    -425.0185988996079232      0.0063635
    -424.4164449807198594      0.0060748
    -423.8142886394146558     -0.0141725
    -423.2121298757253953      0.0015313
    -422.6099686896188814     -0.0065584
    -422.0078050811616777      0.0027657
    -421.4056390502206568     -0.0041300
    -420.8034705968291291     -0.0080712
    -420.2012997210203480     -0.0033395
    -419.5991264226611293     -0.0116323
    -418.9969507018514037      0.0072846
    -418.3947725585245507     -0.0007525
    -417.7925919927139375      0.0026303
    -417.1904090043195765     -0.0036472
    -416.5882235933748916      0.0000742
    -415.9860357599130225      0.0025130
    -415.3838455038343227     -0.0039533
    -414.7816528251385080     -0.0102747
    -414.1794577239256796     -0.0014368
    -413.5772601999960330      0.0100377
    -412.9750602534494988     -0.0110098
    -412.3728578842525963     -0.0140766
    -411.7706530924388062     -0.0024618
    -411.1684458778749445      0.0224513
    -410.5662362406275179      0.0048671
    -409.9640241807298935     -0.0088297
    -409.3618096980488872     -0.0201033
    -408.7595927926177524     -0.0073990
    -408.1573734644365459     -0.0001862
    -407.5551517135385780     -0.0030776
    -406.9529275397905508      0.0120275
    -406.3507009432593122      0.0217225
    -405.7484719239778315      0.0006930
    -405.1462404818132086     -0.0047122
    -404.5440066167986402      0.0251433
    -403.9417703289008159      0.0104385
    -403.3395316182196098      0.0073506
    -402.7372904845886410      0.0078510
    -402.1350469280411630      0.0147570
    -401.5328009486436827      0.0035642
    -400.9305525462964965     -0.0079930
    -400.3283017209662376     -0.0133154
    -399.7260484726861591     -0.0001197
    -399.1237928014562613      0.0206151
    -398.5215347072100371      0.0066919
    -397.9192741899806833      0.0091203
    -397.3170112497683135      0.0003961
    -396.7147458864396867     -0.0111883
    -396.1124781000947337     -0.0093612
    -395.5102078907001442     -0.0126846
    -394.9079352582558613      0.0003385
    -394.3056602026953783      0.0062894
    -393.7033827239854986      0.0056663
    -393.1011028222591221      0.0050764
    -392.4988204973167853     -0.0055069
    -391.8965357492248813     -0.0093574
    -391.2942485779835238     -0.0007331
    -390.6919589835927127      0.0021376
    -390.0896669659525173     -0.0052456
    -389.4873725251295014      0.0060010
    -388.8850756611237216      0.0036013
    -388.2827763738353610      0.0052209
    -387.6804746632975593     -0.0138951
    -387.0781705294772337     -0.0095483
    -386.4758639724408340     -0.0014076
    -385.8735549920219228      0.0008619
    -385.2712435883536841      0.0027665
    -384.6689297613694976      0.0027181
    -384.0666135110028563     -0.0030108
    -383.4642948372870705     -0.0015667
    -382.8619737401887164     -0.0075472
    -382.2596502197744712     -0.0077386
    -381.6573242759112077     -0.0001374
    -381.0549959085988689     -0.0091763
    -380.4526651179373289      0.0006058
    -379.8503319037935171      0.0027843
    -379.2479962662006301      0.0087468
    -378.6456582050920474      0.0118083
    -378.0433177206011237      0.0075180
    -377.4409748125278838      0.0012140
    -376.8386294809391188     -0.0088763
    -376.2362817258680252      0.0155483
    -375.6339315472146723     -0.0044629
    -375.0315789450124839      0.0101939
    -374.4292239192613465     -0.0078356
    -373.8268664698948101     -0.0054520
    -373.2245065969128177     -0.0022036
    -372.6221443002820024     -0.0018566
    -372.0197795801022949      0.0083741
    -371.4174124362406246     -0.0064686
    -370.8150428686968780      0.0122936
    -370.2126708775376756      0.0048029
    -369.6102964626298899     -0.0023380
    -369.0079196240067176     -0.0100341
    -368.4055403616682725     -0.0140687
    -367.8031586756478077      0.0003961
    -367.2007745658454496      0.0047324
    -366.5983880322611981     -0.0050246
    -365.9959990749616168     -0.0058848
    -365.3936076937803250      0.0133905
    -364.7912138888171967     -0.0060578
    -364.1888176600388078     -0.0026376
    -363.5864190074786393      0.0002262
    -362.9840179310033363     -0.0018907
    -362.3816144306796332     -0.0021295
    -361.7792085065075298      0.0039785
    -361.1768001583870387      0.0044430
    -360.5743893863515837      0.0099938
    -359.9719761904011079      0.0029485
    -359.3695605705689218      0.0020642
    -358.7671425267218410     -0.0244034
    -358.1647220588931191     -0.0059941
    -357.5622991671494333      0.0110994
    -356.9598738513575427     -0.0085747
    -356.3574461115508711     -0.0015126
    -355.7550159477293050     -0.0009692
    -355.1525833598928443     -0.0025321
    -354.5501483479749254      0.0001042
    -353.9477109119422948      0.0056575
    -353.3452710519281368      0.0135314
    -352.7428287677326466      0.0035752
    -352.1403840594224448      0.0033071
    -351.5379369269974745     -0.0024363
    -350.9354873704578495      0.0055468
    -350.3330353897036389     -0.0094334
    -349.7305809848014064     -0.0085678
    -349.1281241557512089     -0.0008763
    -348.5256649024531157      0.0084616
    -347.9232032249404369      0.0073621
    -347.3207391231799761      0.0092064
    -346.7182725972381832     -0.0034800
    -346.1158036469486774     -0.0012693
    -345.5133322724113327     -0.0098088
    -344.9108584736594025     -0.0117254
    -344.3083822505264493      0.0059957
    -343.7059036030458401      0.0052075
    -343.1034225312840817     -0.0014264
    -342.5009390351746106      0.0154659
    -341.8984531146842301      0.0142624
    -341.2959647698127696      0.0095907
    -340.6934740005935964      0.0051517
    -340.0909808068935831     -0.0003309
    -339.4884851888126036      0.0145322
    -338.8859871462507840     -0.0019725
    -338.2834866793079982     -0.0030706
    -337.6809837878510621      0.0131721
    -337.0784784719133427      0.0046314
    -336.4759707315279798     -0.0073111
    -335.8734605665952699     -0.0101793
    -335.2709479771150995      0.0019235
    -334.6684329631540891     -0.0038769
    -334.0659155246124215      0.0076297
    -333.4633956614900399      0.0076836
    -332.8608733737537477      0.0120638
    -332.2583486615032484      0.0050636
    -331.6558215245722749      0.0134403
    -331.0532919630272772      0.0127990
    -330.4507599768683122      0.0079739
    -329.8482255660288160      0.0125970
    -329.2456887305087889     -0.0025878
    -328.6431494703082308      0.0005686
    -328.0406077854270848      0.0072972
    -327.4380636757988441      0.0087444
    -326.8355171414567621      0.0084465
    -326.2329681824008389     -0.0091736
    -325.6304167985646245      0.0081780
    -325.0278629899146381     -0.0161071
    -324.4253067565175570      0.0002894
    -323.8227480983401279      0.0102183
    -323.2201870152824199      0.0052423
    -322.6176235074110537     -0.0077637
    -322.0150575747592256     -0.0026941
    -321.4124892171939791      0.0099013
    -320.8099184347151436      0.0100609
    -320.2073452273892826      0.0043479
    -319.6047695951833134     -0.0010210
    -319.0021915379971347     -0.0063828
    -318.3996110558974806     -0.0185444
    -317.7970281488842943     -0.0127637
    -317.1944428168910690      0.0094859
    -316.5918550598843808     -0.0014459
    -315.9892648778976536     -0.0055187
    -315.3866722709307737     -0.0053219
    -314.7840772389172912     -0.0082235
    -314.1814797818570923     -0.0000678
    -313.5788798998167977      0.0106994
    -312.9762775926300833      0.0118674
    -312.3736728603633424      0.0109916
    -311.7710657030166317     -0.0026327
    -311.1684561205900650     -0.0049252
    -310.5658441130169081      0.0058069
    -309.9632296802972746      0.0075215
    -309.3606128224643612      0.0055304
    -308.7579935394184076     -0.0071256
    -308.1553718311594139      0.0084424
    -307.5527476977205197      0.0042003
    -306.9501211391352058     -0.0125588
    -306.3474921552701744     -0.0007980
    -305.7448607461587926     -0.0050016
    -305.1422269118343706      0.0080765
    -304.5395906521970346      0.0073580
    -303.9369519672467277      0.0079080
    -303.3343108570167601     -0.0064668
    -302.7316673215404990      0.0073527
    -302.1290213606513362      0.0063605
    -301.5263729744493162     -0.0061272
    -300.9237221629343821      0.0046769
    -300.3210689259732931     -0.0038890
    -299.7184132636327831     -0.0048904
    -299.1157551758795421     -0.0041344
    -298.5130946627800199     -0.0060424
    -297.9104317241678359     -0.0008141
    -297.3077663601428640      0.0138749
    -296.7050985706718507      0.0239043
    -296.1024283557215426      0.0066540
    -295.4997557152252625     -0.0108102
    -294.8970806493161945      0.0076414
    -294.2944031578279009     -0.0055990
    -293.6917232407937490     -0.0147387
    -293.0890408982136819     -0.0166507
    -292.4863561301209529     -0.0177652
    -291.8836689363824348     -0.0045267
    -291.2809793170647481      0.0065534
    -290.6782872722011462     -0.0040511
    -290.0755928016585017     -0.0024863
    -289.4728959054700681      0.0038114
    -288.8701965836358454     -0.0185725
    -288.2674948361892007      0.0033459
    -287.6647906629968929     -0.0063704
    -287.0620840641255427     -0.0144389
    -286.4593750395750931     -0.0072061
    -285.8566635892458407      0.0192495
    -285.2539497132041788      0.0337764
    -284.6512334113836573     -0.0055824
    -284.0485146838507262      0.0108165
    -283.4457935305056822     -0.0004640
    -282.8430699513484115     -0.0006093
    -282.2403439464122812     -0.0026479
    -281.6376155155974175      0.0040088
    -281.0348846589702703      0.0125628
    -280.4321513764643896      0.0170935
    -279.8294156681463960     -0.0041768
    -279.2266775338829916     -0.0078925
    -278.6239369737076572      0.0020248
    -278.0211939876867859     -0.0013505
    -277.4184485756873073     -0.0032329
    -276.8157007377425316      0.0198634
    -276.2129504738190917     -0.0012470
    -275.6101977839837218     -0.0110635
    -275.0074426681030673      0.0065947
    -274.4046851262439191      0.0136637
    -273.8019251583727964      0.0019981
    -273.1991627644565028      0.0116913
    -272.5963979444950951      0.0188469
    -271.9936306984552061     -0.0016092
    -271.3908610263701462      0.0066563
    -270.7880889281733516      0.0061020
    -270.1853144038647656      0.0060912
    -269.5825374534778121      0.0154535
    -268.9797580769125034      0.0066423
    -268.3769762742021499      0.0014086
    -267.7741920453135549     -0.0010648
    -267.1714053902798582      0.0049636
    -266.5686163090346099      0.0091049
    -265.9658248015777531     -0.0036324
    -265.3630308679425980     -0.0081487
    -264.7602345079960742     -0.0050624
    -264.1574357218378850     -0.0005616
    -263.5546345093682703      0.0014513
    -262.9518308706870471     -0.0028440
    -262.3490248056943983      0.0127787
    -261.7462163143570137      0.0041679
    -261.1434053967415139      0.0085562
    -260.5405920527479680      0.0028000
    -259.9377762823764328     -0.0019790
    -259.3349580856601619      0.0021977
    -258.7321374625991552      0.0203715
    -258.1293144130935957      0.0110874
    -257.5264889371434265     -0.0000247
    -256.9236610348485783     -0.0002916
    -256.3208307060758102      0.0166291
    -255.7179979507919541      0.0048626
    -255.1151627690967985     -0.0056212
    -254.5123251609237514     -0.0039992
    -253.9094851262063059     -0.0043816
    -253.3066426649777156     -0.0185419
    -252.7037977772712907     -0.0222936
    -252.1009504629538185      0.0011969
    -251.4981007220919480      0.0067933
    -250.8952485547189042     -0.0117018
    -250.2923939606683632      0.0002680
    -249.6895369400400568      0.0049996
    -249.0866774928007885     -0.0032953
    -248.4838156189505014     -0.0113748
    -247.8809513184226603     -0.0097912
    -247.2780845912172936     -0.0172182
    -246.6752154374008796     -0.0213316
    -246.0723438568403765     -0.0119842
    -245.4694698495690091      0.0081563
    -244.8665934155867774     -0.0028393
    -244.2637145548937383      0.0023224
    -243.6608332674232713     -0.0061939
    -243.0579495531754048     -0.0110095
    -242.4550634121833639      0.0048600
    -241.8521748443806700     -0.0127295
    -241.2492838497339847     -0.0113220
    -240.6463904282766180     -0.0089464
    -240.0434945800418234     -0.0082908
    -239.4405963048965020      0.0012998
    -238.8376956028739073      0.0000955
    -238.2347924740405745      0.0039899
    -237.6318869182634614     -0.0061712
    -237.0289789355424830     -0.0094148
    -236.4260685259109778     -0.0038848
    -235.8231556894022276      0.0006457
    -235.2202404258497666      0.0144664
    -234.6173227353535253      0.0149245
    -234.0144026179466721      0.0059359
    -233.4114800734628830      0.0004493
    -232.8085551019354398     -0.0013284
    -232.2056277034308209     -0.0192922
    -231.6026978779158298     -0.0022232
    -230.9997656252906211      0.0042624
    -230.3968309455884196      0.0137996
    -229.7938938388425356     -0.0179009
    -229.1909543049531237     -0.0193481
    -228.5880123439201839     -0.0248161
    -227.9850679557769979     -0.0257547
    -227.3821211405568476     -0.0122709
    -226.7791718980932956     -0.0034400
    -226.1762202284862155     -0.0093099
    -225.5732661317356360      0.0050936
    -224.9703096077083728      0.0057622
    -224.3673506564710181     -0.0041057
    -223.7643892779902330     -0.0008007
    -223.1614254723326951     -0.0113381
    -222.5584592393318530      0.0110143
    -221.9554905790876944     -0.0090622
    -221.3525194915668521     -0.0142457
    -220.7495459767027342     -0.0178506
    -220.1465700345287075     -0.0066801
    -219.5435916650114621      0.0053205
    -218.9406108681842227      0.0056716
    -218.3376276439472008      0.0072961
    -217.7346419923336782     -0.0172836
    -217.1316539133435981      0.0003996
    -216.5286634069437355      0.0067413
    -215.9256704730674983     -0.0042107
    -215.3226751117814786     -0.0149525
    -214.7196773230856479      0.0023145
    -214.1166771068801324     -0.0082994
    -213.5136744631983277     -0.0044273
    -212.9106693920400915     -0.0205219
    -212.3076618933389170      0.0170525
    -211.7046519670948328      0.0146860
    -211.1016396133743740      0.0110120
    -210.4986248320444133      0.0079690
    -209.8956076231382042      0.0160094
    -209.2925879866558319      0.0028236
    -208.6895659225971826      0.0065986
    -208.0865414308957781      0.0019789
    -207.4835145115515616      0.0010272
    -206.8804851646311533     -0.0034500
    -206.2774533900013694      0.0041377
    -205.6744191876622381     -0.0136724
    -205.0713825576803231     -0.0016559
    -204.4683435000223710     -0.0087580
    -203.8653020145884796     -0.0098766
    -203.2622581014451839     -0.0052165
    -202.6592117605925978      0.0006161
    -202.0561629918974518     -0.0011261
    -201.4531117954597335     -0.0000024
    -200.8500581712460473      0.0049885
    -200.2470021192564786      0.0039631
    -199.6439436393911251     -0.0157426
    -199.0408827316832969      0.0027757
    -198.4378193961995009      0.0148045
    -197.8347536327734133     -0.0142077
    -197.2316854415048226      0.0029014
    -196.6286148223271653     -0.0075447
    -196.0255417752737515     -0.0010450
    -195.4224663002446789     -0.0047039
    -194.8193883973065681     -0.0200608
    -194.2163080664594190     -0.0146858
    -193.6132253075700760      0.0065277
    -193.0101401207383560      0.0005074
    -192.4070525058644989     -0.0088401
    -191.8039624630482649      0.0000321
    -191.2008699921898653     -0.0061203
    -190.5977750932559616     -0.0089588
    -189.9946777663131741     -0.0077373
    -189.3915780112616289      0.0039800
    -188.7884758281346080      0.0009237
    -188.1853712168988011      0.0084257
    -187.5822641775875468      0.0050868
    -186.9791547101009712     -0.0158520
    -186.3760428144723278     -0.0035981
    -185.7729284907682370     -0.0034626
    -185.1698117387889511      0.0011163
    -184.5666925586676541      0.0033256
    -183.9635709503044438     -0.0041907
    -183.3604469137991941     -0.0121601
    -182.7573204490187777     -0.0128734
    -182.1541915559964195      0.0007138
    -181.5510602347322333     -0.0048155
    -180.9479264851595417     -0.0013088
    -180.3447903073116834     -0.0153865
    -179.7416517011553765      0.0029796
    -179.1385106667238745      0.0129898
    -178.5353672038840784      0.0009159
    -177.9322213127358339      0.0172056
    -177.3290729932458589      0.0013645
    -176.7259222453475331      0.0015591
    -176.1227690690408849     -0.0016078
    -175.5196134643259711     -0.0004876
    -174.9164554312692701      0.0057306
    -174.3132949697044296      0.0026457
    -173.7101320796647315      0.0067841
    -173.1069667612499927     -0.0062211
    -172.5037990142938042     -0.0079891
    -171.9006288388294479      0.0136618
    -171.2974562349235157      0.0065549
    -170.6942812024095417      0.0103800
    -170.0911037413873999     -0.0003862
    -169.4879238517905549     -0.0040643
    -168.8847415337188238     -0.0072855
    -168.2815567869725442     -0.0033423
    -167.6783696116515046     -0.0003420
    -167.0751800077557334     -0.0019386
    -166.4719879751521034      0.0068193
    -165.8687935139404317      0.0215917
    -165.2655966240875216      0.0036160
    -164.6623973055932595      0.0030420
    -164.0591955583578567     -0.0023527
    -163.4559913824479054      0.0262228
    -162.8527847778300952      0.0241953
    -162.2495757444711160      0.0136386
    -161.6463642823377143      0.0031462
    -161.0431503914631719      0.0190886
    -160.4399340718807423      0.0062321
    -159.8367153234240163      0.0247244
    -159.2334941461929247      0.0048118
    -158.6302705401873254     -0.0016121
    -158.0270445052742048      0.0024381
    -157.4238160415533514     -0.0019978
    -156.8205851489582585      0.0159833
    -156.2173518275221227      0.0134149
    -155.6141160771451553      0.0023535
    -155.0108778978606381     -0.0012710
    -154.4076372897350780      0.0032547
    -153.8043942526021226      0.0148388
    -153.2011487865283357      0.0114707
    -152.5979008914803785      0.0075822
    -151.9946505674915898      0.0018578
    -151.3913978144621240      0.0114207
    -150.7881426324585163      0.0085590
    -150.1848850214474567      0.0058506
    -149.5816249813624665     -0.0107006
    -148.9783625122367425      0.0020422
    -148.3750976140037494     -0.0098638
    -147.7718302867633327     -0.0129385
    -147.1685605303824218      0.0112600
    -146.5652883448941850     -0.0083165
    -145.9620137303319609      0.0072990
    -145.3587366865626507      0.0036814
    -144.7554572136527895     -0.0011069
    -144.1521753115690672      0.0036416
    -143.5488909803448223      0.0063671
    -142.9456042198468708     -0.0074472
    -142.3423150301750866      0.0010467
    -141.7390234112961878      0.0029471
    -141.1357293631435823     -0.0147686
    -140.5324328857506089     -0.0171202
    -139.9291339790506470      0.0109246
    -139.3258326431103171      0.0078195
    -138.7225288778296886     -0.0053635
    -138.1192226832421284     -0.0097873
    -137.5159140593808615     -0.0056233
    -136.9126030061127608      0.0050064
    -136.3092895234711079     -0.0031079
    -135.7059736114559598     -0.0051009
    -135.1026552701005414      0.0134515
    -134.4993344993050357      0.0093254
    -133.8960112991027245      0.0111751
    -133.2926856694935509      0.0101236
    -132.6893576103777264     -0.0119253
    -132.0860271218217576     -0.0053949
    -131.4826942037591664      0.0081777
    -130.8793588562897412      0.0142333
    -130.2760210792471014     -0.0018659
    -129.6726808726644720     -0.0117261
    -129.0693382366084450      0.0093563
    -128.4659931709459215     -0.0086188
    -127.8626456757434511     -0.0048381
    -127.2592957510010052      0.0100765
    -126.6559433965854851     -0.0102456
    -126.0525886125967077      0.0083135
    -125.4492313989348560     -0.0014988
    -124.8458717557330431      0.0015075
    -124.2425096827915780     -0.0105242
    -123.6391451802102921      0.0045536
    -123.0357782479892137      0.0111635
    -122.4324088859952013      0.0069146
    -121.8290370943280863      0.0024299
    -121.2256628728880514      0.0189216
    -120.6222862217748997      0.0179846
    -120.0189071408555321      0.0099181
    -119.4155256301965125      0.0218815
    -118.8121416897645588      0.0210025
    -118.2087553194930791      0.0045594
    -117.6053665193821018      0.0196305
    -117.0019752894648946      0.0072430
    -116.3985816297414857      0.0103847
    -115.7951855401452690      0.0132483
    -115.1917870206429626     -0.0009871
    -114.5883860713011728      0.0094082
    -113.9849826919867297     -0.0038673
    -113.3815768827994930      0.0086037
    -112.7781686436396171      0.0169971
    -112.1747579746069476      0.0103794
    -111.5713448755683572     -0.0006597
    -110.9679293465238317      0.0106373
    -110.3645113875399488      0.0060825
    -109.7610909985168632      0.0089458
    -109.1576681794878567      0.0088873
    -108.5542429303863514      0.0218774
    -107.9508152513122070      0.0189072
    -107.3473851420989860      0.0094576
    -106.7439526028132804      0.0021153
    -106.1405176334883720      0.0015538
    -105.5370802340244012      0.0133757
    -104.9336404044213538      0.0102855
    -104.3301981446459763      0.0122544
    -103.7267534547981001      0.0126611
    -103.1233063347445977     -0.0006649
    -102.5198567844854836      0.0223634
    -101.9164048040872927      0.0181252
    -101.3129503934501798      0.0199037
    -100.7094935525408914      0.0133167
    -100.1060342814259627      0.0111057
     -99.5025725801054222     -0.0072002
     -98.8991084484460998      0.0180036
     -98.2956418865146020      0.0187520
     -97.6921728943108860      0.0199278
     -97.0887014717684167      0.0281339
     -96.4852276188871940      0.0098605
     -95.8817513356672038      0.0089585
     -95.2782726221084459     -0.0024729
     -94.6747914781443569     -0.0023948
     -94.0713079038082185     -0.0005276
     -93.4678218991000449      0.0107482
     -92.8643334639532583      0.0010279
     -92.2608425983345626      0.0183015
     -91.6573493023105499      0.0221665
     -91.0538535758479242      0.0263103
     -90.4503554188468257      0.0114353
     -89.8468548313738324      0.0171358
     -89.2433518134622261      0.0099124
     -88.6398463649455977      0.0047154
     -88.0363384859237641      0.0108701
     -87.4328281763967681      0.0183026
     -86.8293154362314539      0.0254493
     -86.2258002654943994      0.0181141
     -85.6222826641855761      0.0183967
     -85.0187626323050267      0.0314960
     -84.4152401697528632      0.0419538
     -83.8117152765623956      0.0258435
     -83.2081879527668775      0.0279215
     -82.6046581982664918      0.0349029
     -82.0011260130612243      0.0104381
     -81.3975913971843568      0.0307957
     -80.7940543506358750      0.0314261
     -80.1905148733159763      0.0423440
     -79.5869729652578854      0.0427606
     -78.9834286264616452      0.0315529
     -78.3798818568939311      0.0494352
     -77.7763326565214896      0.0474730
     -77.1727810253443351      0.0507521
     -76.5692269633957068      0.0652715
     -75.9656704705757875      0.0537336
     -75.3621115469178449      0.0769539
     -74.7585501924551750      0.0691391
     -74.1549864070546505      0.0655698
     -73.5514201907828067      0.0746062
     -72.9478515436063759      0.0701237
     -72.3442804655586542      0.0804146
     -71.7407069565397819      0.0933533
     -71.1371310165497590      0.0849387
     -70.5335526456884310      0.0811096
     -69.9299718437560784      0.1010415
     -69.3263886108526037      0.1095528
     -68.7228029469779784      0.1023342
     -68.1192148520989065      0.1221078
     -67.5156243261155282      0.1414791
     -66.9120313691277460      0.1336280
     -66.3084359811022352      0.1515120
     -65.7048381619391506      0.1686183
     -65.1012379117050557      0.1505599
     -64.4976352303666829      0.1675257
     -63.8940301179573140      0.1832740
     -63.2904225743438005      0.1916346
     -62.6868125995594383      0.2028487
     -62.0832001937040729      0.2196960
     -61.4795853565779922      0.2237173
     -60.8759680882810628      0.2304251
     -60.2723483887800029      0.2439212
     -59.6687262580747984      0.2716414
     -59.0651016960988926      0.2884095
     -58.4614747028522785      0.2874185
     -57.8578452784015340      0.3056398
     -57.2542134226135104      0.3237433
     -56.6505791355547856      0.3335392
     -56.0469424171587818      0.3595523
     -55.4433032674587949      0.3766587
     -54.8396616863882613      0.4016472
     -54.2360176739804416      0.4050729
     -53.6323712302353499      0.4323102
     -53.0287223550531479      0.4439413
     -52.4250710484671032      0.4737643
     -51.8214173104439269      0.4931659
     -51.2177611410834857      0.5293992
     -50.6141025401860674      0.5375800
     -50.0104415078515316      0.5801718
     -49.4067780440798643      0.5907755
     -48.8031121487712269      0.6151713
     -48.1994438219921832      0.6443291
     -47.5957730637094514      0.6707851
     -46.9920998738564606      0.6935810
     -46.3884242524332109      0.7287614
     -45.7847461994729912      0.7591841
     -45.1810657149757873      0.7945502
     -44.5773827988084861      0.8243690
     -43.9736974510709260      0.8415197
     -43.3700096717630998      0.8774346
     -42.7663194607518875      0.9024103
     -42.1626268181038526      0.9140986
     -41.5589317437524244      0.9554496
     -40.9552342377974554      0.9838805
     -40.3515343001058042      1.0084565
     -39.7478319307107668      1.0330200
     -39.1441271296123361      1.0667849
     -38.5404198967439413      1.1055621
     -37.9367102321388785      1.1228040
     -37.3329981357305698      1.1668975
     -36.7292836075855860      1.1553923
     -36.1255666476373563      1.1618127
     -35.5218472558193241      1.1295017
     -34.9181254322646026      1.1067510
     -34.3144011768068040      1.1053644
     -33.7106744894791817      1.0890750
     -33.1069453703150387      1.0863076
     -32.5032138192810791      1.0693688
     -31.8994798363107464      1.0602137
     -31.2957434214040369      1.0352280
     -30.6920045746275143      1.0072269
     -30.0882632958813332      0.9784425
     -29.4845195851654864      0.9511169
     -28.8807734424466993      0.9233052
     -28.2770248678248173      0.8992106
     -27.6732738611334206      0.8807278
     -27.0695204224057946      0.8572294
     -26.4657645517085101      0.8222237
     -25.8620062489084290      0.7994101
     -25.2582455140721223      0.7665471
     -24.6544823471330119      0.7434148
     -24.0507167481576793      0.7218629
     -23.4469487170462685      0.6724028
     -22.8431782537654868      0.6630415
     -22.2394053584484830      0.6486032
     -21.6356300308955483      0.6299676
     -21.0318522712065317      0.6074143
     -20.4280720793148696      0.6058426
     -19.8242894552871256      0.6110696
     -19.2205043989901689      0.6211187
     -18.6167169104905668      0.6291339
     -18.0129269897883120      0.6517752
     -17.4091346367835662      0.6898185
     -16.8053398515096042      0.7274905
     -16.2015426339331441      0.8109404
     -15.5977429841540367      0.8620176
     -14.9939409019725804      0.9402509
     -14.3901363874886261      1.0413822
     -13.7863294407021755      1.1419258
     -13.1825200615133742      1.2921206
     -12.5787082499555094      1.4331446
     -11.9748940059952940      1.6048682
     -11.3710773296992986      1.8270094
     -10.7672582209343872      2.0480287
     -10.1634366797338433      2.3193989
      -9.5596127061309506      2.6744092
      -8.9557863000591400      3.0799758
      -8.3519574614851315      3.6000967
      -7.7481261904754914      4.2327256
      -7.1442924868970827      4.9977632
      -6.5404563508164753      5.9657364
      -5.9366177822003836      7.1009183
      -5.3327767810820932      8.3317175
      -4.7289333473617514      9.7739487
      -4.1250874810393592     11.5709934
      -3.5212391822147668     13.7667265
      -2.9173884507215568     16.4757404
      -2.3135352865930128     19.5821972
      -1.7096796898291338     22.6930656
      -1.1058216604632045     24.9655609
      -0.5019611983953737     25.3400097
       0.1019016963743589     23.3662567
       0.7057670237794258     19.9049625
       1.3096347838863942     16.2488556
       1.9135049767618315     13.2312984
       2.5173776024057379     11.0789518
       3.1212526607515456      9.6975698
       3.7251301518658226      8.7584705
       4.3290100758151357      7.8522773
       4.9328924324663506      6.7917342
       5.5367772220191682      5.7730908
       6.1406644443404561      4.9425097
       6.7445540995633468      4.3129883
       7.3484461875547060      3.8695977
       7.9523407085142361      3.5063279
       8.5562376623088028      3.1325784
       9.1601370490049714      2.6554043
       9.7640388686027446      2.1729546
      10.3679431211686897      1.7814103
      10.9718498067028047      1.4734772
      11.5757589250719555      1.2349310
      12.1796704765424124      1.0302650
      12.7835844609810412      0.8514379
      13.3875008783212728      0.7154419
      13.9914197287628088      0.6146820
      14.5953410122390839      0.5190154
      15.1992647288166634      0.4397320
      15.8031908783624129      0.3849015
      16.4071194610094686      0.3601365
      17.0110504767578306      0.3276331
      17.6149839255409333      0.2771704
      18.2189198075584713      0.2619884
      18.8228581226773173      0.2496033
      19.4267988709640349      0.2258712
      20.0307420523520570      0.2251511
      20.6346876669745178      0.2172976
      21.2386357147648575      0.2058887
      21.8425861957230616      0.2018351
      22.4465391099822824      0.1941318
      23.0504944574759350      0.2117928
      23.6544522382040299      0.2132304
      24.2584124521665707      0.2027483
      24.8623750994301105      0.1811304
      25.4663401799946634      0.1814238
      26.0703076938602187      0.1935387
      26.6742776410933509      0.1795738
      27.2782500216274890      0.1774497
      27.8822248355957711      0.1555380
      28.4862020827984921      0.1635426
      29.0901817635019242      0.1663231
      29.6941638775729295      0.1297093
      30.2981484250115116      0.1389928
      30.9021354059507978      0.1450330
      31.5061248202576607      0.1292385
      32.1101166681318020      0.1415303
      32.7141109493735200      0.1386500
      33.3181076641159351      0.1255099
      33.9221068124256391      0.1102501
      34.5261083941694835      0.1011343
      35.1301124095471664      0.1050605
      35.7341188584255676      0.0911200
      36.3381277408046657      0.0868543
      36.9421390568841801      0.0990830
      37.5461528064644057      0.0848852
      38.1501689896784839      0.0817459
      38.7541876064598227      0.0743230
      39.3582086569415779      0.0764966
      39.9622321411237422      0.0635611
      40.5662580588731885      0.0677416
      41.1702864103230439      0.0618145
      41.7743171954733086      0.0381718
      42.3783504143905532      0.0427714
      42.9823860669416362      0.0373197
      43.5864241532597063      0.0316049
      44.1904646733447493      0.0259600
      44.7945076271967793      0.0212757
      45.3985530148157750      0.0267640
      46.0026008362683285      0.0290515
      46.6066510915544185      0.0241591
      47.2107037805409178      0.0260817
      47.8147589034941021      0.0087309
      48.4188164602808371     -0.0007417
      49.0228764509011086     -0.0006267
      49.6269388754215015      0.0187105
      50.2310037338420017      0.0260523
      50.8350710262291798      0.0140260
      51.4391407524499087      0.0245159
      52.0432129126373155      0.0330508
      52.6472875068579711      0.0201097
      53.2513645349787410      0.0062730
      53.8554439971327596     -0.0097439
      54.4595258932534563      0.0078287
      55.0636102234074016     -0.0022965
      55.6676969875945886      0.0037160
      56.2717861858150314      0.0009154
      56.8758778181352795     -0.0133213
      57.4799718844887835     -0.0109854
      58.0840683849420998      0.0038223
      58.6881673195617992      0.0057446
      59.2922686882813039     -0.0055729
      59.8963724910340645     -0.0040320
      60.5004787280863425      0.0109397
      61.1045873992384472      0.0050282
      61.7086985044903500     -0.0038065
      62.3128120440417703      0.0049547
      62.9169280177595809     -0.0069011
      63.5210464257768948     -0.0131865
      64.1251672678940423      0.0018958
      64.7292905443772639      0.0053118
      65.3334162550934394      0.0137003
      65.9375444000425546     -0.0083249
      66.5416749793577651      0.0116580
      67.1458079929724789      0.0010028
      67.7499434409532881      0.0015238
      68.3540813231670512     -0.0042111
      68.9582216398134449      0.0043264
      69.5623643908259339     -0.0067687
      70.1665095762045041     -0.0150686
      70.7706571960157476      0.0023942
      71.3748072502596216      0.0098262
      71.9789597388695768      0.0254663
      72.5831146619121910      0.0074113
      73.1872720194540136     -0.0030841
      73.7914318114950731      0.0119978
      74.3955940379687632      0.0053264
      74.9997586990082681     -0.0085328
      75.6039257945469672     -0.0136237
      76.2080953245848889     -0.0132294
      76.8122672891885969     -0.0080603
      77.4164416883581055      0.0151086
      78.0206185220933861      0.0138447
      78.6247977903944530      0.0151092
      79.2289794933944336      0.0135593
      79.8331636309602146      0.0120823
      80.4373502030917678      0.0148153
      81.0415392099888265      0.0057215
      81.6457306515182211     -0.0000405
      82.2499245277465576     -0.0034727
      82.8541208386072299     -0.0081241
      83.4583195841668157     -0.0179697
      84.0625207645584709      0.0023841
      84.6667243795824760      0.0075746
      85.2709304293719725      0.0006485
      85.8751389139935242     -0.0089353
      86.4793498333805530     -0.0210594
      87.0835631875330733      0.0024598
      87.6877789765176630      0.0069364
      88.2919972003342792      0.0112600
      88.8962178589829648      0.0044590
      89.5004409524637197      0.0026281
      90.1046664808430933     -0.0094029
      90.7088944441210714      0.0038078
      91.3131248422976967     -0.0068350
      91.9173576753729265     -0.0070558
      92.5215929434133386     -0.0003430
      93.1258306463523979     -0.0052299
      93.7300707842566396     -0.0073624
      94.3343133571926131      0.0099780
      94.9385583650272338      0.0060328
      95.5428058078936147     -0.0025843
      96.1470556857917416      0.0103512
      96.7513079987881923      0.0107355
      97.3555627467498397      0.0081490
      97.9598199298098109      0.0004468
      98.5640795479015281     -0.0059674
      99.1683416011581471     -0.0099070
      99.7726060894465121     -0.0080581
     100.3768730128997788     -0.0055937
     100.9811423715179473     -0.0027170
     101.5854141651678475     -0.0119458
     102.1896883941158052      0.0040859
     102.7939650582286220      0.0038465
     103.3982441575063405      0.0076419
     104.0025256919489607     -0.0079256
     104.6068096616896099     -0.0012407
     105.2110960666616961     -0.0059876
     105.8153849067986982      0.0068890
     106.4196761823002930     -0.0012204
     107.0239698930999026     -0.0149385
     107.6282660391309633     -0.0000250
     108.2325646204600673     -0.0150908
     108.8368656371537497     -0.0019129
     109.4411690892120390     -0.0083033
     110.0454749765683573     -0.0137856
     110.6497832993558177     -0.0072149
     111.2540940575744486     -0.0022403
     111.8584072510911085     -0.0087597
     112.4627228800389247     -0.0040114
     113.0670409444844751      0.0026733
     113.6713614443611675     -0.0099535
     114.2756843796024810      0.0052880
     114.8800097504080782      0.0020407
     115.4843375567113952     -0.0081260
     116.0886677984458828      0.0072962
     116.6930004757446682      0.0003662
     117.2973355886077513      0.0082523
     117.9016731369685402     -0.0120781
     118.5060131208936554     -0.0209241
     119.1103555404496177      0.0006781
     119.7147003955698779      0.0159368
     120.3190476862544216      0.0096713
     120.9233974126364046      0.0118708
     121.5277495745826855     -0.0080845
     122.1321041722263914     -0.0043192
     122.7364612055009587      0.0067477
     123.3408206744729654      0.0059350
     123.9451825792089608      0.0187418
     124.5495469195758318      0.0092776
     125.1539136957066916     -0.0012730
     125.7582829075349764      0.0070992
     126.3626545551938278     -0.0125243
     126.9670286384835549     -0.0046663
     127.5714051576703980     -0.0042669
     128.1757841126212440     -0.0172812
     128.7801655034026567     -0.0062397
     129.3845493300146074      0.0197283
     129.9889355924571817      0.0226873
     130.5933242907968292     -0.0052056
     131.1977154249005082     -0.0080774
     131.8021089950344447     -0.0053507
     132.4065050009989477     -0.0076916
     133.0109034427939889      0.0133913
     133.6153043206859081      0.0021118
     134.2197076344083655     -0.0067068
     134.8241133841610804      0.0015605
     135.4285215698109539      0.0071755
     136.0329321915576486     -0.0102313
     136.6373452492015019     -0.0149236
     137.2417607428755844      0.0084366
     137.8461786726464879      0.0098830
     138.4505990384476775      0.0049893
     139.0550218403457166      0.0045012
     139.6594470782740132      0.0028651
     140.2638747522991309     -0.0239268
     140.8683048624876903     -0.0053763
     141.4727374087064788     -0.0110344
     142.0771723910886806      0.0074495
     142.6816098096342671      0.0005864
     143.2860496644098305     -0.0026738
     143.8904919552822150      0.0069287
     144.4949366823846049     -0.0005930
     145.0993838457169431     -0.0169831
     145.7038334452126662     -0.0115870
     146.3082854810049582     -0.0054750
     146.9127399530271987     -0.0143687
     147.5171968613459512     -0.0017259
     148.1216562058947090      0.0080887
     148.7261179868065426      0.0036577
     149.3305822040149451      0.0014367
     149.9350488575198597      0.0015515
     150.5395179473878784     -0.0056192
     151.1439894736855933      0.0022403
     151.7484634362798204      0.0126488
     152.3529398352371231      0.0029231
     152.9574186706241505      0.0112839
     153.5618999425073810     -0.0056432
     154.1663836506871803      0.0008034
     154.7708697954297463     -0.0015449
     155.3753583766020085     -0.0045170
     155.9798493942039102      0.0017422
     156.5843428483020716      0.0037234
     157.1888387389630282     -0.0024717
     157.7933370661202446     -0.0030631
     158.3978378297736924      0.0028716
     159.0023410299899354     -0.0048193
     159.6068466668355370     -0.0003109
     160.2113547401773985     -0.0172693
     160.8158652501486472     -0.0156943
     161.4203781967492262      0.0136399
     162.0248935799791923      0.0082346
     162.6294113997719535     -0.0116453
     163.2339316563272575     -0.0159822
     163.8384543495119203     -0.0087911
     164.4429794793259418      0.0109281
     165.0475070458358857      0.0109445
     165.6520370491083725     -0.0041702
     166.2565694891433452      0.0039487
     166.8611043658077051      0.0135429
     167.4656416793011431      0.0090069
     168.0701814296236307     -0.0018851
     168.6747236165755055     -0.0130067
     169.2792682404895857     -0.0025480
     169.8838153011661802     -0.0103468
     170.4883647986052608     -0.0110405
     171.0929167329400116      0.0088512
     171.6974711041703756      0.0183248
     172.3020279122298177      0.0007451
     172.9065871571183379     -0.0029267
     173.5111488390356556     -0.0217024
     174.1157129577820228     -0.0074582
     174.7202795135571876      0.0005350
     175.3248485061614019      0.0313212
     175.9294199357944137      0.0115541
     176.5339938023896309      0.0019350
     177.1385701059470250      0.0036225
     177.7431488465332450      0.0191554
     178.3477300242147692     -0.0089128
     178.9523136388585272     -0.0093589
     179.5568996905310541     -0.0015705
     180.1614881792989138      0.0041608
     180.7660791051621061     -0.0023403
     181.3706724681206595      0.0147673
     181.9752682681745455      0.0172970
     182.5798665053903562      0.0112484
     183.1844671797015280     -0.0027286
     183.7890702911080041      0.0003997
     184.3936758398095606      0.0094464
     184.9982838256729849     -0.0051287
     185.6028942486317703     -0.0017365
     186.2075071088856077      0.0033249
     186.8121224063679335      0.0125130
     187.4167401410787477     -0.0025602
     188.0213603130179933     -0.0033447
     188.6259829222523194     -0.0195617
     189.2306079688482612     -0.0097619
     189.8352354526060708      0.0012787
     190.4398653737920881      0.0012463
     191.0444977322731575      0.0123826
     191.6491325281158424     -0.0024686
     192.2537697612535510     -0.0113067
     192.8584094318194673     -0.0023991
     193.4630515397469992     -0.0164428
     194.0676960851026820      0.0061287
     194.6723430678865441     -0.0117253
     195.2769924880985855     -0.0098362
     195.8816443457388345     -0.0044681
     196.4862986408737981     -0.0078307
     197.0909553734369695     -0.0041730
     197.6956145435614474     -0.0072616
     198.3002761511141046      0.0047320
     198.9049401962946320      0.0039136
     199.5096066789699307     -0.0162222
     200.1142755991399440     -0.0242890
     200.7189469568712923     -0.0034448
     201.3236207522970744     -0.0086427
     201.9282969852176279     -0.0122276
     202.5329756557660517      0.0195187
     203.1376567640089092      0.0069266
     203.7423403098131018     -0.0027445
     204.3470262933117283      0.0003255
     204.9517147144382534      0.0099292
     205.5564055733257760      0.0041324
     206.1610988698411973      0.0069597
     206.7657946041176444     -0.0070020
     207.3704927760884971     -0.0040181
     207.9751933858204040     -0.0054815
     208.5798964332467165     -0.0032608
     209.1846019185672390      0.0193687
     209.7893098416487305     -0.0025810
     210.3940202024912765      0.0104826
     210.9987330010948199     -0.0137136
     211.6034482376590802      0.0163106
     212.2081659119843664     -0.0082469
     212.8128860241372422     -0.0026657
     213.4176085742508064     -0.0183107
     214.0223335622585239      0.0005162
     214.6270609881603946      0.0021341
     215.2317908519564469     -0.0006724
     215.8365231536466240     -0.0123748
     216.4412578933640816     -0.0028934
     217.0459950709757209      0.0009207
     217.6507346866811758      0.0030272
     218.2554767402808125      0.0034676
     218.8602212319742932     -0.0068064
     219.4649681615618988     -0.0152545
     220.0697175293099406     -0.0014298
     220.6744693350187276      0.0081850
     221.2792235788213304      0.0070064
     221.8839802607843978      0.0095921
     222.4887393807746889      0.0031314
     223.0935009389254162      0.0089298
     223.6982649351034809      0.0202704
     224.3030313695084885      0.0050946
     224.9078002420739324     -0.0018547
     225.5125715527332204     -0.0070968
     226.1173453016195083     -0.0081528
     226.7221214887327392     -0.0096230
     227.3269001140729983      0.0035344
     227.9316811775736653      0.0089687
     228.5364646793678958     -0.0157469
     229.1412506194556897     -0.0003235
     229.7460389977038631     -0.0013064
     230.3508298143787556     -0.0042847
     230.9556230692806480     -0.0090348
     231.5604187625426391      0.0022118
     232.1652168940981653     -0.0028671
     232.7700174640138471      0.0043409
     233.3748204722896560     -0.0004692
     233.9796259189255636     -0.0090314
     234.5844338039881904      0.0081114
     235.1892441274774797     -0.0081420
     235.7940568893268960      0.0032515
     236.3988720896030031     -0.0054174
     237.0036897284389283      0.0118103
     237.6085098056350091      0.0112950
     238.2133323213242875     -0.0049913
     238.8181572755734408     -0.0035759
     239.4229846683158200      0.0022795
     240.0278144994849185     -0.0099505
     240.6326467692803988     -0.0032012
     241.2374814776356686      0.0074720
     241.8423186245507850      0.0052181
     242.4471582100257478     -0.0003909
     243.0520002341270640     -0.0117592
     243.6568446968547903     -0.0020234
     244.2616915981423631     -0.0083378
     244.8665409381228812      0.0102205
     245.4713927167963163      0.0154863
     246.0762469340961900      0.0055863
     246.6811035900889806      0.0202880
     247.2859626847747734      0.0074570
     247.8908242182200752      0.0015981
     248.4956881903583508      0.0108653
     249.1005546012561354      0.0163237
     249.7054234509134290      0.0170662
     250.3102947393302316      0.0122056
     250.9151684665066000      0.0216977
     251.5200446325756616      0.0083448
     252.1249232374707674      0.0032699
     252.7298042810588470     -0.0025502
     253.3346877636060981     -0.0101400
     253.9395736850460708      0.0018816
     254.5444620453121445     -0.0045365
     255.1493528444708545     -0.0085376
     255.7542460825222292     -0.0079914
     256.3591417595328039     -0.0107481
     256.9640398754360717     -0.0037438
     257.5689404303651600      0.0064959
     258.1738434242534481      0.0034806
     258.7787488571009362      0.0021920
     259.3836567289076811      0.0025001
     259.9885670397401896      0.0082794
     260.5934797896651389     -0.0005297
     261.1983949785492314     -0.0009926
     261.8033126065257079      0.0034634
     262.4082326735945685      0.0112498
     263.0131551797557563      0.0201049
     263.6180801249428214      0.0005910
     264.2230075092887205      0.0058058
     264.8279373327936241      0.0007211
     265.4328695953907982      0.0017992
     266.0378042971469768      0.0084728
     266.6427414381286098      0.0146804
     267.2476810182691906      0.0128908
     267.8526230376352828     -0.0046598
     268.4575674961602658      0.0122733
     269.0625143939773807      0.0076909
     269.6674637310199500      0.0128716
     270.2724155073545944      0.0168645
     270.8773697229146933      0.0000921
     271.4823263778334876      0.0074065
     272.0872854719777365      0.0050130
     272.6922470054806240     -0.0104461
     273.2972109783421502      0.0169868
     273.9021773904956945      0.0251112
     274.5071462420744979      0.0342887
     275.1121175330785604      0.0110760
     275.7170912634411479     -0.0010612
     276.3220674330958104      0.0082541
     276.9270460423088025     -0.0156835
     277.5320270909470537      0.0075754
     278.1370105789438867     -0.0009569
     278.7419965064990492      0.0022387
     279.3469848735459777     -0.0025361
     279.9519756800181085     -0.0067155
     280.5569689261151893      0.0032511
     281.1619646116374156      0.0114360
     281.7669627367845351      0.0046900
     282.3719633014234773     -0.0025798
     282.9769663056872560      0.0015256
     283.5819717495094210      0.0102348
     284.1869796328898587     -0.0092476
     284.7919899559618102     -0.0029941
     285.3970027186586549     -0.0019606
     286.0020179209803928     -0.0054008
     286.6070355629270239      0.0185051
     287.2120556445651687      0.0031362
     287.8170781659613340     -0.0019349
     288.4221031269823357      0.0172420
     289.0271305277614147     -0.0048581
     289.6321603682320074      0.0107729
     290.2371926485271274     -0.0072627
     290.8422273685137611     -0.0135939
     291.4472645283249790     -0.0139935
     292.0523041279608378     -0.0144069
     292.6573461672880967     -0.0093443
     293.2623906465731807     -0.0026184
     293.8674375656162283     -0.0033491
     294.4724869245504237      0.0064227
     295.0775387233093170     -0.0060577
     295.6825929619592443     -0.0109471
     296.2876496405669968     -0.0090624
     296.8927087589993334      0.0007763
     297.4977703174560588     -0.0060196
     298.1028343158038183      0.0077808
     298.7079007541093461      0.0034236
     299.3129696323726989     -0.0016688
     299.9180409505937064     -0.0007305
     300.5231147089056094      0.0017122
     301.1281909071087171     -0.0037239
     301.7332695454692271     -0.0067949
     302.3383506237875054     -0.0051763
     302.9434341421966224     -0.0076122
     303.5485201006965781      0.0013214
     304.1536084992874294      0.0014639
     304.7586993379691762     -0.0048843
     305.3637926166752550      0.0026416
     305.9688883356718634      0.0076116
     306.5739864947593105      0.0122120
     307.1790870940042737      0.0048047
     307.7841901333400756      0.0091804
     308.3892956129664071      0.0173841
     308.9944035328168184     -0.0062260
     309.5995138928246320      0.0050819
     310.2046266931230321      0.0087206
     310.8097419336453981      0.0079652
     311.4148596144584076     -0.0138110
     312.0199797354953262     -0.0203924
     312.6251022968894517     -0.0104063
     313.2302272985741638      0.0004025
     313.8353547405494055     -0.0071802
     314.4404846228817973     -0.0005629
     315.0456169456379030      0.0093397
     315.6507517086845951      0.0093009
     316.2558889120884942     -0.0002919
     316.8610285559825570      0.0096021
     317.4661706402337700     -0.0092078
     318.0713151649087536     -0.0068934
     318.6764621300739577      0.0155115
     319.2816115356628757     -0.0091723
     319.8867633817421279     -0.0113511
     320.4919176682450370     -0.0060336
     321.0970743953713509     -0.0014509
     321.7022335629213785      0.0069144
     322.3073951710282472      0.0027997
     322.9125592196920138      0.0231729
     323.5177257089125646     -0.0014741
     324.1228946386900134      0.0134958
     324.7280660090908100      0.0012005
     325.3332398200484477     -0.0103332
     325.9384160716961105     -0.0027615
     326.5435947639006145      0.0031999
     327.1487758967950299      0.0113413
     327.7539594703794705     -0.0032786
     328.3591454845873727     -0.0049307
     328.9643339395517501     -0.0024611
     329.5695248352060958      0.0091302
     330.1747181715504098     -0.0061626
     330.7799139486513695     -0.0027193
     331.3851121665087476      0.0042386
     331.9903128251227145     -0.0155334
     332.5955159244932702     -0.0006251
     333.2007214647534283     -0.0049907
     333.8059294457702322     -0.0026031
     334.4111398676100748     -0.0051259
     335.0163527302730131      0.0023388
     335.6215680338257243     -0.0112210
     336.2267857782679812     -0.0132665
     336.8320059635335042     -0.0168767
     337.4372285897551933      0.0122182
     338.0424536569331053      0.0169429
     338.6476811650007335     -0.0105312
     339.2529111139579641     -0.0038331
     339.8581435038715881      0.0026074
     340.4633783348744487      0.0169870
     341.0686156067004617      0.0018672
     341.6738553196825023     -0.0022200
     342.2790974736207090     -0.0111758
     342.8843420686483228     -0.0106133
     343.4895891046322163     -0.0060349
     344.0948385817054032      0.0090800
     344.7000904998680539      0.0178243
     345.3053448591200549     -0.0134184
     345.9106016595279698      0.0106446
     346.5158609010252917      0.0078084
     347.1211225836785843      0.0109614
     347.7263867074212840     -0.0272848
     348.3316532723864043     -0.0152333
     348.9369222785075522     -0.0157860
     349.5421937257846139     -0.0017744
     350.1474676143507736      0.0012816
     350.7527439441394677      0.0174665
     351.3580227151506392      0.0086260
     351.9633039273843451     -0.0067086
     352.5685875809070922     -0.0299781
     353.1738736757189372     -0.0088779
     353.7791622118199371     -0.0073130
     354.3844531892765417      0.0060010
     354.9897466080222443      0.0062667
     355.5950424681901154     -0.0130307
     356.2003407695805777     -0.0017500
     356.8056415124597152      0.0059876
     357.4109446966946280     -0.0022880
     358.0162503222850887     -0.0016730
     358.6215583892977747     -0.0089616
     359.2268688977993634     -0.0163670
     359.8321818477896272     -0.0058437
     360.4374972391355527     -0.0021361
     361.0428150719702671     -0.0016945
     361.6481353463603909     -0.0128349
     362.2534580621726832     -0.0062623
     362.8587832196068916     -0.0048423
     363.4641108185298890     -0.0068864
     364.0694408589416184     -0.0139741
     364.6747733409753778     -0.0151350
     365.2801082646309965     -0.0062187
     365.8854456298420246      0.0062036
     366.4907854366749120      0.0074284
     367.0961276851297157     -0.0050551
     367.7014723752064356      0.0158358
     368.3068195069050716      0.0026379
     368.9121690803588081      0.0101121
     369.5175210954344607     -0.0009118
     370.1228755522650999      0.0133941
     370.7282324507177123     -0.0042851
     371.3335917909919317     -0.0076316
     371.9389535729546310     -0.0067190
     372.5443177966724306     -0.0128277
     373.1496844622117806      0.0009076
     373.7550535695062308      0.0020994
     374.3604251186222882     -0.0096456
     374.9657991094933891     -0.0155452
     375.5711755422527176     -0.0112181
     376.1765544168335964     -0.0031433
     376.7819357332361960     -0.0126350
     377.3873194915935301     -0.0079189
     377.9927056918389781     -0.0070866
     378.5980943339726537     -0.0082995
     379.2034854179945569     -0.0065387
     379.8088789439711945      0.0184790
     380.4142749119025666     -0.0005038
     381.0196733217886731     -0.0017166
     381.6250741736961913      0.0022847
     382.2304774675583303      0.0042159
     382.8358832034419379      0.0087649
     383.4412913812801662     -0.0073396
     384.0467020012729336      0.0090675
     384.6521150632869990      0.0247763
     385.2575305673224761      0.0155933
     385.8629485134457582      0.0020795
     386.4683689017234656      0.0134059
     387.0737917320891484     -0.0017869
     387.6792170045426360      0.0148744
     388.2846447191506059     -0.0066007
     388.8900748759131147      0.0040560
     389.4955074748299921     -0.0018426
     390.1009425160344790     -0.0012826
     390.7063799993268276     -0.0215213
     391.3118199249068425     -0.0034144
     391.9172622926412828      0.0062574
     392.5227071027298962      0.0157908
     393.1281543550394986      0.0132458
     393.7336040495701468     -0.0055704
     394.3390561863883477     -0.0112153
     394.9445107655607785     -0.0143895
     395.5499677870873825     -0.0172743
     396.1554272508349186      0.0018659
     396.7608891570032483     -0.0063206
     397.3663535055257512     -0.0093857
     397.9718202964023135      0.0012811
     398.5772895296997262     -0.0067513
     399.1827612054178189      0.0039725
     399.7882353235565915      0.0029494
     400.3937118841161578      0.0074336
     400.9991908871629676      0.0052092
     401.6046723326305710      0.0235611
     402.2101562205854179      0.0098632
     402.8156425510275085     -0.0055649
     403.4211313240235768      0.0026407
     404.0266225394402682      0.0154433
     404.6321161975440077      0.0151692
     405.2376122981350477      0.0027229
     405.8431108412799517      0.0017469
     406.4486118270452835      0.0177975
     407.0541152553644224     -0.0015675
     407.6596211263706095     -0.0120112
     408.2651294399306607     -0.0148192
     408.8706401961777033      0.0030181
     409.4761533951117940     -0.0021652
     410.0816690366661987     -0.0082402
     410.6871871209077085     -0.0067580
     411.2927076478361528     -0.0086313
     411.8982306175847157      0.0032127
     412.5037560299537063     -0.0047890
     413.1092838851428724      0.0125504
     413.7148141830190298      0.0044945
     414.3203469237818695     -0.0113248
     414.9258821072317005     -0.0131297
     415.5314197335682138     -0.0045850
     416.1369598026583390      0.0133488
     416.7425023145685827     -0.0002177
     417.3480472694320724     -0.0095425
     417.9535946671157376     -0.0002879
     418.5591445076860282     -0.0032236
     419.1646967910764374     -0.0090258
     419.7702515174867699      0.0033275
     420.3758086867837278      0.0272217
     420.9813682989674248      0.0155600
     421.5869303541709883     -0.0131668
     422.1924948523277408     -0.0025759
     422.7980617935043597      0.0011343
     423.4036311775676609      0.0031804
     424.0092030047173353     -0.0004075
     424.6147772749534965      0.0031620
     425.2203539881428469      0.0050611
     425.8259331444186273     -0.0002031
     426.4315147437808378      0.0011436
     427.0370987862293646     -0.0039663
     427.6426852717643214      0.0165454
     428.2482742004523288     -0.0076370
     428.8538655722266526     -0.0095721
     429.4594593871539701     -0.0104580
     430.0650556452342244     -0.0013373
     430.6706543465340360      0.0009120
     431.2762554910534618     -0.0075366
     431.8818590786591471     -0.0073282
     432.4874651095510103     -0.0181269
     433.0930735837289944     -0.0021048
     433.6986845010599154     -0.0032469
     434.3042978617434642      0.0164392
     434.9099136656466271      0.0123467
     435.5155319129024178      0.0008964
     436.1211526033777659     -0.0087016
     436.7267757372723622     -0.0015985
     437.3324013144529658     -0.0012354
     437.9380293349863678      0.0092678
     438.5436597989389043      0.0073632
     439.1492927062441822      0.0149987
     439.7549280569685948      0.0011956
     440.3605658510457488     -0.0146589
     440.9662060886087147     -0.0037953
     441.5718487695908721      0.0274589
     442.1774938939923345      0.0240104
     442.7831414619461157      0.0107034
     443.3887914733191451      0.0152509
     443.9944439282446069      0.0166691
     444.6000988266557670      0.0071721
     445.2057561686193594      0.0020504
     445.8114159540687638      0.0077711
     446.4170781831370505      0.0061711
     447.0227428557577696     -0.0066229
     447.6284099719974279     -0.0125402
     448.2340795317894049      0.0026841
     448.8397515352669416      0.0035851
     449.4454259823633606     -0.0003750
     450.0511028730787757      0.0025657
     450.6567822074796368     -0.0001354
     451.2624639855660575     -0.0008873
     451.8681482073379243      0.0146723
     452.4738348727954076      0.0191588
     453.0795239820048437      0.0159179
     453.6852155349664031      0.0104594
     454.2909095316800290     -0.0194270
     454.8966059720791577     -0.0012548
     455.5023048563635371     -0.0056550
     456.1080061843999260     -0.0049747
     456.7137099562550020      0.0109660
     457.3194161719287081      0.0044436
     457.9251248314876079     -0.0033503
     458.5308359348651379     -0.0014265
     459.1365494820612980      0.0063199
     459.7422654732092724     -0.0104950
     460.3479839083090042      0.0034131
     460.9537047872273661      0.0070454
     461.5594281100975422     -0.0110478
     462.1651538769859826     -0.0081270
     462.7708820877597304      0.0000578
     463.3766127424851788     -0.0116600
     463.9823458412955688     -0.0095619
     464.5880813840577730     -0.0012997
     465.1938193707716209     -0.0037278
     465.7995598016370877     -0.0006393
     466.4053026765208187     -0.0193905
     467.0110479954229277      0.0013836
     467.6167957584099213     -0.0129250
     468.2225459655484201     -0.0081149
     468.8282986167718036      0.0070965
     469.4340537120801287      0.0057864
     470.0398112515399021     -0.0006730
     470.6455712351511238     -0.0141296
     471.2513336629804144     -0.0080516
     471.8570985348946465     -0.0158658
     472.4628658510935111      0.0025819
     473.0686356115103308     -0.0076753
     473.6744078160787126      0.0089428
     474.2801824649316131     -0.0067651
     474.8859595580692030     -0.0002885
     475.4917390954247480      0.0022194
     476.0975210770650392     -0.0077499
     476.7033055030564128      0.0082015
     477.3090923733324189      0.0037853
     477.9148816878930575      0.0059638
     478.5206734468713989      0.0068446
     479.1264676502009365      0.0027170
     479.7322642978816702     -0.0044958
     480.3380633899136001     -0.0076248
     480.9438649264297965      0.0080825
     481.5496689073638095     -0.0124929
     482.1554753326489049     -0.0160449
     482.7612842024183237     -0.0269044
     483.3670955166721228     -0.0014075
     483.9729092754102453      0.0132906
     484.5787254785660139     -0.0042322
     485.1845441263392900      0.0022600
     485.7903652185968895      0.0195546
     486.3961887553387555      0.0101279
     487.0020147366981291      0.0064523
     487.6078431626083898      0.0011138
     488.2136740330695375     -0.0172290
     488.8195073481480222     -0.0113872
