Scan:     23             3C48 2015-10-21 +02 33 46.0
         OPTICAL                 Tb    
        km/s-LSR                 XX
    -548.6922183732572194      0.0270480
    -548.0905813291675486     -0.0092813
    -547.4889418658227669      0.0266309
    -546.8872999833556605     -0.0094443
    -546.2856556815333988     -0.0173744
    -545.6840089604892228      0.0041406
    -545.0823598201894811      0.0123622
    -544.4807082605681217      0.0109172
    -543.8790542816581137     -0.0203226
    -543.2773978834594573     -0.0239231
    -542.6757390658723352      0.0244496
    -542.0740778289633681     -0.0017010
    -541.4724141726993594     -0.0108101
    -540.8707480970467714      0.0132572
    -540.2690796019725212     -0.0180462
    -539.6674086875431158     -0.0125365
    -539.0657353536586243     -0.0277637
    -538.4640596003192741      0.0075521
    -537.8623814275913446      0.0146839
    -537.2607008353418223      0.0032068
    -536.6590178236373276      0.0215012
    -536.0573323924445504     -0.0016201
    -535.4556445417302939     -0.0188457
    -534.8539542714610207     -0.0029277
    -534.2522615817368887      0.0098269
    -533.6505664723912332      0.0059358
    -533.0488689435239849      0.0212690
    -532.4471689950353266     -0.0253207
    -531.8454666269585687      0.0259977
    -531.2437618392935974     -0.0030987
    -530.6420546319740197     -0.0113146
    -530.0403450049994944     -0.0240467
    -529.4386329584037867      0.0123657
    -528.8369184921200485     -0.0103953
    -528.2352016061482800      0.0222638
    -527.6334823005217913      0.0288852
    -527.0317605751407655      0.0155285
    -526.4300364300050887      0.0131770
    -525.8283098651816090     -0.0185482
    -525.2265808805700544      0.0117665
    -524.6248494761707661     -0.0047471
    -524.0231156520501372      0.0000842
    -523.4213794080751541     -0.0082422
    -522.8196407442791269     -0.0472506
    -522.2178996606951387     -0.0121313
    -521.6161561572567962      0.0021742
    -521.0144102338973653     -0.0152533
    -520.4126618907502007     -0.0078887
    -519.8109111276820613     -0.0578478
    -519.2091579446595233      0.0091012
    -518.6074023418159413      0.0149141
    -518.0056443189515676     -0.0439337
    -517.4038838761662191     -0.0213579
    -516.8021210134597823      0.0080636
    -516.2003557307326673     -0.0306969
    -515.5985880280178435      0.0166357
    -514.9968179053155382      0.0074227
    -514.3950453625924411      0.0014538
    -513.7932703998151283     -0.0152562
    -513.1914930170171374      0.0173324
    -512.5897132141316206     -0.0273123
    -511.9879309911587484      0.0147725
    -511.3861463481317742     -0.0363871
    -510.7843592849508241      0.0151432
    -510.1825698016492083      0.0214872
    -509.5807778982934337     -0.0105128
    -508.9789835746838662      0.0363615
    -508.3771868309536330     -0.0096339
    -507.7753876670694240      0.0257446
    -507.1735860829313651      0.0385847
    -506.5717820786061338      0.0286179
    -505.9699756540936164     -0.0199235
    -505.3681668092939390      0.0028810
    -504.7663555442072152      0.0216649
    -504.1645418589665155      0.0253529
    -503.5627257533388956     -0.0002326
    -502.9609072274573691     -0.0114027
    -502.3590862812887963      0.0064228
    -501.7572629147333032     -0.0116664
    -501.1554371278573967     -0.0085057
    -500.5536089206611337     -0.0085389
    -499.9517782930445833     -0.0155319
    -499.3499452451076763      0.0370619
    -498.7481097767172855      0.0287653
    -498.1462718879066074     -0.0346193
    -497.5444315787090090     -0.0167744
    -496.9425888490246166     -0.0500645
    -496.3407436988866266     -0.0013753
    -495.7388961283284630      0.0059689
    -495.1370461372169416     -0.0052317
    -494.5351937256185693     -0.0016088
    -493.9333388935667699      0.0247366
    -493.3314816408949355     -0.0154844
    -492.7296219677030535     -0.0388406
    -492.1277598740243775     -0.0163167
    -491.5258953596924698      0.0029511
    -490.9240284247739510     -0.0188310
    -490.3221590693019607     -0.0083462
    -489.7202872931435422     -0.0062412
    -489.1184130963651455      0.0102683
    -488.5165364790001945      0.0074767
    -487.9146574409153345     -0.0009937
    -487.3127759821440463     -0.0061278
    -486.7108921027528368     -0.0081195
    -486.1090058025752114     -0.0074841
    -485.5071170817110442      0.0335620
    -484.9052259401271385      0.0213541
    -484.3033323777568739      0.0078064
    -483.7014363946336175      0.0088664
    -483.0995379907571987     -0.0072321
    -482.4976371660611676      0.0064661
    -481.8957339205454673     -0.0163621
    -481.2938282542434081     -0.0401446
    -480.6919201670884831      0.0079533
    -480.0900096590473822      0.0133862
    -479.4880967302198087     -0.0139248
    -478.8861813804395524      0.0185294
    -478.2842636097396962      0.0189106
    -477.6823434182203414      0.0368884
    -477.0804208057148230     -0.0167846
    -476.4784957722565650      0.0020483
    -475.8765683179121879      0.0098471
    -475.2746384425483370      0.0079360
    -474.6727061461651829      0.0052180
    -474.0707714288625994     -0.0017897
    -473.4688342905072886      0.0227503
    -472.8668947310994781     -0.0072649
    -472.2649527507055041      0.0346359
    -471.6630083492256631     -0.0071397
    -471.0610615266599552     -0.0015570
    -470.4591122830415770     -0.0531065
    -469.8571606183039648      0.0050352
    -469.2552065324472323     -0.0217344
    -468.6532500254712659      0.0029963
    -468.0512910973428689     -0.0145761
    -467.4493297480286742      0.0083295
    -466.8473659775953024     -0.0281964
    -466.2453997859428796      0.0136794
    -465.6434311731379694      0.0237790
    -465.0414601390474445      0.0050024
    -464.4394866837379254     -0.0118628
    -463.8375108072093553     -0.0266535
    -463.2355325093951706     -0.0209436
    -462.6335517902953711      0.0271058
    -462.0315686499432104      0.0090040
    -461.4295830882388714     -0.0111963
    -460.8275951052156643     -0.0027277
    -460.2256047009401527      0.0123606
    -459.6236118752458992      0.0077870
    -459.0216166281661003      0.0448036
    -458.4196189597674902     -0.0069146
    -457.8176188699501381      0.0133078
    -457.2156163586807338      0.0146703
    -456.6136114260924614     -0.0217604
    -456.0116040719855164      0.0381257
    -455.4095942964266328      0.0357202
    -454.8075820994489504      0.0158486
    -454.2055674809526522      0.0037453
    -453.6035504409711052     -0.0009584
    -453.0015309795042526      0.0069595
    -452.3995090964854739     -0.0105557
    -451.7974847919148260     -0.0082285
    -451.1954580658588725      0.0120336
    -450.5934289181511758      0.0243806
    -449.9913973488916099      0.0162714
    -449.3893633580801747      0.0420702
    -448.7873269455836862      0.0006714
    -448.1852881114687648      0.0157359
    -447.5832468557687207     -0.0046359
    -446.9812031783836233     -0.0225867
    -446.3791570793135293     -0.0053427
    -445.7771085585916921     -0.0208763
    -445.1750576161182948      0.0124474
    -444.5730042519599010     -0.0112672
    -443.9709484661164538     -0.0284426
    -443.3688902584548828     -0.0211611
    -442.7668296290416947      0.0015824
    -442.1647665779101999      0.0007450
    -441.5627011049606381      0.0042463
    -440.9606332101928956      0.0182635
    -440.3585628936735361      0.0223780
    -439.7564901552362358      0.0275734
    -439.1544149949807547      0.0051464
    -438.5523374129070362     -0.0088260
    -437.9502574089154336      0.0059518
    -437.3481749830390868      0.0056814
    -436.7460901352779956     -0.0379746
    -436.1440028655989636      0.0039633
    -435.5419131739353134      0.0282789
    -434.9398210603869757      0.0120722
    -434.3377265248540766      0.0196639
    -433.7356295673698696      0.0032306
    -433.1335301878345376      0.0158384
    -432.5314283863145874     -0.0121182
    -431.9293241628101896      0.0060445
    -431.3272175172212997     -0.0118513
    -430.7251084496145381     -0.0192724
    -430.1229969599566516     -0.0192071
    -429.5208830481810764     -0.0126413
    -428.9187667142878126     -0.0029680
    -428.3166479583767341     -0.0180704
    -427.7145267802480362     -0.0144997
    -427.1124031800016496      0.0048349
    -426.5102771576708847     -0.0024459
    -425.9081487130892469      0.0071849
    -425.3060178463566103     -0.0041859
    -424.7038845574397783     -0.0379737
    -424.1017488463053269     -0.0058033
    -423.4996107129200027     -0.0009308
    -422.8974701573505399     -0.0012842
    -422.2953271794635839     -0.0057244
    -421.6931817793258119     -0.0259004
    -421.0910339569372240     -0.0167383
    -420.4888837122311998     -0.0127681
    -419.8867310451744856     -0.0281851
    -419.2845759558669556      0.0037308
    -418.6824184441421721     -0.0260411
    -418.0802585100666420     -0.0304146
    -417.4780961536737891      0.0113135
    -416.8759313748636828      0.0344144
    -416.2737641736362662      0.0168488
    -415.6715945500249063     -0.0200627
    -415.0694225039629828      0.0182700
    -414.4672480354506092     -0.0100831
    -413.8650711445208685     -0.0119256
    -413.2628918310408039      0.0140971
    -412.6607100951101756      0.0128845
    -412.0585259366957303     -0.0108423
    -411.4563393557309041     -0.0052860
    -410.8541503522490075     -0.0104644
    -410.2519589262499267      0.0067760
    -409.6497650776339583     -0.0006107
    -409.0475688064675523      0.0116382
    -408.4453701127508225      0.0393866
    -407.8431689963504709      0.0118161
    -407.2409654573665421      0.0113212
    -406.6387594957656120      0.0319094
    -406.0365511114811738      0.0238486
    -405.4343403045464811     -0.0061843
    -404.8321270749615337     -0.0113080
    -404.2299114226265146      0.0008656
    -403.6276933476080444      0.0018934
    -403.0254728499059524     -0.0288761
    -402.4232499293872252     -0.0175430
    -401.8210245861516796     -0.0279821
    -401.2187968201993726      0.0090181
    -400.6165666313971201     -0.0239791
    -400.0143340198779924      0.0064280
    -399.4120989854757227     -0.0152508
    -398.8098615282567607      0.0065604
    -398.2076216482544169     -0.0060512
    -397.6053793453355070     -0.0063477
    -397.0031346195335118     -0.0143711
    -396.4008874709147676      0.0120548
    -395.7986378993462608     -0.0213588
    -395.1963859048611880      0.0078455
    -394.5941314875262265      0.0274275
    -393.9918746471748818     -0.0053364
    -393.3896153838737746     -0.0225841
    -392.7873536976228479      0.0124754
    -392.1850895883555381      0.0413773
    -391.5828230561052123      0.0185338
    -390.9805541008717569      0.0032099
    -390.3782827225554684     -0.0220901
    -389.7760089212226831     -0.0440338
    -389.1737326968403750     -0.0109414
    -388.5714540493750633     -0.0171592
    -387.9691729787935515      0.0163967
    -387.3668894851624600      0.0006512
    -386.7646035683484911      0.0186832
    -386.1623152284183789      0.0125958
    -385.5600244654053199      0.0376651
    -384.9577312791761869      0.0079427
    -384.3554356697642902     -0.0005781
    -383.7531376372029399      0.0423576
    -383.1508371813922054      0.0270553
    -382.5485343023653968      0.0119305
    -381.9462290001558245     -0.0113404
    -381.3439212746636144     -0.0315610
    -380.7416111258887668     -0.0163352
    -380.1392985538645917     -0.0003750
    -379.5369835585245255      0.0214771
    -378.9346661398685114     -0.0033398
    -378.3323462979298597     -0.0032466
    -377.7300240326420067     -0.0022763
    -377.1276993439717558      0.0369336
    -376.5253722319855001      0.0215275
    -375.9230426965834795      0.0181426
    -375.3207107377657508     -0.0028715
    -374.7183763555988207      0.0130329
    -374.1160395499495053     -0.0028618
    -373.5137003208844817     -0.0359094
    -372.9113586684036932      0.0029068
    -372.3090145923739556     -0.0211473
    -371.7066680928952564     -0.0267837
    -371.1043191699674253     -0.0181745
    -370.5019678234574485      0.0011304
    -369.8996140534318329     -0.0244098
    -369.2972578599239455     -0.0002392
    -368.6948992428005454     -0.0044906
    -368.0925382021282530     -0.0069909
    -367.4901747378737582     -0.0451381
    -366.8878088500038643     -0.0198390
    -366.2854405385517680     -0.0004896
    -365.6830698034509055      0.0069968
    -365.0806966446680235     -0.0153884
    -364.4783210623029390     -0.0175005
    -363.8759430561892145     -0.0151240
    -363.2735626263935274      0.0107368
    -362.6711797729823274     -0.0033153
    -362.0687944957559807      0.0092957
    -361.4664067948143611      0.0057303
    -360.8640166701906082     -0.0070858
    -360.2616241217517654     -0.0034054
    -359.6592291495310292      0.0084266
    -359.0568317535616529      0.0023462
    -358.4544319337438765     -0.0084715
    -357.8520296901109532      0.0028670
    -357.2496250226960228     -0.0126224
    -356.6472179313661854      0.0345123
    -356.0448084161878910     -0.0012259
    -355.4423964771610827     -0.0103142
    -354.8399821142193673     -0.0139571
    -354.2375653273625176     -0.0186350
    -353.6351461166240142      0.0013556
    -353.0327244819038697      0.0066740
    -352.4303004232354510      0.0036412
    -351.8278739406520117      0.0114697
    -351.2254450340204244      0.0053680
    -350.6230137034071959      0.0012214
    -350.0205799488457501      0.0024180
    -349.4181437701695359     -0.0064225
    -348.8157051675117373      0.0052823
    -348.2132641408057339     -0.0015936
    -347.6108206899851325      0.0216946
    -347.0083748151162695     -0.0021958
    -346.4059265161660619     -0.0197225
    -345.8034757930677756      0.0284234
    -345.2010226458547777     -0.0284367
    -344.5985670745270681      0.0295310
    -343.9961090789848299     -0.0003268
    -343.3936486592945698      0.0117351
    -342.7911858154562879     -0.0031710
    -342.1887205474034204     -0.0174806
    -341.5862528551027708      0.0031362
    -340.9837827386207891     -0.0036552
    -340.3813101978576015      0.0188370
    -339.7788352328133783      0.0184262
    -339.1763578435545128     -0.0107753
    -338.5738780299813016     -0.0107061
    -337.9713957920935741     -0.0106633
    -337.3689111299247543      0.0107449
    -336.7664240433749683      0.0171731
    -336.1639345325107229      0.0179003
    -335.5614425972987647     -0.0057202
    -334.9589482376725869      0.0147869
    -334.3564514537318928     -0.0131131
    -333.7539522453104723     -0.0084298
    -333.1514506124747186      0.0206481
    -332.5489465552579418      0.0199036
    -331.9464400735271283      0.0034470
    -331.3439311673486714     -0.0116443
    -330.7414198367227414     -0.0094616
    -330.1389060815826610      0.0041657
    -329.5363899019284304      0.0097717
    -328.9338712977933596      0.0225787
    -328.3313502690775749      0.0135976
    -327.7288268157811331      0.0151441
    -327.1263009380038511      0.0295512
    -326.5237726355793484      0.0411735
    -325.9212419085740748      0.0344320
    -325.3187087570214544      0.0219555
    -324.7161731807549927      0.0033889
    -324.1136351798745636      0.0121538
    -323.5110947543801103     -0.0216980
    -322.9085519041718726      0.0136756
    -322.3060066292830470     -0.0363434
    -321.7034589297470575      0.0057385
    -321.1009088054638596      0.0154136
    -320.4983562564336239      0.0081381
    -319.8958012826895470      0.0013008
    -319.2932438841650651      0.0081794
    -318.6906840608934885     -0.0061327
    -318.0881218128415071     -0.0138912
    -317.4855571399758105      0.0230426
    -316.8829900422964556      0.0134209
    -316.2804205198034992      0.0162199
    -315.6778485724302072      0.0025824
    -315.0752742002100035     -0.0049484
    -314.4726974031760847      0.0013703
    -313.8701181811621268     -0.0068651
    -313.2675365343011435     -0.0052122
    -312.6649524625266849      0.0012252
    -312.0623659658053839      0.0000309
    -311.4597770441039870      0.0138371
    -310.8571856975223682      0.0172496
    -310.2545919258940899      0.0272820
    -309.6519957292857157     -0.0115441
    -309.0493971076971889     -0.0000806
    -308.4467960610620594     -0.0139199
    -307.8441925894135238     -0.0015602
    -307.2415866927183288     -0.0336593
    -306.6389783709432209     -0.0206895
    -306.0363676240881432     -0.0033554
    -305.4337544521864061      0.0032861
    -304.8311388551381356      0.0093432
    -304.2285208329433885     -0.0128848
    -303.6259003856686718      0.0145058
    -303.0232775132141683      0.0006780
    -302.4206522155465677     -0.0263316
    -301.8180244927989975      0.0030451
    -301.2153943447718234     -0.0498990
    -300.6127617715981160      0.0034192
    -300.0101267731447479     -0.0022485
    -299.4074893494783964      0.0126821
    -298.8048495005988343     -0.0112609
    -298.2022072263731616      0.0081335
    -297.5995625269010247     -0.0254069
    -296.9969154021493409     -0.0037911
    -296.3942658520513760     -0.0161360
    -295.7916138766071867     -0.0038248
    -295.1889594758833937      0.0158450
    -294.5863026497800661     -0.0047560
    -293.9836433982639505     -0.0163335
    -293.3809817214349778     -0.0108762
    -292.7783176191598500      0.0278794
    -292.1756510914719911      0.0016003
    -291.5729821383713443     -0.0199494
    -290.9703107598245992     -0.0041695
    -290.3676369557652492      0.0044494
    -289.7649607263263647     -0.0029808
    -289.1622820713416218     -0.0070897
    -288.5596009908442170      0.0055511
    -287.9569174848674606     -0.0069098
    -287.3542315533447891     -0.0018855
    -286.7515431962429489     -0.0046227
    -286.1488524136284468     -0.0066458
    -285.5461592054014091      0.0123282
    -284.9434635715952027      0.0029463
    -284.3407655122098276     -0.0430730
    -283.7380650271786635     -0.0150973
    -283.1353621165017103      0.0153446
    -282.5326567802122781      0.0002721
    -281.9299490182438603      0.0217443
    -281.3272388305630898      0.0005299
    -280.7245262172697835      0.0213202
    -280.1218111781976177      0.0010220
    -279.5190937133797888     -0.0084780
    -278.9163738229161709      0.0100197
    -278.3136515066404399      0.0086085
    -277.7109267645857926      0.0025103
    -277.1081995968187925      0.0083280
    -276.5054700031730590      0.0173566
    -275.9027379837483522     -0.0150756
    -275.3000035385447859     -0.0172147
    -274.6972666674625430      0.0041352
    -274.0945273705014529     -0.0043619
    -273.4917856477281930      0.0083770
    -272.8890414990096360      0.0057307
    -272.2862949244123456     -0.0019026
    -271.6835459239695183      0.0235780
    -271.0807944975148303     -0.0116578
    -270.4780406451148451      0.0155482
    -269.8752843668360697      0.0115569
    -269.2725256625454335      0.0150972
    -268.6697645322428798     -0.0213296
    -268.0670009759950290     -0.0120985
    -267.4642349936687538     -0.0051257
    -266.8614665853637575     -0.0085999
    -266.2586957509803938     -0.0265269
    -265.6559224905519159     -0.0064073
    -265.0531468040782102      0.0008007
    -264.4503686914594027     -0.0105247
    -263.8475881527622846     -0.0145411
    -263.2448051879532613      0.0167203
    -262.6420197969993637      0.0097095
    -262.0392319799003644      0.0134539
    -261.4364417366896305      0.0147043
    -260.8336490672340915     -0.0163664
    -260.2308539716001974     -0.0038390
    -259.6280564497880050     -0.0209796
    -259.0252565017308939     -0.0016677
    -258.4224541274289209      0.0008108
    -257.8196493269153962     -0.0166484
    -257.2168421001236993     -0.0142842
    -256.6140324470205769     -0.0042427
    -256.0112203676725358      0.0256186
    -255.4084058619798157     -0.0003773
    -254.8055889299756416      0.0045414
    -254.2027695716600419      0.0000983
    -253.5999477869663963     -0.0105567
    -252.9971235758947614     -0.0176252
    -252.3942969384783908      0.0140312
    -251.7914678746507491      0.0147735
    -251.1886363843785261      0.0011724
    -250.5858024677282856     -0.0052916
    -249.9829661246001820      0.0317498
    -249.3801273550274971      0.0236846
    -248.7772861590435411      0.0183863
    -248.1744425364818767     -0.0300553
    -247.5715964874756594      0.0294014
    -246.9687480119582403      0.0298159
    -246.3658971098964514      0.0072543
    -245.7630437812568971     -0.0023897
    -245.1601880261395081     -0.0131507
    -244.5573298444111003     -0.0202561
    -243.9544692360717590     -0.0123518
    -243.3516062011879342     -0.0144547
    -242.7487407396265837     -0.0003131
    -242.1458728514542145      0.0070231
    -241.5430025366708833      0.0353038
    -240.9401297951766878      0.0134811
    -240.3372546270381918     -0.0092448
    -239.7343770322221701     -0.0140310
    -239.1314970106952842      0.0080099
    -238.5286145624242806     -0.0053486
    -237.9257296874424412     -0.0050682
    -237.3228423857164557      0.0198493
    -236.7199526571797890      0.0035777
    -236.1170605019322579     -0.0158470
    -235.5141659198740456      0.0136563
    -234.9112689109718417     -0.0093169
    -234.3083694753255202     -0.0243014
    -233.7054676127686434     -0.0301307
    -233.1025633234343672     -0.0110786
    -232.4996566071562540     -0.0042764
    -231.8967474640341493      0.0058230
    -231.2938358940347996     -0.0180890
    -230.6909218970916129     -0.0048979
    -230.0880054732378710     -0.0148559
    -229.4850866224736023     -0.0028988
    -228.8821653446989046      0.0233021
    -228.2792416399803983      0.0079408
    -227.6763155083180834      0.0207844
    -227.0733869496120576      0.0210617
    -226.4704559638956312     -0.0054084
    -225.8675225512020859      0.0162128
    -225.2645867114316331      0.0315289
    -224.6616484445841309      0.0205747
    -224.0587077507262848     -0.0034689
    -223.4557646297581641      0.0010854
    -222.8528190816465440     -0.0046737
    -222.2498711064912129     -0.0149557
    -221.6469207041590721     -0.0227360
    -221.0439678746834034     -0.0143576
    -220.4410126180975169     -0.0090675
    -219.8380549343014820      0.0035949
    -219.2350948232953556      0.0063227
    -218.6321322851457012      0.0067213
    -218.0291673197193916     -0.0189096
    -217.4261999270829904      0.0011505
    -216.8232301072364407      0.0012416
    -216.2202578600799825     -0.0157112
    -215.6172831856468690     -0.0414977
    -215.0143060840036071     -0.0202570
    -214.4113265549505911      0.0054301
    -213.8083445986208915     -0.0091875
    -213.2053602150145082     -0.0015346
    -212.6023734039650890     -0.0146139
    -211.9993841655723941      0.0102674
    -211.3963924998697337     -0.0006568
    -210.7933984067240374     -0.0090655
    -210.1904018861352199     -0.0164378
    -209.5874029382031836      0.0004028
    -208.9844015627947726     -0.0177763
    -208.3813977599100156     -0.0331159
    -207.7783915296154191     -0.0250760
    -207.1753828718111947      0.0052678
    -206.5723717864973139     -0.0147889
    -205.9693582737070301     -0.0140477
    -205.3663423333738365      0.0005035
    -204.7633239654644512     -0.0035654
    -204.1603031700786630     -0.0025643
    -203.5572799470833729     -0.0019870
    -202.9542542964786094     -0.0033810
    -202.3512262183308792     -0.0005233
    -201.7481957125403937      0.0096439
    -201.1451627791403780     -0.0065870
    -200.5421274180642683     -0.0234213
    -199.9390896293454034      0.0059279
    -199.3360494129837548     -0.0012895
    -198.7330067689127588     -0.0210936
    -198.1299616971323871     -0.0052136
    -197.5269141976759499      0.0068099
    -196.9238642704436018     -0.0249163
    -196.3208119154685960      0.0145578
    -195.7177571327842713     -0.0017339
    -195.1146999222574152     -0.0033670
    -194.5116402839546481      0.0123693
    -193.9085782179092519      0.0063344
    -193.3055137239880992      0.0072204
    -192.7024468022576968     -0.0020940
    -192.0993774527181301      0.0084136
    -191.4963056752362149     -0.0173399
    -190.8932314699118251     -0.0051679
    -190.2901548367449038     -0.0091042
    -189.6870757756024091     -0.0087244
    -189.0839942865508192     -0.0066954
    -188.4809103696234445     -0.0044024
    -187.8778240246872144      0.0063705
    -187.2747352517753257      0.0135632
    -186.6716440509543702      0.0222937
    -186.0685504220912776      0.0069276
    -185.4654543652192160     -0.0147607
    -184.8623558803382991      0.0006607
    -184.2592549674151599     -0.0054662
    -183.6561516264165448     -0.0144679
    -183.0530458574090460      0.0139754
    -182.4499376602594793      0.0169415
    -181.8468270350344653     -0.0009554
    -181.2437139817339471      0.0012806
    -180.6405985002581076     -0.0138431
    -180.0374805906402571     -0.0110083
    -179.4343602529136206      0.0265201
    -178.8312374869783810      0.0097789
    -178.2281122928678201      0.0251439
    -177.6249846705819380      0.0179420
    -177.0218546200541425      0.0023219
    -176.4187221412844622      0.0157235
    -175.8155872343394606      0.0232667
    -175.2124498990527286      0.0112532
    -174.6093101355240833      0.0039637
    -174.0061679437535531      0.0036303
    -173.4030233236412926      0.0105425
    -172.7998762751872732     -0.0055836
    -172.1967267984580872      0.0128311
    -171.5935748933538605     -0.0047412
    -170.9904205598746216     -0.0082287
    -170.3872637980869058     -0.0336045
    -169.7841046078243323     -0.0010035
    -169.1809429891866898      0.0013972
    -168.5777789421740636      0.0193775
    -167.9746124666865512      0.0030322
    -167.3714435627907164      0.0184713
    -166.7682722303867422      0.0093250
    -166.1650984694745716      0.0112301
    -165.5619222801541355     -0.0052307
    -164.9587436622589394      0.0243337
    -164.3555626158555754      0.0048796
    -163.7523791409773537     -0.0166382
    -163.1491932374910903      0.0030483
    -162.5460049054301237     -0.0159826
    -161.9428141448277074      0.0076615
    -161.3396209555839960     -0.0176962
    -160.7364253377655530     -0.0322905
    -160.1332272913390966     -0.0045616
    -159.5300268162380632      0.0081738
    -158.9268239124624245     -0.0061958
    -158.3236185800788007      0.0286452
    -157.7204108189873182     -0.0191150
    -157.1172006291546666      0.0082861
    -156.5139880107140016     -0.0041579
    -155.9107729634656607     -0.0118316
    -155.3075554874761224     -0.0042426
    -154.7043355827787536     -0.0139268
    -154.1011132492403419      0.0008563
    -153.4978884869608464      0.0031072
    -152.8946612959068716     -0.0432972
    -152.2914316759786573     -0.0030896
    -151.6881996272426818      0.0054294
    -151.0849651496990020      0.0112647
    -150.4817282432477725      0.0168525
    -149.8784889079222751     -0.0318322
    -149.2752471437557631      0.0162433
    -148.6720029506483911      0.0292117
    -148.0687563286334694      0.0442913
    -147.4655072777109694      0.0258509
    -146.8622557977810459     -0.0176691
    -146.2590018889103192      0.0204774
    -145.6557455511319858     -0.0256183
    -145.0524867842796652     -0.0189548
    -144.4492255884532028      0.0232545
    -143.8459619636193736     -0.0056182
    -143.2426959097115002      0.0187293
    -142.6394274267629783      0.0585450
    -142.0361565148070326     -0.0029247
    -141.4328831737104792     -0.0309896
    -140.8296074035399954     -0.0063153
    -140.2263292042955243     -0.0069582
    -139.6230485758772204     -0.0008177
    -139.0197655183183372      0.0172278
    -138.4164800316522133     -0.0075095
    -137.8131921157789463      0.0194975
    -137.2099017707318751     -0.0032408
    -136.6066089965442245      0.0075911
    -136.0033137930828957      0.0237727
    -135.4000161603811705     -0.0104838
    -134.7967160985056125      0.0186699
    -134.1934136073230945     -0.0191681
    -133.5901086869001801     -0.0087889
    -132.9868013371702773     -0.0082093
    -132.3834915581333860      0.0152318
    -131.7801793498561267     -0.0059890
    -131.1768647121720051     -0.0458938
    -130.5735476451476984      0.0203671
    -129.9702281488163464      0.0074408
    -129.3669062230782174      0.0421378
    -128.7635818679332829      0.0124623
    -128.1602550834480780     -0.0106577
    -127.5569258694894614     -0.0348354
    -126.9535942260907575      0.0012367
    -126.3502601533185157      0.0722824
    -125.7469236510063411      0.0444901
    -125.1435847192540365      0.0270152
    -124.5402433580283486     -0.0173905
    -123.9368995672626994      0.0078777
    -123.3335533469903993      0.0171203
    -122.7302046972114198     -0.0091768
    -122.1268536178591972     -0.0188763
    -121.5235001089337459     -0.0262121
    -120.9201441704683191      0.0191543
    -120.3167858023963959      0.0248543
    -119.7134250046846375      0.0270261
    -119.1100617773996646      0.0492335
    -118.5066961204416032     -0.0087588
    -117.9033280338104390     -0.0418769
    -117.2999575176060318     -0.0358735
    -116.6965845716287049      0.0018478
    -116.0932091959782753      0.0269866
    -115.4898313906547429      0.0272642
    -114.8864511555582908      0.0083198
    -114.2830684907554541      0.0260687
    -113.6796833962129796      0.0167673
    -113.0762958718642466     -0.0177103
    -112.4729059177093120     -0.0297225
    -111.8695135338480071      0.0358120
    -111.2661187200806125      0.0192868
    -110.6627214765070164      0.0084687
    -110.0593218031604579     -0.0101570
    -109.4559196998745421     -0.0012474
    -108.8525151667491286     -0.0117374
    -108.2491082037509358      0.0437482
    -107.6456988108466533     -0.0060865
    -107.0422869880029992      0.0300592
    -106.4388727352532840      0.0471325
    -105.8354560525309154      0.0359912
    -105.2320369398692179      0.0097605
    -104.6286153972681348      0.0296050
    -104.0251914246278488      0.0160224
    -103.4217650219816278      0.0346323
    -102.8183361893627676      0.0136294
    -102.2149049266714229      0.0155134
    -101.6114712339408754     -0.0115760
    -101.0080351111711110      0.0203206
    -100.4045965582955517      0.0158916
     -99.8011555753808040      0.0419306
     -99.1977121622936977      0.0523466
     -98.5942663191008108     -0.0015346
     -97.9908180458021718      0.0100254
     -97.3873673422978925      0.0273760
     -96.7839142086545507      0.0417835
     -96.1804586448721466      0.0253978
     -95.5770006508508345      0.0001912
     -94.9735402266238964     -0.0068671
     -94.3700773722246140      0.0212122
     -93.7666120875198459      0.0192925
     -93.1631443725761699      0.0169398
     -92.5596742273935860      0.0670981
     -91.9562016519055021      0.0245223
     -91.3527266461119609      0.0547616
     -90.7492492100462300     -0.0088160
     -90.1457693436084355      0.0375534
     -89.5422870468318877      0.0570921
     -88.9388023197498541      0.0394431
     -88.3353151622625035      0.0232320
     -87.7318255743698074      0.0557760
     -87.1283335561383581      0.0037150
     -86.5248391074350138      0.0042375
     -85.9213422282930424      0.0140440
     -85.3178429187790499      0.0349029
     -84.7143411787598382      0.0289204
     -84.1108370082354782      0.0637422
     -83.5073304073057869      0.0448676
     -82.9038213758043270      0.0475408
     -82.3003099137977046      0.0292707
     -81.6967960213191873     -0.0187955
     -81.0932796982023376     -0.0010339
     -80.4897609445470295      0.0536313
     -79.8862397603865588      0.0542243
     -79.2827161455544740      0.0715784
     -78.6791901001506346      0.0008042
     -78.0756616241417589     -0.0030478
     -77.4721307174612974      0.0672936
     -76.8685973801425320      0.0259725
     -76.2650616121854199      0.0592287
     -75.6615234135234545      0.0711620
     -75.0579827841566072      0.0382483
     -74.4544397241181315      0.0867227
     -73.8508942333415064      0.0595113
     -73.2473463117934358      0.0554693
     -72.6437959595737652      0.0357074
     -72.0402431765160713      0.0495641
     -71.4366879626869320      0.0322621
     -70.8331303181196290      0.0712182
     -70.2295702426477249      0.1103271
     -69.6260077364043894      0.0683774
     -69.0224427993563125      0.0553171
     -68.4188754313703669      0.1013310
     -67.8153056326129757      0.0763047
     -67.2117334028844198      0.1117321
     -66.6081587422512911      0.0857283
     -66.0045816507801533      0.0982808
     -65.4010021283378506      0.1129894
     -64.7974201749243974      0.1133351
     -64.1938357906396391      0.1507814
     -63.5902489752838918      0.1524059
     -62.9866597289902614      0.1359603
     -62.3830680517254876      0.1377464
     -61.7794739433897107      0.1433602
     -61.1758774040162194      0.1714591
     -60.5722784336382816      0.1628129
     -59.9686770321560587      0.1466721
     -59.3650731996361216      0.1641079
     -58.7614669360451813      0.2259669
     -58.1578582412833853      0.1936076
     -57.5542471154173043      0.2127623
     -56.9506335584802201      0.2179655
     -56.3470175703389984      0.2334825
     -55.7433991510269280      0.2673075
     -55.1397783005772766      0.2730370
     -54.5361550189235018      0.2753752
     -53.9325293060322934      0.2614754
     -53.3289011619702364      0.2985878
     -52.7252705866374711      0.2995327
     -52.1216375800340046      0.2871495
     -51.5180021422263934      0.2848905
     -50.9143642730815245      0.3753946
     -50.3107239726326583      0.3603346
     -49.7070812409130909      0.3098175
     -49.1034360778562444      0.3179399
     -48.4997884834288513      0.3764436
     -47.8961384577307498      0.3791400
     -47.2924860005955168      0.3520792
     -46.6888311120564552      0.3547163
     -46.0851737921801146      0.3910352
     -45.4815140408666636      0.4330907
     -44.8778518580827921      0.4330620
     -44.2741872439283739      0.4329276
     -43.6705201982702604      0.3850410
     -43.0668507211417477      0.4122785
     -42.4631788125761034      0.4351149
     -41.8595044724734890      0.4553790
     -41.2558277008338976      0.4165773
     -40.6521484976906180      0.4315484
     -40.0484668630103613      0.4678630
     -39.4447827967265710      0.4425749
     -38.8410962989390853      0.4844279
     -38.2374073694814953      0.5099376
     -37.6337160084536464      0.5277357
     -37.0300222158555314      0.5139736
     -36.4263259915540303      0.5507060
     -35.8226273356157137      0.5938179
     -35.2189262480405603      0.6392197
     -34.6152227287620136      0.6601224
     -34.0115167778466514      0.6262671
     -33.4078083951613252      0.7086396
     -32.8040975807725985      0.7287199
     -32.2003843346804928      0.7220972
     -31.5966686567851340      0.7985217
     -30.9929505471198254      0.7901364
     -30.3892300057511164      0.8109349
     -29.7855070325126050      0.8366387
     -29.1817816274708406      0.8931350
     -28.5780537906591228      0.9114910
     -27.9743235219775954      0.9521075
     -27.3705908213929732      0.9747337
     -26.7668556890383904      1.0226852
     -26.1631181247141456      1.0595516
     -25.5593781285200947      1.0896841
     -24.9556357004562273      1.1136026
     -24.3518908403894159      1.1458348
     -23.7481435484195131      1.1443914
     -23.1443938245132337      1.1828727
     -22.5406416686040068      1.1929413
     -21.9368870806918359      1.3060509
     -21.3331300608432883      1.3747770
     -20.7293706089252261      1.5575320
     -20.1256087249709346      1.7418659
     -19.5218444090137027      1.9367195
     -18.9180776609869525      2.3263974
     -18.3143084808574095      2.7900138
     -17.7105368686916407      3.3297384
     -17.1067628243565046      3.9020374
     -16.5029863479185721      4.4998651
     -15.8992074393778484      5.0077567
     -15.2954260986677557      5.4711046
     -14.6916423257883029      5.8526597
     -14.0878561207727699      6.1028838
     -13.4840674835213079      6.4096322
     -12.8802764140671968      6.7525187
     -12.2764829124437238      6.9019752
     -11.6726869785177527      6.8149047
     -11.0688886123558508      6.6103058
     -10.4650878139913015      6.3785348
      -9.8612845832576870      6.2649870
      -9.2574789202548597      6.2615595
      -8.6536708250161034      6.3593788
      -8.0498602973749946      6.6175680
      -7.4460473373981060      6.8172784
      -6.8422319451187192      7.1783938
      -6.2384141204037009      7.5871534
      -5.6345938633196164      8.0710745
      -5.0307711738997503      8.6781797
      -4.4269460520109689      9.1252909
      -3.8231184976865551      9.3494234
      -3.2192885109597924      9.3324986
      -2.6154560917641132      9.2626696
      -2.0116212400662348      9.5163431
      -1.4077839559327234      9.8804722
      -0.8039442392637290     10.0217428
      -0.2001020901258185      9.8776207
       0.4037424916141427      9.6084042
       1.0075895058895872      9.3178978
       1.6114389526006641      8.8558273
       2.2152908320136424      8.4555988
       2.8191451439953883      8.2262001
       3.4230018885459006      7.6613827
       4.0268610657317483      6.7835908
       4.6307226756194968      5.8416920
       5.2345867180094450      5.0379171
       5.8384531931678625      4.3721724
       6.4423221010281804      3.8411243
       7.0461934414572669      3.3549979
       7.6500672147213882      2.9973583
       8.2539434206208444      2.5979421
       8.8578220592887700      2.2861574
       9.4617031307251640      2.0677702
      10.0655866349300265      1.8488537
      10.6694725718367920      1.5870442
      11.2733609415785914      1.3860486
      11.8772517442219971      1.2433709
      12.4811449795673042      1.0391281
      13.0850406478142123      0.8948169
      13.6889387488961578      0.9036114
      14.2928392828131408      0.7580889
      14.8967422496317266      0.6748189
      15.5006476493519152      0.5767639
      16.1045554819737085      0.4472655
      16.7084657475636718      0.4159696
      17.3123784461218051      0.3937468
      17.9162935775149741      0.3165709
      18.5202111420094511      0.3065477
      19.1241311394055309      0.2504715
      19.7280535697697808      0.2278386
      20.3319784332353350      0.2308657
      20.9359057297356301      0.1690766
      21.5398354592040917      0.1741751
      22.1437676217738613      0.1941627
      22.7477022174449388      0.1068990
      23.3516392461507500      0.1231869
      23.9555787080244365      0.0747061
      24.5595206029994308      0.0668477
      25.1634649310091589      0.1063435
      25.7674116922533294      0.0425639
      26.3713608866653715      0.0627128
      26.9753125142452852      0.0779198
      27.5792665749930705      0.0615706
      28.1832230689752983      0.0881402
      28.7871819961254012      0.0901730
      29.3911433565765066      0.0485831
      29.9951071502620543      0.0781123
      30.5990733771820409      0.0720425
      31.2030420374030371      0.0144425
      31.8070131309250392      0.0071448
      32.4109866577480474      0.0173067
      33.0149626178720652      0.0498745
      33.6189410113636526      0.0521518
      34.2229218382228240      0.0700243
      34.8269050984495649      0.0111050
      35.4308907919773119      0.0534937
      36.0348789190057630      0.0390107
      36.6388694794017979     -0.0041081
      37.2428624731654025      0.0245006
      37.8468579004962891      0.0691249
      38.4508557611947452      0.0167089
      39.0548560553939126      0.0144385
      39.6588587830937840      0.0646546
      40.2628639442278100      0.0237621
      40.8668715389290966      0.0078161
      41.4708815671311015      0.0025312
      42.0748940289669449      0.0024500
      42.6789089242369357      0.0198825
      43.2829262531407650      0.0311335
      43.8869460156784470     -0.0413404
      44.4909682117168330     -0.0356320
      45.0949928414556283      0.0006683
      45.6990199048282690      0.0166900
      46.3030494017681846     -0.0104350
      46.9070813324085094     -0.0102234
      47.5111156967492505      0.0446569
      48.1151524947904008      0.0514967
      48.7191917265319674      0.0467882
      49.3232333919739290     -0.0202292
      49.9272774911163211      0.0079965
      50.5313240240922426     -0.0025438
      51.1353729907685945      0.0408428
      51.7394243912119052      0.0239373
      52.3434782254887665      0.0086078
      52.9475344935991785      0.0005906
      53.5515931954765705     -0.0128580
      54.1556543312540697      0.0234728
      54.7597179008651125     -0.0149471
      55.3637839043097131     -0.0124949
      55.9678523416544138     -0.0067024
      56.5719232128992360     -0.0126002
      57.1759965180441654      0.0342711
      57.7800722571557799      0.0525205
      58.3841504301675016      0.0281162
      58.9882310371459084      0.0060515
      59.5923140780909932      0.0376367
      60.1963995530693268      0.0271615
      60.8004874619477675     -0.0060792
      61.4045778049260349     -0.0057579
      62.0086705819375439     -0.0111927
      62.6127657929157309      0.0151547
      63.2168634380603010      0.0202068
      63.8209635172381198      0.0229489
      64.4250660304491873      0.0327398
      65.0291709777600602      0.0040760
      65.6332783592373374      0.0270429
      66.2373881748809765      0.0245482
      66.8415004246244422     -0.0234630
      67.4456151084677060     -0.0048037
      68.0497322266105016      0.0260411
      68.6538517789196732     -0.0089209
      69.2579737653286571      0.0256182
      69.8620981861037222     -0.0164860
      70.4662250410451918     -0.0027068
      71.0703543302195868     -0.0178210
      71.6744860536935136      0.0243381
      72.2786202114669578     -0.0252208
      72.8827568034733417     -0.0132175
      73.4868958297792432      0.0336702
      74.0910372905177894     -0.0408455
      74.6951811854893037     -0.0155540
      75.2993275148268850     -0.0033181
      75.9034762785971395      0.0043301
      76.5076274766668973      0.0349435
      77.1117811091693000     -0.0031354
      77.7159371761043616     -0.0099362
      78.3200956774055044     -0.0053290
      78.9242566132724335     -0.0100013
      79.5284199835054437      0.0390729
      80.1325857881711130      0.0323589
      80.7367540274025686      0.0101335
      81.3409247011332326     -0.0256051
      81.9450978092965556     -0.0109791
      82.5492733520922286     -0.0011866
      83.1534513293871242     -0.0246358
      83.7576317411812283     -0.0178239
      84.3618145876742602     -0.0062540
      84.9659998686665148      0.0120970
      85.5701875842911193      0.0213682
      86.1743777345480737      0.0205911
      86.7785703194373923      0.0309288
      87.3827653388924830      0.0266398
      87.9869627931130651      0.0032490
      88.5911626819660114     -0.0231540
      89.1953650055178713      0.0218505
      89.7995697637686447      0.0066661
      90.4037769567849239      0.0164623
      91.0079865844335245     -0.0091958
      91.6121986469142087      0.0337027
      92.2164131441603701      0.0330630
      92.8206300761720229      0.0334647
      93.4248494429491529      0.0124600
      94.0290712446249302      0.0384079
      94.6332954809996068      0.0173165
      95.2375221522729163     -0.0318968
      95.8417512584448446     -0.0340841
      96.4459827993822501     -0.0003403
      97.0502167752848521     -0.0038555
      97.6544531860860729     -0.0146321
      98.2586920317859267      0.0022090
      98.8629333123843992     -0.0097806
      99.4671770279480540      0.0124342
     100.0714231784769055     -0.0109048
     100.6756717639709535     -0.0300148
     101.2799227844301839      0.1217281
     101.8841762399211746      0.0299195
     102.4884321304439254     -0.0380048
     103.0926904559318444     -0.0218260
     103.6969512165181015     -0.0069845
     104.3012144121361189      0.0279360
     104.9054800428524601      0.0041115
     105.5097481086671394     -0.0316109
     106.1140186095801141     -0.0157622
     106.7182915455248633      0.0232020
     107.3225669167010636      0.0150381
     107.9268447230421657     -0.0184431
     108.5311249644815774      0.0110901
     109.1354076410858909      0.0033439
     109.7396927529882333      0.0171965
     110.3439802999888855      0.0234596
     110.9482702822210314      0.0116348
     111.5525626997511779      0.0232489
     112.1568575524462119      0.0045231
     112.7611548405058386      0.0089740
     113.3654545637969306      0.0336967
     113.9697567223860517     -0.0201326
     114.5740613162731876     -0.0062915
     115.1783683455249303      0.0083705
     115.7826778100747021     -0.0520788
     116.3869897099890522     -0.0392727
     116.9913040452680093     -0.0679195
     117.5956208159115448     -0.0340156
     118.1999400219862650     -0.0194789
     118.8042616634921274      0.0106056
     119.4085857403625823      0.0403098
     120.0129122527307715     -0.0383622
     120.6172412005966947     -0.0208020
     121.2215725838272107     -0.0010948
     121.8259064026219960      0.0370872
     122.4302426569145297      0.0092728
     123.0345813466382339     -0.0219443
     123.6389224719927853     -0.0020649
     124.2432660328450709     -0.0153651
     124.8476120292616542     -0.0129455
     125.4519604612425354      0.0129399
     126.0563113288542638      0.0385239
     126.6606646320302900      0.0019036
     127.2650203708372061     -0.0052263
     127.8693785453415330      0.0014664
     128.4737391554101578     -0.0226013
     129.0781022011761934      0.0195001
     129.6824676825731046     -0.0151530
     130.2868355996674552      0.0012137
     130.8912059525258087      0.0047781
     131.4955787411481367     -0.0026914
     132.0999539654013404      0.0105571
     132.7043316254851106     -0.0066433
     133.3087117211997281     -0.0159310
     133.9130942528115042      0.0284541
     134.5174792202538185      0.0003791
     135.1218666233935721      0.0006823
     135.7262564624304559      0.0165059
     136.3306487373644984      0.0244342
     136.9350434480625154     -0.0081243
     137.5394405946576626      0.0049115
     138.1438401771499400     -0.0442119
     138.7482421954727840     -0.0202237
     139.3526466497593219     -0.0149018
     139.9570535400095821     -0.0193541
     140.5614628661569441     -0.0705969
     141.1658746282680283     -0.0287084
     141.7702888264093701      0.0347215
     142.3747054604478421     -0.0023244
     142.9791245305166001     -0.0318368
     143.5835460366155871      0.0102985
     144.1879699787448601     -0.0112702
     144.7923963569044190     -0.0268594
     145.3968251711607707     -0.0180986
     146.0012564214474082      0.0268032
     146.6056901078974590      0.0311419
     147.2101262303777673     -0.0094905
     147.8145647889549252     -0.0004918
     148.4190057837620316     -0.0006078
     149.0234492146659875     -0.0237625
     149.6278950817332998     -0.0489201
     150.2323433850306458     -0.0013829
     150.8367941244913482     -0.0022877
     151.4412473001154353     -0.0045164
     152.0457029119695278     -0.0285329
     152.6501609601201608     -0.0251391
     153.2546214444341786     -0.0173555
     153.8590843651113005     -0.0043804
     154.4635497220183993      0.0225298
     155.0680175152220102     -0.0313537
     155.6724877447887536      0.0027921
     156.2769604106520092      0.0135758
     156.8814355128118052      0.0252770
     157.4859130513347338     -0.0200549
     158.0903930262873018      0.0002617
     158.6948754375364103     -0.0292498
     159.2993602852817503     -0.0401365
     159.9038475693901944      0.0017340
     160.5083372899283347     -0.0054833
     161.1128294469626780      0.0061622
     161.7173240404267176     -0.0018956
     162.3218210703203965      0.0056252
     162.9263205367103637     -0.0080949
     163.5308224396631260     -0.0261887
     164.1353267790455277      0.0335156
     164.7398335550572881      0.0352547
     165.3443427674987447      0.0280388
     165.9488544165695885      0.0096404
     166.5533685022697910     -0.0209107
     167.1578850244662249     -0.0167725
     167.7624039833585812     -0.0039068
     168.3669253788137894     -0.0091656
     168.9714492108983279      0.0231425
     169.5759754796788457      0.0067246
     170.1805041850886937      0.0200272
     170.7850353271279289     -0.0326852
     171.3895689059962422      0.0159847
     171.9941049214939426      0.0271724
     172.5986433736875370     -0.0133257
     173.2031842626436742     -0.0187647
     173.8077275883623258     -0.0149044
     174.4122733508434635     -0.0137496
     175.0168215501536793     -0.0128170
     175.6213721862264094     -0.0001137
     176.2259252590616541     -0.0092429
     176.8304807687925120      0.0097746
     177.4350387153524480     -0.0173808
     178.0395990986749268      0.0083690
     178.6441619190261463     -0.0054061
     179.2487271761398802     -0.0030316
     179.8532948702158194      0.0218884
     180.4578650011874004      0.0082187
     181.0624375691212151     -0.0277729
     181.6670125739506432      0.0116587
     182.2715900157422766     -0.0332174
     182.8761698945627074     -0.0049007
     183.4807522102787516     -0.0039000
     184.0853369630901852     -0.0294636
     184.6899241529303595     -0.0050857
     185.2945137797327391      0.0208046
     185.8991058435639161     -0.0012019
     186.5037003445569894     -0.0135920
     187.1082972825122681      0.0037091
     187.7128966576960636      0.0086592
     188.3174984699085712      0.0640758
     188.9221027192164684      0.0310689
     189.5267094056862618     -0.0125042
     190.1313185293179799      0.0457674
     190.7359300901115944      0.0152119
     191.3405440880671051      0.0286156
     191.9451605232511042      0.0530066
     192.5497793955970280     -0.0155080
     193.1544007052379754      0.0172193
     193.7590244521074396      0.0150406
     194.3636506361387717     -0.0119491
     194.9682792575317194     -0.0214453
     195.5729103162197191      0.0150799
     196.1775438121362356     -0.0059177
     196.7821797454143109     -0.0396757
     197.3868181159874666     -0.0052624
     197.9914589239222096      0.0123015
     198.5961021692185682      0.0124687
     199.2007478518099788      0.0069634
     199.8053959718961323      0.0098342
     200.4100465293439015      0.0363490
     201.0146995242198500     -0.0039558
     201.6193549565239778     -0.0244520
     202.2240128262563132     -0.0430195
     202.8286731334167996     -0.0198780
     203.4333358781385925     -0.0050048
     204.0380010603551284     -0.0110046
     204.6426686799333083     -0.0143483
     205.2473387372059221     -0.0151033
     205.8520112319067152     -0.0319159
     206.4566861641688149     -0.0314477
     207.0613635339922212     -0.0025960
     207.6660433414435545      0.0023541
     208.2707255864561660     -0.0356036
     208.8754102690966761     -0.0447422
     209.4800973893650280     -0.0013023
     210.0847869471947149      0.0004745
     210.6894789427188925     -0.0251817
     211.2941733759374756      0.0057831
     211.8988702467839573      0.0085629
     212.5035695553914366      0.0155158
     213.1082713016933781      0.0204938
     213.7129754856897534      0.0165149
     214.3176821074471547      0.0229159
     214.9223911669655820      0.0159564
     215.5271026642450352      0.0098835
     216.1318165993520211      0.0311547
     216.7365329722200613      0.0316919
     217.3412517828491275      0.0292834
     217.9459730313723185     -0.0516965
     218.5506967177231274     -0.0015201
     219.1554228419014976     -0.0196027
     219.7601514040405846      0.0146693
     220.3648824040072611      0.0121845
     220.9696158418680625     -0.0045285
     221.5743517176896376     -0.0034705
     222.1790900314053090     -0.0365953
     222.7838307830816973      0.0021185
     223.3885739727188593     -0.0177305
     223.9933196003167097     -0.0110822
     224.5980676659418407     -0.0284207
     225.2028181695276885     -0.0241855
     225.8075711112073805     -0.0387643
     226.4123264908477893      0.0103277
     227.0170843085820707      0.0306268
     227.6218445643436326      0.0157309
     228.2266072581990386     -0.0322315
     228.8313723901483172     -0.0003789
     229.4361399602580036      0.0080563
     230.0409099683949705      0.0008576
     230.6456824147589089      0.0097393
     231.2504572992167482      0.0129403
     231.8552346218349669     -0.0198778
     232.4600143826801855     -0.0082966
     233.0647965816858402     -0.0270518
     233.6695812189184380     -0.0162502
     234.2743682944446277     -0.0489084
     234.8791578081312252     -0.0226827
     235.4839497601113578      0.0266898
     236.0887441503850823      0.0265154
     236.6935409788192146      0.0121942
     237.2983402456800377     -0.0085614
     237.9031419508344243     -0.0041669
     238.5079460942823459      0.0362158
     239.1127526760903947     -0.0049373
     239.7175616963251343     -0.0142207
     240.3223731548534090     -0.0411626
     240.9271870518084029     -0.0300557
     241.5320033871900876     -0.0059239
     242.1368221608653073      0.0395296
     242.7416433731003451     -0.0180269
     243.3464670237621021     -0.0184639
     243.9512931128505215      0.0080966
     244.5561216404322238      0.0326805
     245.1609526065737441      0.0035657
     245.7657860110753347     -0.0191975
     246.3706218542033639     -0.0201928
     246.9754601358912112      0.0155965
     247.5803008560723129     -0.0204074
     248.1851440148132326      0.0347300
     248.7899896121805625      0.0588623
     249.3948376481077105      0.0055264
     249.9996881226612402     -0.0127802
     250.6045410358411516     -0.0429032
     251.2093963876475016      0.0331823
     251.8142541781467401      0.0427238
     252.4191144073389808      0.0307788
     253.0239770750910395      0.0245328
     253.6288421816691994     -0.0019586
     254.2337097268737409     -0.0226096
     254.8385797108377915      0.0124250
     255.4434521335614079      0.0108135
     256.0483269950445333     -0.0313968
     256.6532042952871393      0.0218512
     257.2580840342893111      0.0145616
     257.8629662121841193      0.0403319
     258.4678508287719296     -0.0158611
     259.0727378842523763      0.0190379
     259.6776273786254592      0.0346278
     260.2825193117581080      0.0098675
     260.8874136838499567      0.0153349
     261.4923104948344985     -0.0054655
     262.0972097446451130     -0.0247706
     262.7021114334149843      0.0087456
     263.3070155612105623      0.0535216
     263.9119221278323266     -0.0024556
     264.5168311334798545      0.0040802
     265.1217425780866392     -0.0122331
     265.7266564616526239      0.0047027
     266.3315727843108789      0.0033776
     266.9364915459284475      0.0058493
     267.5414127465718934      0.0017291
     268.1463363863076097      0.0276604
     268.7512624650691464      0.0032126
     269.3561909829895740      0.0232044
     269.9611219400023856     -0.0176173
     270.5660553360409608      0.0115258
     271.1709911713050474      0.0004160
     271.7759294456615180      0.0187903
     272.3808701591104295      0.0443151
     272.9858133118513024     -0.0113789
     273.5907589036845593     -0.0453762
     274.1957069347432707      0.0205060
     274.8006574050275503      0.0099134
     275.4056103146038481      0.0012874
     276.0105656633390936      0.0070263
     276.6155234513664141     -0.0200486
     277.2204836786858095     -0.0386545
     277.8254463452306027     -0.0127417
     278.4304114511341481      0.0141864
     279.0353789963297118      0.0052304
     279.6403489808839140      0.0272177
     280.2453214047301344      0.0077945
     280.8502962680016140     -0.0116658
     281.4552735706316753     -0.0163980
     282.0602533126869957      0.0089316
     282.6652354941008980     -0.0353014
     283.2702201149400025     -0.0140556
     283.8752071752043662      0.0084821
     284.4801966749604389     -0.0261329
     285.0851886141417140     -0.0390617
     285.6901829928813186     -0.0204392
     286.2951798110461823     -0.0049607
     286.9001790687027551      0.0101650
     287.5051807659176575     -0.0149242
     288.1101849026908894     -0.0260514
     288.7151914790224509      0.0233823
     289.3202004949123989      0.0236804
     289.9252119503606195      0.0120145
     290.5302258454337903      0.0002560
     291.1352421801318542      0.0201222
     291.7402609544547545      0.0341583
     292.3452821683360412      0.0203016
     292.9503058219753484      0.0022231
     293.5553319152395488      0.0047549
     294.1603604481952630     -0.0117543
     294.7653914209089976     -0.0136451
     295.3704248333141322      0.0154658
     295.9754606854108374      0.0324820
     296.5804989772655063      0.0107106
     297.1855397088782524      0.0054681
     297.7905828802490191     -0.0145651
     298.3956284915109336     -0.0036372
     299.0006765424643618     -0.0035778
     299.6057270333088809      0.0062034
     300.2107799639780978      0.0147220
     300.8158353344052784     -0.0048258
     301.4208931447902273      0.0183488
     302.0259533950663240      0.0236555
     302.6310160851670616     -0.0067332
     303.2360812152920744     -0.0057255
     303.8411487852417281     -0.0087961
     304.4462187951490364      0.0126080
     305.0512912450141698     -0.0120795
     305.6563661348369578     -0.0392547
     306.2614434646841346     -0.0298791
     306.8665232344890228     -0.0408853
     307.4716054443181861     -0.0245028
     308.0766900941716813      0.0004901
     308.6817771840495084      0.0219260
     309.2868667140181174      0.0043313
     309.8919586840110583     -0.0003834
     310.4970530941615152      0.0275497
     311.1021499444027540      0.0227671
     311.7072492346683248     -0.0089356
     312.3123509651579184      0.0189838
     312.9174551357383507     -0.0209698
     313.5225617464762990      0.0298264
     314.1276707974382134     -0.0018111
     314.7327822885574733     -0.0337504
     315.3378962199008697     -0.0051887
     315.9430125914682321     -0.0296471
     316.5481314032595606      0.0017585
     317.1532526552084050      0.0184918
     317.7583763475143428      0.0334524
     318.3635024801108671      0.0071129
     318.9686310529313573      0.0075790
     319.5737620661090546      0.0667188
     320.1788955196438451      0.0185180
     320.7840314134692221      0.0104978
     321.3891697476517493      0.0127447
     321.9943105221914266      0.0223032
     322.5994537370881972     -0.0403082
     323.2045993924752452     -0.0263272
     323.8097474882194433      0.0100613
     324.4148980243208484      0.0367306
     325.0200510009124173      0.0268915
     325.6252064179943204      0.0086891
     326.2303642754999942      0.0394758
     326.8355245735624521      0.0516043
     327.4406873120486239      0.0411316
     328.0458524910250730      0.0097656
     328.6510201106249269      0.0243526
     329.2561901707150582      0.0036795
     329.8613626713620306     -0.0368766
     330.4665376126324077      0.0174757
     331.0717149944595690      0.0134733
     331.6768948168436850      0.0132785
     332.2820770798511489      0.0590615
     332.8872617834820176      0.0103888
     333.4924489278694182     -0.0189223
     334.0976385128137167     -0.0068221
     334.7028305384479268      0.0212143
     335.3080250048387825      0.0199063
     335.9132219118529292      0.0129735
     336.5184212596237217      0.0465938
     337.1236230481510461     -0.0054537
     337.7288272774348457     -0.0304625
     338.3340339474086704      0.0104803
     338.9392430582055908     -0.0014463
     339.5444546098256069     -0.0162790
     340.1496686022022118     -0.0071317
     340.7548850354684760     -0.0107766
     341.3601039095578358      0.0090477
     341.9653252244037844     -0.0316534
     342.5705489802059560      0.0197993
     343.1757751768978437     -0.0255349
     343.7810038144793339     -0.0538589
     344.3862348929504833     -0.0154192
     344.9914684123779693     -0.0030660
     345.5967043726951147     -0.0283249
     346.2019427740350466     -0.0341802
     346.8071836163312582     -0.0019718
     347.4124268995836360      0.0013155
     348.0176726238589140      0.0026387
     348.6229207891569786      0.0273944
     349.2281713954778866     -0.0108710
     349.8334244428215811     -0.0161909
     350.4386799312546259     -0.0158245
     351.0439378607105709     -0.0119229
     351.6491982313223161     -0.0541425
     352.2544610430235821      0.0163091
     352.8597262958141982      0.0272339
     353.4649939898272919     -0.0031028
     354.0702641249297926     -0.0034196
     354.6755367011216435     -0.0112048
     355.2808117186025925      0.0121115
     355.8860891772395121     -0.0098434
     356.4913690770323456     -0.0087393
     357.0966514181143339      0.0167697
     357.7019362004187997     -0.0434578
     358.3072234239457998     -0.0467777
     358.9125130888283479      0.0108803
     359.5178051949335440     -0.0115876
     360.1230997422611608     -0.0144480
     360.7283967310110597      0.0003278
     361.3336961610499998     -0.0080048
     361.9389980323780378     -0.0213707
     362.5443023451282443      0.0023447
     363.1496090993007329     -0.0166655
     363.7549182947623194     -0.0416221
     364.3602299316460744     -0.0264425
     364.9655440099521115     -0.0066344
     365.5708605296802602     -0.0102287
     366.1761794908306911      0.0374814
     366.7815008934699108      0.0468912
     367.3868247375979195      0.0171274
     367.9921510232146602      0.0023892
     368.5974797502537399     -0.0028655
     369.2028109189146221      0.0310368
     369.8081445290642932      0.0292555
     370.4134805807693738      0.0025445
     371.0188190740298069     -0.0060128
     371.6241600089120993     -0.0078988
     372.2295033852832375      0.0345676
     372.8348492033427988      0.0036337
     373.4401974630243330     -0.0030769
     374.0455481642612199      0.0118112
     374.6509013072530934     -0.0410368
     375.2562568918669967      0.0025478
     375.8616149181693231      0.0385309
     376.4669753861601293      0.0448075
     377.0723382959059791     -0.0062834
     377.6777036472737450     -0.0194875
     378.2830714404631749     -0.0003045
     378.8884416754076483      0.0051920
     379.4938143520406584     -0.0020399
     380.0991894705617256      0.0048805
     380.7045670308379499     -0.0151289
     381.3099470328692178     -0.0182496
     381.9153294768552200     -0.0148020
     382.5207143625962658      0.0072267
     383.1261016901589187     -0.0176555
     383.7314914596764197     -0.0037417
     384.3368836710820347     -0.0114155
     384.9422783243092567     -0.0074223
     385.5476754195578337      0.0142026
     386.1530749566946383     -0.0360326
     386.7584769357195569      0.0034278
     387.3638813567658303     -0.0137174
     387.9692882198334019     -0.0380847
     388.5746975247892010      0.0316254
     389.1801092718328619      0.0264419
     389.7855234608978776      0.0260862
     390.3909400919176278      0.0148456
     390.9963591650252965      0.0042005
     391.6017806802208270      0.0050798
     392.2072046374376555      0.0160434
     392.8126310368090230      0.0152470
     393.4180598783347591      0.0373955
     394.0234911618818501      0.0084611
     394.6289248875834232     -0.0327137
     395.2343610555059854     -0.0141102
     395.8397996655164661     -0.0045776
     396.4452407177479358     -0.0277544
     397.0506842122004514     -0.0322349
     397.6561301488075060     -0.0314883
     398.2615785277019995     -0.0480199
     398.8670293488176526      0.0119691
     399.4724826121542947      0.0327507
     400.0779383178450530      0.0412735
     400.6833964657568572      0.0014496
     401.2888570559562709     -0.0459055
     401.8943200885098008     -0.0397635
     402.4997855633509403     -0.0384178
     403.1052534806128165     -0.0086013
     403.7107238402288658      0.0086298
     404.3161966421325246     -0.0148659
     404.9216718865234270      0.0033532
     405.5271495732685594     -0.0300013
     406.1326297024343717     -0.0478716
     406.7381122740209207     -0.0393946
     407.3435972880947133     -0.0014680
     407.9490847445892996     -0.0186525
     408.5545746435711862     -0.0034462
     409.1600669851068801      0.0118871
     409.7655617690633107      0.0133394
     410.3710589956401691      0.0088046
     410.9765586647043278     -0.0126283
     411.5820607762557870      0.0370753
     412.1875653304277307     -0.0264145
     412.7930723272199884     -0.0142740
     413.3985817665662239      0.0235047
     414.0040936485328302     -0.0175087
     414.6096079731864279      0.0054540
     415.2151247403938896      0.0400106
     415.8206439502883427     -0.0095844
     416.4261656028698440     -0.0468776
     417.0316896980717161     -0.0468408
     417.6372162360272000      0.0105941
     418.2427452167361821      0.0157853
     418.8482766400656487      0.0081260
     419.4538105062151772      0.0071503
     420.0593468151183174     -0.0060383
     420.6648855667750695      0.0150178
     421.2704267612518834     -0.0258087
     421.8759703985488727      0.0006791
     422.4815164785994170      0.0237190
     423.0870650015366436      0.0276933
     423.6926159672939889     -0.0144645
     424.2981693759380732      0.0079499
     424.9037252274688399      0.0194478
     425.5092835218862888      0.0330977
     426.1148442591238563      0.0287819
     426.7204074393812334      0.0330084
     427.3259730625254065      0.0128210
     427.9315411286227686     -0.0009357
     428.5371116377399971      0.0155435
     429.1426845898104148     -0.0108868
     429.7482599848341920     -0.0355842
     430.3538378229443424     -0.0368348
     430.9594181040743024     -0.0053717
     431.5650008281575651     -0.0006011
     432.1705859953272011     -0.0137375
     432.7761736055832671      0.0250839
     433.3817636589257063      0.0046737
     433.9873561554211392     -0.0136640
     434.5929510949363248      0.0054491
     435.1985484776711814     -0.0182619
     435.8041483034923544      0.0096186
     436.4097505724664643      0.0305641
     437.0153552846601315      0.0001681
     437.6209624400067923      0.0201556
     438.2265720385063901      0.0409714
     438.8321840802921088     -0.0038030
     439.4377985653640053     -0.0176473
     440.0434154935887250     -0.0012985
     440.6490348650996225     -0.0232275
     441.2546566798966410     -0.0257321
     441.8602809379797236     -0.0305609
     442.4659076393489272     -0.0139908
     443.0715367840707586      0.0131610
     443.6771683720787678     -0.0002173
     444.2828024035059684      0.0077006
     444.8884388782857968     -0.0071657
     445.4940777964183098     -0.0193297
     446.0997191579701848      0.0234833
     446.7053629629411944      0.0211078
     447.3110092112648317     -0.0240273
     447.9166579031409015     -0.0201721
     448.5223090383695990     -0.0207382
     449.1279626170841652      0.0508839
     449.7336186393510502      0.0288197
     450.3392771051037471      0.0309880
     450.9449380142756922      0.0190630
     451.5506013670665766      0.0089722
     452.1562671633432728     -0.0121089
     452.7619354031723446     -0.0098900
     453.3676060866202988      0.0012862
     453.9732792136872490     -0.0017065
     454.5789547843065179     -0.0585620
     455.1846327985447829     -0.0505116
     455.7903132564019870     -0.0443282
     456.3959961579446372     -0.0234872
     457.0016815031062833      0.0103805
     457.6073692920199960      0.0148894
     458.2130595244860274     -0.0033676
     458.8187522007706889     -0.0121983
     459.4244473207409669      0.0506648
     460.0301448844631977      0.0285213
     460.6358448919375519      0.0057614
     461.2415473431640294      0.0246779
     461.8472522381425165      0.0004722
     462.4529595769396906     -0.0111199
     463.0586693595554948      0.0164833
     463.6643815859899291      0.0096330
     464.2700962562429368     -0.0156875
     464.8758133703812518      0.0144769
     465.4815329283381402      0.0303405
     466.0872549302468428      0.0042414
     466.6929793759741756     -0.0087135
     467.2987062657198294      0.0237243
     467.9044355993507338     -0.0055901
     468.5101673768667752      0.0147244
     469.1159015984012512     -0.0254055
     469.7216382638874279      0.0118901
     470.3273773733254188      0.0143789
     470.9331189267817308      0.0040943
     471.5388629243229843      0.0080684
     472.1446093658159953      0.0631198
     472.7503582513938909      0.0325669
     473.3561095810567281     -0.0179602
     473.9618633547379432     -0.0115265
     474.5676195725039861     -0.0084996
     475.1733782344215342     -0.0353431
     475.7791393404239670      0.0024980
     476.3849028905779051      0.0039119
     476.9906688848833483      0.0021828
     477.5964373233402966     -0.0082246
     478.2022082060152002     -0.0041982
     478.8079815328416089      0.0162108
     479.4137573038860296     -0.0126498
     480.0195355191485760     -0.0117457
     480.6253161786956980     -0.0002070
     481.2310992823942684     -0.0079259
     481.8368848304440348     -0.0334867
     482.4426728227784906     -0.0031464
     483.0484632593974084     -0.0167769
     483.6542561403010723     -0.0075554
     484.2600514655558186      0.0115210
     484.8658492351618179     -0.0081728
     485.4716494491189565      0.0076450
     486.0774521074272343     -0.0158400
     486.6832572100867651      0.0123620
     487.2890647572305625      0.0023691
     487.8948747487921196      0.0050103
     488.5006871847048728      0.0287428
     489.1065020651019495      0.0344785
