Scan:    451             3C59 2015-10-24 +05 07 13.0
         OPTICAL                 Tb    
        km/s-LSR                 XX
    -522.5216986018996295     -0.0128350
    -521.9199528709863216     -0.0137652
    -521.3182047202186595     -0.0020447
    -520.7164541495300227      0.0162076
    -520.1147011589536078      0.0178303
    -519.5129457484562181     -0.0006680
    -518.9111879180045435      0.0092332
    -518.3094276675986976      0.0037654
    -517.7076649972384530      0.0019649
    -517.1058999068908406      0.0006433
    -516.5041323965223228      0.0057296
    -515.9023624661660961     -0.0004126
    -515.3005901157893049     -0.0053761
    -514.6988153453581845      0.0207646
    -514.0970381548397654      0.0143893
    -513.4952585443005546      0.0001219
    -512.8934765136738179     -0.0085937
    -512.2916920629265860     -0.0129540
    -511.6899051920917714     -0.0064496
    -511.0881159011030945     -0.0051486
    -510.4863241899936952     -0.0038451
    -509.8845300587302631     -0.0057187
    -509.2827335072797155     -0.0026784
    -508.6809345356418248     -0.0087389
    -508.0791331438167049     -0.0068606
    -507.4773293317710454     -0.0060196
    -506.8755230994716499      0.0304979
    -506.2737144469516579      0.0093401
    -505.6719033741778162     -0.0014286
    -505.0700898811169282     -0.0115086
    -504.4682739677688801     -0.0116861
    -503.8664556341337857     -0.0018525
    -503.2646348801117142     -0.0155201
    -502.6628117058025396     -0.0054657
    -502.0609861111730652     -0.0026002
    -501.4591580961565569      0.0102397
    -500.8573276607863249      0.0026030
    -500.2554948049959762      0.0049102
    -499.6536595288185936     -0.0015627
    -499.0518218322209805     -0.0051886
    -498.4499817151698835     -0.0096597
    -497.8481391776985561     -0.0069359
    -497.2462942197404345      0.0038817
    -496.6444468413287723      0.0103794
    -496.0425970423970057     -0.0007972
    -495.4407448229784450      0.0116148
    -494.8388901830065265      0.0032202
    -494.2370331225478708     -0.0049948
    -493.6351736415024334     -0.0206046
    -493.0333117399036951      0.0000358
    -492.4314474177182888      0.0030494
    -491.8295806748796508     -0.0147396
    -491.2277115114876551     -0.0334661
    -490.6258399274757949      0.0005653
    -490.0239659228105893     -0.0029313
    -489.4220894974922658     -0.0038577
    -488.8202106515206538     -0.0029904
    -488.2183293848625567     -0.0104974
    -487.6164456975179746      0.0016310
    -487.0145595894535404      0.0085505
    -486.4126710606361144      0.0150459
    -485.8107801111322033     -0.0030910
    -485.2088867408085662      0.0044966
    -484.6069909497651906      0.0025798
    -484.0050927379021459      0.0129769
    -483.4031921052527423      0.0005691
    -482.8012890517837263      0.0053066
    -482.1993835774950412     -0.0030488
    -481.5974756823868006     -0.0221428
    -480.9955653663257067      0.0021761
    -480.3936526294782539     -0.0153734
    -479.7917374717113717      0.0077150
    -479.1898198930581998     -0.0049268
    -478.5878998934855986     -0.0172125
    -477.9859774729935111      0.0059457
    -477.3840526315153738     -0.0119401
    -476.7821253691176935      0.0148479
    -476.1801956857339633      0.0115254
    -475.5782635813642401     -0.0157476
    -474.9763290559751567     -0.0060485
    -474.3743921095999667      0.0013078
    -473.7724527421721632     -0.0045991
    -473.1705109536917462     -0.0104231
    -472.5685667441254623      0.0135695
    -471.9666201135065080      0.0237488
    -471.3646710618016300      0.0109007
    -470.7627195889775749      0.0079577
    -470.1607656950676528     -0.0014290
    -469.5588093799386229      0.0021944
    -468.9568506436904158      0.0270158
    -468.3548894863230316     -0.0066556
    -467.7529259077366532     -0.0047210
    -467.1509599079977306     -0.0061045
    -466.5489914870065604      0.0119131
    -465.9470206448295357      0.0031503
    -465.3450473814002635     -0.0146078
    -464.7430716967185731     -0.0199904
    -464.1410935907513249      0.0022470
    -463.5391130635317722      0.0080417
    -462.9371301149932947     -0.0092139
    -462.3351447451358922     -0.0174096
    -461.7331569539929887     -0.0257482
    -461.1311667414645399      0.0097439
    -460.5291741076172229      0.0023618
    -459.9271790523844743      0.0023398
    -459.3251815757661802      0.0162815
    -458.7231816776958908     -0.0046216
    -458.1211793582734799     -0.0013831
    -457.5191746174322134     -0.0045161
    -456.9171674551057549      0.0064384
    -456.3151578713604977      0.0160611
    -455.7131458661299348      0.0063522
    -455.1111314394140663      0.0063360
    -454.5091145912128923     -0.0000305
    -453.9070953214930455     -0.0051637
    -453.3050736302214432     -0.0152063
    -452.7030495174311682     -0.0019234
    -452.1010229830557137      0.0089088
    -451.4989940271284468     -0.0093590
    -450.8969626495826333     -0.0009794
    -450.2949288504517540     -0.0059743
    -449.6928926297356952      0.0048531
    -449.0908539873345831      0.0138245
    -448.4888129233150948      0.0050809
    -447.8867694375772430     -0.0030070
    -447.2847235302209583     -0.0002288
    -446.6826752011464237     -0.0126214
    -446.0806244503867788      0.0216391
    -445.4785712779089408      0.0147663
    -444.8765156837127392      0.0017974
    -444.2744576677316672      0.0159111
    -443.6723972299990919      0.0248670
    -443.0703343705148427      0.0245222
    -442.4682690892124697      0.0136099
    -441.8662013860919160     -0.0056772
    -441.2641312611532953      0.0044591
    -440.6620587143964940      0.0054214
    -440.0599837457882586      0.0188014
    -439.4579063552953357     -0.0077829
    -438.8558265429176117     -0.0064139
    -438.2537443086885673     -0.0040088
    -437.6516596525081582      0.0004122
    -437.0495725744097513      0.0046138
    -436.4474830743268399     -0.0034420
    -435.8453911523258739     -0.0122491
    -435.2432968083736569      0.0028838
    -434.6412000424368216      0.0188489
    -434.0391008544822284      0.0265587
    -433.4369992445429602     -0.0124074
    -432.8348952125859341     -0.0049978
    -432.2327887585444159      0.0282592
    -431.6306798824850830      0.0046337
    -431.0285685843413148     -0.0016742
    -430.4264548641131682     -0.0079797
    -429.8243387217672762     -0.0024764
    -429.2222201573370057     -0.0179368
    -428.6200991707557932     -0.0233227
    -428.0179757620234682     -0.0065831
    -427.4158499311402579     -0.0066583
    -426.8137216781059919     -0.0168296
    -426.2115910028542203     -0.0197512
    -425.6094579053848861      0.0235688
    -425.0073223857312996      0.0205403
    -424.4051844438268404      0.0162653
    -423.8030440797049323      0.0186075
    -423.2009012932987275      0.0166719
    -422.5987560846085671      0.0147503
    -421.9966084536674771      0.0143007
    -421.3944584004090075      0.0044558
    -420.7923059247998481     -0.0001076
    -420.1901510269066193      0.0069336
    -419.5879937066293337      0.0150179
    -418.9858339640014719     -0.0023370
    -418.3836717989895533      0.0037572
    -417.7815072115936346      0.0041840
    -417.1793402017805761     -0.0070062
    -416.5771707695501505      0.0004057
    -415.9749989148692180      0.0063272
    -415.3728246377710320      0.0034733
    -414.7706479381890290     -0.0066012
    -414.1684688160899555     -0.0009414
    -413.5662872715070080      0.0074787
    -412.9641033044403571      0.0089941
    -412.3619169148564652      0.0004847
    -411.7597281027221925      0.0043610
    -411.1575368680375959     -0.0023633
    -410.5553432108025618      0.0006837
    -409.9531471309839503     -0.0005974
    -409.3509486285482808     -0.0012818
    -408.7487477034956669      0.0022515
    -408.1465443558261086      0.0175696
    -407.5443385855396059      0.0098322
    -406.9421303925695952      0.0063494
    -406.3399197769493298      0.0000292
    -405.7377067386122462      0.0104609
    -405.1354912775915977      0.0014004
    -404.5332733938874981     -0.0003393
    -403.9310530874000165     -0.0026265
    -403.3288303581624064      0.0159701
    -402.7266052062080348      0.0128452
    -402.1243776314702814     -0.0008170
    -401.5221476339491460     -0.0034089
    -400.9199152136446287      0.0008565
    -400.3176803704901090      0.0202942
    -399.7154431045190677      0.0081832
    -399.1132034156979671     -0.0047005
    -398.5109613040269210      0.0054635
    -397.9087167694727327      0.0134545
    -397.3064698120352887      0.0101373
    -396.7042204317145888      0.0071490
    -396.1019686284441264      0.0226488
    -395.4997144022571547      0.0048285
    -394.8974577531204204      0.0213611
    -394.2951986810005565      0.0144165
    -393.6929371859309299     -0.0009276
    -393.0906732678448634     -0.0384547
    -392.4884069267758377     -0.0200548
    -391.8861381626238654     -0.0100901
    -391.2838669754887633      0.0106154
    -390.6815933653040815     -0.0038274
    -390.0793173320363962     -0.0040871
    -389.4770388757191313     -0.0010450
    -388.8747579962856094     -0.0105924
    -388.2724746937691975      0.0130552
    -387.6701889681032753      0.0254156
    -387.0679008192877859      0.0162942
    -386.4656102473561532      0.0090904
    -385.8633172522417567      0.0026141
    -385.2610218339445964      0.0146800
    -384.6587239924646724      0.0214486
    -384.0564237277353641      0.0005880
    -383.4541210398232352     -0.0125519
    -382.8518159286618356      0.0094585
    -382.2495083942177416     -0.0046046
    -381.6471984365243770      0.0068073
    -381.0448860555150077      0.0193242
    -380.4425712512231144      0.0034838
    -379.8402540236152163      0.0062584
    -379.2379343727247374     -0.0158188
    -378.6356122984517469     -0.0036125
    -378.0332878008296120      0.0001086
    -377.4309608798249656      0.0108855
    -376.8286315354711178      0.0027387
    -376.2262997676682517     -0.0079562
    -375.6239655764828740     -0.0133148
    -375.0216289618484211      0.0099786
    -374.4192899237983170     -0.0008835
    -373.8169484622657706      0.0063410
    -373.2146045772508955      0.0176025
    -372.6122582687537488     -0.0056922
    -372.0099095367742734     -0.0050604
    -371.4075583812458490     -0.0158255
    -370.8052048022018425     -0.0234675
    -370.2028487995423234      0.0018128
    -369.6004903734005325     -0.0092329
    -368.9981295236765391      0.0131716
    -368.3957662503370898     -0.0078102
    -367.7934005534154380      0.0036223
    -367.1910324328450201     -0.0079524
    -366.5886618886592032     -0.0006716
    -365.9862889208245633      0.0148038
    -365.3839135293412141      0.0043861
    -364.7815357141425352     -0.0056671
    -364.1791554752618367     -0.0066025
    -363.5767728126991187     -0.0198722
    -362.9743877263878176      0.0064117
    -362.3720002163278195      0.0113515
    -361.7696102825526054     -0.0085262
    -361.1672179249621877     -0.0084746
    -360.5648231436231868     -0.0198805
    -359.9624259385022356     -0.0127211
    -359.3600263095329410      0.0036282
    -358.7576242567151326      0.0122460
    -358.1552197800821205     -0.0125308
    -357.5528128796339615     -0.0082454
    -356.9504035552708388     -0.0201268
    -356.3479918070592021     -0.0093510
    -355.7455776349326015     -0.0003070
    -355.1431610388909235      0.0067334
    -354.5407420189342815      0.0019738
    -353.9383205750293655     -0.0095743
    -353.3358967071760617     -0.0103281
    -352.7334704153412304     -0.0098735
    -352.1310416995248147      0.0006530
    -351.5286105596935045     -0.0018053
    -350.9261769958472996     -0.0111594
    -350.3237410079862570      0.0045583
    -349.7213025960770096     -0.0105743
    -349.1188617600863608     -0.0105709
    -348.5164185000476209     -0.0086290
    -347.9139728158608023     -0.0194244
    -347.3115247076258356      0.0008603
    -346.7090741752762142      0.0090936
    -346.1066212187785140     -0.0074917
    -345.5041658381328489     -0.0011226
    -344.9017080333391618     -0.0057965
    -344.2992478043642564      0.0090314
    -343.6967851512080188      0.0074561
    -343.0943200738371957      0.0164896
    -342.4918525722517302      0.0111808
    -341.8893826464185395     -0.0057041
    -341.2869102963373962     -0.0144243
    -340.6844355220084708     -0.0027569
    -340.0819583233650860      0.0160011
    -339.4794787004738623      0.0039651
    -338.8769966532348690     -0.0073389
    -338.2745121816815299      0.0079841
    -337.6720252858137314     -0.0070969
    -337.0695359655649668     -0.0146538
    -336.4670442209351791     -0.0248123
    -335.8645500519577354     -0.0269897
    -335.2620534585660153      0.0035194
    -334.6595544407600187      0.0098927
    -334.0570529985729991      0.0017342
    -333.4545491319051393     -0.0016075
    -332.8520428407896929     -0.0045407
    -332.2495341252267735     -0.0019103
    -331.6470229851497038      0.0009959
    -331.0445094205917371      0.0069839
    -330.4419934315197338     -0.0087456
    -329.8394750179335233      0.0076140
    -329.2369541797667125      0.0013954
    -328.6344309170856945     -0.0038943
    -328.0319052297907092      0.0000660
    -327.4293771179483770     -0.0107165
    -326.8268465814919637     -0.0045427
    -326.2243136204216967     -0.0136670
    -325.6217782346707850     -0.0141771
    -325.0192404243060196     -0.0107785
    -324.4167001892938629      0.0155782
    -323.8141575296012320     -0.0061497
    -323.2116124452280701      0.0102991
    -322.6090649361743772     -0.0118101
    -322.0065150023735328     -0.0080472
    -321.4039626438588471     -0.0119879
    -320.8014078605638133     -0.0018102
    -320.1988506525549383     -0.0293375
    -319.5962910197324049     -0.0203830
    -318.9937289621294667     -0.0082874
    -318.3911644797128133     -0.0183072
    -317.7885975724825585      0.0002964
    -317.1860282404385316     -0.0047752
    -316.5834564835143397     -0.0188480
    -315.9808823017431223      0.0119273
    -315.3783056950917398      0.0048144
    -314.7757266634935149     -0.0125352
    -314.1731452070150681      0.0012120
    -313.5705613256230322      0.0015511
    -312.9679750193174641      0.0013053
    -312.3653862880318002     -0.0204670
    -311.7627951317994075     -0.0128418
    -311.1602015505868621      0.0033241
    -310.5576055443609107     -0.0049084
    -309.9550071131549203     -0.0131754
    -309.3524062569022703      0.0018343
    -308.7498029756029041      0.0175225
    -308.1471972692569352     -0.0073406
    -307.5445891378309966     -0.0174437
    -306.9419785813583985     -0.0123383
    -306.3393655997392671     -0.0224592
    -305.7367501930401659     -0.0358836
    -305.1341323611946450      0.0011726
    -304.5315121042025339      0.0113947
    -303.9288894220639463     -0.0049461
    -303.3262643147122617     -0.0012353
    -302.7236367822140437     -0.0017504
    -302.1210068245360389     -0.0056959
    -301.5183744416116838      0.0128101
    -300.9157396334742884     -0.0071947
    -300.3131024000904290      0.0108562
    -299.7104627414270226      0.0112409
    -299.1078206575171521     -0.0080767
    -298.5051761482944244      0.0035620
    -297.9025292137919791     -0.0094625
    -297.2998798539434233      0.0074671
    -296.6972280687818397     -0.0275647
    -296.0945738582740887      0.0165230
    -295.4919172223868600     -0.0039711
    -294.8892581611533501     -0.0042198
    -294.2865966745071091      0.0048736
    -293.6839327624480802     -0.0009119
    -293.0812664249762065     -0.0085437
    -292.4785976620250949     -0.0119125
    -291.8759264736611385     -0.0045008
    -291.2732528598511408     -0.0225503
    -290.6705768205617346     -0.0233391
    -290.0678983557597235     -0.0238769
    -289.4652174654451073     -0.0057471
    -288.8625341496178294     -0.0014829
    -288.2598484082779464     -0.0040253
    -287.6571602413588380      0.0050109
    -287.0544696488605041     -0.0229211
    -286.4517766308162550     -0.0164534
    -285.8490811871595838     -0.0153109
    -285.2463833178903769      0.0068182
    -284.6436830229754378     -0.0266895
    -284.0409803024480198     -0.0166423
    -283.4382751562748126     -0.0099425
    -282.8355675843892527     -0.0139044
    -282.2328575868579037     -0.0020592
    -281.6301451636143156     -0.0021340
    -281.0274303145917543     -0.0030977
    -280.4247130399234038     -0.0099359
    -279.8219933394761938      0.0107024
    -279.2192712133166310     -0.0043006
    -278.6165466613448984     -0.0072492
    -278.0138196835942495      0.0032903
    -277.4110902800646841     -0.0132647
    -276.8083584506896955     -0.0128168
    -276.2056241955024802     -0.0118720
    -275.6028875144697849      0.0247141
    -275.0001484075584131      0.0042130
    -274.3974068748015043      0.0051824
    -273.7946629161325518      0.0061748
    -273.1919165315515556      0.0045417
    -272.5891677210918260      0.0128883
    -271.9864164846534891      0.0069400
    -271.3836628223031084      0.0043842
    -270.7809067339741773      0.0121479
    -270.1781482196333286     -0.0157225
    -269.5753872793138157     -0.0134209
    -268.9726239130157524      0.0142229
    -268.3698581207058282      0.0245051
    -267.7670899023506763      0.0196550
    -267.1643192579171000      0.0063638
    -266.5615461874382959     -0.0201131
    -265.9587706909144345      0.0005129
    -265.3559927682454713     -0.0132172
    -264.7532124194980270      0.0097271
    -264.1504296446055946     -0.0074328
    -263.5476444436014276      0.0072465
    -262.9448568164189624     -0.0001488
    -262.3420667630915091     -0.0049063
    -261.7392742835523904      0.0046487
    -261.1364793778349735      0.0023565
    -260.5336820459060050      0.0032418
    -259.9308822877654279      0.0175976
    -259.3280801033466787      0.0182679
    -258.7252754926498142      0.0135985
    -258.1224684557413411     -0.0167154
    -257.5196589925213857      0.0052215
    -256.9168471030233150      0.0078300
    -256.3140327872138187      0.0044326
    -255.7112160450595582     -0.0013957
    -255.1083968765605903     -0.0053541
    -254.5055752817168866      0.0012328
    -253.9027512604951937     -0.0095935
    -253.2999248128954832     -0.0011943
    -252.6970959388844733      0.0110064
    -252.0942646384289105     -0.0003423
    -251.4914309115953301     -0.0323533
    -250.8885947582838583      0.0014115
    -250.2857561785278335      0.0358956
    -249.6829151722606923      0.0238195
    -249.0800717395489414      0.0204346
    -248.4772258802927638     -0.0129695
    -247.8743775944921879     -0.0230389
    -247.2715268822137205      0.0071769
    -246.6686737433908547      0.0009995
    -246.0658181779902520     -0.0085804
    -245.4629601860119692      0.0051738
    -244.8600997674226960     -0.0066803
    -244.2572369222556574     -0.0063459
    -243.6543716504443751      0.0117441
    -243.0515039520221308     -0.0117448
    -242.4486338269222756     -0.0001560
    -241.8457612751781767     -0.0079839
    -241.2428862967564669     -0.0165403
    -240.6400088916239497     -0.0088266
    -240.0371290597805967     -0.0096651
    -239.4342468012264078     -0.0200938
    -238.8313621159280729     -0.0152578
    -238.2284750038855918     -0.0048058
    -237.6255854650657398      0.0018607
    -237.0226934994018393      0.0106234
    -236.4197991070271598      0.0144013
    -235.8169022878084888      0.0085508
    -235.2140030417457979      0.0112098
    -234.6111013688724540      0.0210851
    -234.0081972691551186      0.0088136
    -233.4052907425272281      0.0040136
    -232.8023817890554028      0.0128433
    -232.1994704086396837      0.0112464
    -231.5965566013467196      0.0062852
    -230.9936403671099470     -0.0077525
    -230.3907217059293089      0.0041757
    -229.7878006177716088      0.0056675
    -229.1848771026700149     -0.0004032
    -228.5819511605581056     -0.0137781
    -227.9790227914689922     -0.0147046
    -227.3760919953362531     -0.0054374
    -226.7731587721930850     -0.0067272
    -226.1702231220062913     -0.0142640
    -225.5672850446758844      0.0127640
    -224.9643445403351620      0.0033471
    -224.3614016089174186     -0.0138522
    -223.7584562503894574      0.0063547
    -223.1555084647512217      0.0155941
    -222.5525582519362047      0.0147362
    -221.9496056120108847      0.0029755
    -221.3466505449088118     -0.0093830
    -220.7436930506298722      0.0068670
    -220.1407331291741230     -0.0101053
    -219.5377707804750287     -0.0070585
    -218.9348060045990962     -0.0091412
    -218.3318388014464801     -0.0056463
    -217.7288691710504906      0.0015677
    -217.1258971134110993      0.0170123
    -216.5229226284617994      0.0137493
    -215.9199457162358158     -0.0077072
    -215.3169663766998951     -0.0030201
    -214.7139846097541351      0.0211037
    -214.1110004155650017     -0.0041184
    -213.5080137939993961     -0.0172767
    -212.9050247450572328     -0.0058508
    -212.3020332687385405     -0.0073185
    -211.6990393650433759     -0.0159043
    -211.0960430339050617     -0.0117449
    -210.4930442753570219      0.0210441
    -209.8900430893658609      0.0168054
    -209.2870394758983252      0.0156365
    -208.6840334349876684      0.0037722
    -208.0810249665674121     -0.0096811
    -207.4780140706374993      0.0229291
    -206.8750007472312120     -0.0017174
    -206.2719849962819580      0.0108497
    -205.6689668177565409     -0.0116298
    -205.0659462116881286      0.0085422
    -204.4629231780768350      0.0015111
    -203.8598977168227009      0.0012078
    -203.2568698279590933      0.0182666
    -202.6538395115192941      0.0271299
    -202.0508067674366828      0.0192105
    -201.4477715957112594      0.0236777
    -200.8447339963097988      0.0127147
    -200.2416939692322728     -0.0017190
    -199.6386515144786529      0.0168566
    -199.0356066320156572      0.0052309
    -198.4325593218433426      0.0182203
    -197.8295095839283988      0.0281154
    -197.2264574182374872      0.0095531
    -196.6234028248039749      0.0047590
    -196.0203458035945232      0.0083982
    -195.4172863545758787      0.0039361
    -194.8142244777813232     -0.0061065
    -194.2111601731109829     -0.0110577
    -193.6080934406314213     -0.0013665
    -193.0050242803093852      0.0143944
    -192.4019526920450289     -0.0036488
    -191.7988786759714515     -0.0022412
    -191.1958022319888073      0.0029696
    -190.5927233600971249      0.0049410
    -189.9896420602963474     -0.0049784
    -189.3865583325199964     -0.0044894
    -188.7834721768345503      0.0071109
    -188.1803835931402205      0.0062251
    -187.5772925814702887     -0.0005311
    -186.9741991417914164     -0.0009574
    -186.3711032741368854      0.0097026
    -185.7680049784069354      0.0229055
    -185.1649042546680732      0.0008921
    -184.5618011028537353      0.0221507
    -183.9586955229639216      0.0260143
    -183.3555875149986321     -0.0046679
    -182.7524770789245565      0.0008589
    -182.1493642147417518     -0.0081980
    -181.5462489224169076     -0.0151151
    -180.9431312018834319      0.0015703
    -180.3400110532745089      0.0140049
    -179.7368884764569543      0.0085508
    -179.1337634714640785      0.0050353
    -178.5306360382625996      0.0034150
    -177.9275061768525461     -0.0018414
    -177.3243738872005508      0.0005770
    -176.7212391693066706     -0.0261999
    -176.1181020231376237      0.0138103
    -175.5149624486933817      0.0103085
    -174.9118204459739729      0.0017364
    -174.3086760149461441      0.0154299
    -173.7055291555765280      0.0001278
    -173.1023798678651815      0.0110442
    -172.4992281518120762     -0.0025771
    -171.8960740074172406      0.0058155
    -171.2929174346140826      0.0091425
    -170.6897584334026305      0.0053497
    -170.0865970037495742      0.0058237
    -169.4834331457215058      0.0143057
    -168.8802668592518330      0.0108478
    -168.2770981443405560     -0.0070494
    -167.6739270009543930     -0.0048933
    -167.0707534290933722     -0.0138293
    -166.4675774287241836     -0.0167704
    -165.8643989998135737      0.0065018
    -165.2612181424280493      0.0089137
    -164.6580348564677934      0.0065838
    -164.0548491419661161      0.0135838
    -163.4516609988897073      0.0211938
    -162.8484704272052852      0.0000246
    -162.2452774269461315      0.0063699
    -161.6420819980456827     -0.0005639
    -161.0388841405372204     -0.0027867
    -160.4356838543874346     -0.0029872
    -159.8324811395631002      0.0103549
    -159.2292759960308786      0.0262461
    -158.6260684238573901      0.0282067
    -158.0228584229760145     -0.0070718
    -157.4196459933868084     -0.0109564
    -156.8164311350564333      0.0002634
    -156.2132138479516072     -0.0123921
    -155.6099941321056406      0.0059593
    -155.0067719874852514     -0.0040275
    -154.4035474140904682      0.0092212
    -153.8003204118879239      0.0103925
    -153.1970909808443650      0.0245493
    -152.5938591209598485     -0.0026061
    -151.9906248322343174      0.0041135
    -151.3873881146678002      0.0031657
    -150.7841489681937048      0.0164392
    -150.1809073928453131      0.0044593
    -149.5776633885560898      0.0196808
    -148.9744169553593167      0.0045834
    -148.3711680932216836      0.0173217
    -147.7679168021099088      0.0164067
    -147.1646630820573023      0.0318813
    -146.5614069330305256     -0.0017251
    -145.9581483549963821      0.0009667
    -145.3548873479547581      0.0147853
    -144.7516239118724855     -0.0096883
    -144.1483580467827892     -0.0074353
    -143.5450897526191056      0.0047193
    -142.9418190293814348      0.0165661
    -142.3385458770697483     -0.0026547
    -141.7352702956508494      0.0067992
    -141.1319922851246531      0.0286396
    -140.5287118454579343      0.0113126
    -139.9254289766506076      0.0060392
    -139.3221436787027869      0.0105389
    -138.7188559515478232      0.0017024
    -138.1155657952523086      0.0246937
    -137.5122732097163976      0.0263550
    -136.9089781949400901      0.0196807
    -136.3056807509566397      0.0184699
    -135.7023808777327929      0.0223468
    -135.0990785752685497      0.0031452
    -134.4957738434973464      0.0023914
    -133.8924666824524365      0.0182138
    -133.2891570921005950     -0.0020334
    -132.6858450724417651      0.0010819
    -132.0825306234426648      0.0125081
    -131.4792137451033227      0.0080066
    -130.8758944373904569      0.0127673
    -130.2725727003040390     -0.0032299
    -129.6692485338108156     -0.0154887
    -129.0659219379107583      0.0233026
    -128.4625929126038670      0.0264452
    -127.8592614578568885      0.0281124
    -127.2559275736365265      0.0077583
    -126.6525912599760630      0.0188195
    -126.0492525168089202      0.0263404
    -125.4459113441351121      0.0213800
    -124.8425677419546105     -0.0151207
    -124.2392217102674579      0.0042424
    -123.6358732490736259     -0.0021686
    -123.0325223582732832      0.0095154
    -122.4291690379329793      0.0072561
    -121.8258132880194324     -0.0001759
    -121.2224551084993749      0.0022487
    -120.6190944993394965      0.0183864
    -120.0157314605731074      0.0023079
    -119.4123659921668974      0.0093902
    -118.8089980941209092      0.0142258
    -118.2056277663685222      0.0291389
    -117.6022550089430609      0.0231958
    -116.9988798218112152     -0.0062984
    -116.3955022049729990      0.0113201
    -115.7921221583951308      0.0083033
    -115.1887396820776104      0.0027077
    -114.5853547759538458      0.0260494
    -113.9819674401237251      0.0249508
    -113.3785776744873743      0.0225652
    -112.7751854790447936      0.0013555
    -112.1717908537627295      0.0006944
    -111.5683937986744070      0.0276014
    -110.9649943137466011      0.0247846
    -110.3615923989460015      0.0196426
    -109.7581880542393122      0.0076656
    -109.1547812796598436      0.0218300
    -108.5513720752075812      0.0106052
    -107.9479604407826656      0.0074339
    -107.3445463764516887      0.0201492
    -106.7411298821813546      0.0190862
    -106.1377109579050853      0.0171827
    -105.5342896036894729      0.0188380
    -104.9308658194679111      0.0304361
    -104.3274396052071467      0.0197919
    -103.7240109609071794      0.0272325
    -103.1205798866012913      0.0506609
    -102.5171463822561719      0.0405856
    -101.9137104478385822      0.0156552
    -101.3102720833152119      0.0289723
    -100.7068312887193429      0.0331532
    -100.1033880640176932      0.0371373
     -99.4999424091769953      0.0057495
     -98.8964943241972207      0.0358662
     -98.2930438090783838      0.0417399
     -97.6895908637539350      0.0255493
     -97.0861354882571277      0.0188097
     -96.4826776825547086      0.0295882
     -95.8792174466466491      0.0245154
     -95.2757547805329637      0.0276046
     -94.6722896841470885      0.0129798
     -94.0688221574890235      0.0272392
     -93.4653522005920223      0.0281000
     -92.8618798133895638      0.0310977
     -92.2584049958483376      0.0468583
     -91.6549277480016258      0.0509628
     -91.0514480698494424      0.0425043
     -90.4479659613584914      0.0283227
     -89.8444814224955053      0.0336868
     -89.2409944532604555      0.0238313
     -88.6375050536200888      0.0418635
     -88.0340132236076727      0.0470649
     -87.4305189631233617      0.0139086
     -86.8270222722337195      0.0305803
     -86.2235231509054643      0.0455738
     -85.6200215991053142      0.0434761
     -85.0165176168332550      0.0282590
     -84.4130112040560334      0.0422637
     -83.8095023607736209      0.0326619
     -83.2059910869527357      0.0434153
     -82.6024773825933920      0.0423332
     -81.9989612476955898      0.0239487
     -81.3954426821927512      0.0424775
     -80.7919216861514542      0.0383843
     -80.1883982595051208      0.0443924
     -79.5848724022537510      0.0243950
     -78.9813441143640631      0.0333642
     -78.3778133958360712      0.0484957
     -77.7742802466697611      0.0420918
     -77.1707446668318653      0.0523874
     -76.5672066562890592      0.0522907
     -75.9636662150413855      0.0894320
     -75.3601233431220976      0.0981877
     -74.7565780404313784      0.0972612
     -74.1530303070357775      0.0882101
     -73.5494801428354350      0.0952903
     -72.9459275478969289      0.1250070
     -72.3423725221536813      0.1390818
     -71.7388150656389882      0.1311846
     -71.1352551782862861      0.1429982
     -70.5316928600955606      0.1352702
     -69.9281281110002482      0.1554998
     -69.3245609311334903      0.1783225
     -68.7209913203621454      0.1753644
     -68.1174192786862136      0.1865354
     -67.5138448061389909      0.2160017
     -66.9102679026538851      0.2060340
     -66.3066885682309248      0.2019281
     -65.7031068028700815      0.2317753
     -65.0995226065381019      0.2395015
     -64.4959359792349574      0.2327403
     -63.8923469209273875      0.2539267
     -63.2887554316153782      0.2415656
     -62.6851615112989293      0.2453039
     -62.0815651599447662      0.2474677
     -61.4779663775195999      0.2482958
     -60.8743651640234305      0.2482571
     -60.2707615194562578      0.2578952
     -59.6671554438180820      0.2578889
     -59.0635469369757686      0.2563218
     -58.4599359990957410      0.2165902
     -57.8563226300448505      0.2388770
     -57.2527068298564004      0.2433403
     -56.6490885984970873      0.2390413
     -56.0454679359669257      0.2558790
     -55.4418448421993375      0.2722775
     -54.8382193172608936      0.2421556
     -54.2345913610517556      0.2545778
     -53.6309609736384729      0.2675578
     -53.0273281549544890      0.2694099
     -52.4236929049997968      0.2720116
     -51.8200552237411145      0.3081442
     -51.2164151112117381      0.3048497
     -50.6127725673450826      0.3139752
     -50.0091275921744369      0.3232147
     -49.4054801856332446      0.3416369
     -48.8018303477214843      0.3480714
     -48.1981780784391773      0.3463588
     -47.5945233777530206      0.3704065
     -46.9908662456630353      0.4103556
     -46.3872066822024962      0.4335310
     -45.7835446872715437      0.4572604
     -45.1798802609034666      0.5030339
     -44.5762134030649833      0.5212486
     -43.9725441137561006      0.5457118
     -43.3688723929768045      0.5857269
     -42.7651982406605384      0.6056409
     -42.1615216568405842      0.6424849
     -41.5578426414836457      0.6772764
     -40.9541611945564554      0.7212423
     -40.3504773160590133      0.7313604
     -39.7467910059913052      0.7217109
     -39.1431022643533453      0.7448499
     -38.5394110910785557      0.7778403
     -37.9357174862002253      0.7848403
     -37.3320214496517906      0.8004330
     -36.7283229814332444      0.7950817
     -36.1246220815778756      0.7925983
     -35.5209187500191135      0.7816420
     -34.9172129867902399      0.7929546
     -34.3135047918579801      0.8191597
     -33.7097941651557562      0.8297305
     -33.1060811067501390      0.8236924
     -32.5023656165745649      0.8636425
     -31.8986476946290338      0.8731078
     -31.2949273409135422      0.8804427
     -30.6912045553615194      0.8676670
     -30.0874793380062577      0.9016572
     -29.4837516888477502      0.9184311
     -28.8800216078194367      0.9138756
     -28.2762890949213102      0.9430043
     -27.6725541501866559      0.9542152
     -27.0688167735156284      0.9808997
     -26.4650769649747843      0.9913726
     -25.8613347244642817      1.0077786
     -25.2575900520506842      1.0309595
     -24.6538429477007135      1.0719408
     -24.0500934113810771      1.0948713
     -23.4463414430917751      1.1064451
     -22.8425870428328182      1.1147422
     -22.2388302105376319      1.1221830
     -21.6350709462062163      1.1570702
     -21.0313092498718532      1.2388722
     -20.4275451214679826      1.2191346
     -19.8237785610278792      1.2730060
     -19.2200095684849828      1.3312830
     -18.6162381438392899      1.3964463
     -18.0124642870908005      1.4796385
     -17.4086879982062293      1.5763788
     -16.8049092772188686      1.6577005
     -16.2011281240288554      1.7547213
     -15.5973445387027638      1.9219760
     -14.9935585212073086      2.0670476
     -14.3897700714426389      2.2793403
     -13.7859791895086072      2.5075448
     -13.1821858753719301      2.7764342
     -12.5783901289660349      3.0705366
     -11.9745919503242124      3.4047000
     -11.3707913393798918      3.8215954
     -10.7669882961996386      4.2725215
     -10.1631828206836055      4.8912387
      -9.5593749128650742      5.7577710
      -8.9555645727107613      6.7728910
      -8.3517518002206668      7.7991557
      -7.7479365953615078      8.7632046
      -7.1441189581332836      9.7281456
      -6.5402988885027096     10.6528292
      -5.9364763864697876     11.5260201
      -5.3326514520345176     12.3376284
      -4.7288240851636134     13.3648844
      -4.1249942858570785     14.8321056
      -3.5211620540150594     16.8403111
      -2.9173273897374079     19.1545277
      -2.3134902929908407     20.9166374
      -1.7096507637420735     21.6521473
      -1.1058088019578229     21.8314152
      -0.5019644076380888     22.0299969
       0.1018824192171285     21.8958588
       0.7057316786743965     20.9319534
       1.3095833706338642     19.1470280
       1.9134374952286661     16.9069557
       2.5172940524588023     14.6213951
       3.1211530423242730     12.6494722
       3.7250144647585106     10.8879375
       4.3288783198946499      9.1245632
       4.9327446077326913      7.4246411
       5.5366133282060668      6.0826693
       6.1404844813813435      5.0450249
       6.7443580672585215      4.2435274
       7.3482340859041688      3.6093352
       7.9521125372517183      3.0461152
       8.5559934213677344      2.5627322
       9.1598767382522226      2.1808918
       9.7637624879717464      1.8839545
      10.3676506703931697      1.5751365
      10.9715412857161994      1.3492074
      11.5754343338076957      1.1680273
      12.1793298148007967      1.0173570
      12.7832277286289315      0.8878796
      13.3871280752921056      0.7474751
      13.9910308548568825      0.6596162
      14.5949360673898294      0.5541702
      15.1988437127578120      0.4981927
      15.8027537910939664      0.4403063
      16.4066663023982926      0.3921394
      17.0105812466042217      0.3689862
      17.6144986238448880      0.3310281
      18.2184184340537243      0.2990009
      18.8223406773638686      0.2575799
      19.4262653535756158      0.2260237
      20.0301924628221002      0.1681109
      20.6341220051698890      0.1697894
      21.2380539805524151      0.1618847
      21.8419883890362492      0.1483023
      22.4459252306213877      0.1393734
      23.0498645052412634      0.1134861
      23.6538062130955851      0.1140453
      24.2577503539846369      0.0745936
      24.8616969281081346      0.1019390
      25.4656459353329332      0.0814343
      26.0695973757921742      0.0912315
      26.6735512494192868      0.0652621
      27.2775075562808418      0.0655084
      27.8814662963768320      0.0459167
      28.4854274696406975      0.0597760
      29.0893910762055725      0.0414002
      29.6933571160714536      0.0384775
      30.2973255892383371      0.0321184
      30.9012964957062373      0.0300905
      31.5052698354085692      0.0338949
      32.1092456084784814      0.0465242
      32.7132238149159633      0.0254095
      33.3172044547210220      0.0083170
      33.9211875278270867      0.0105306
      34.5251730343672989      0.0267794
      35.1291609743416515      0.0319232
      35.7331513476835667      0.0163919
      36.3371441544596365      0.0231074
      36.9411393947364104      0.0322172
      37.5451370684473318      0.0046574
      38.1491371755923936      0.0038133
      38.7531397163047231      0.0110064
      39.3571446904512072      0.0194661
      39.9611520981649591     -0.0058214
      40.5651619393794149      0.0089780
      41.1691742142277306      0.0156837
      41.7731889225767432     -0.0051970
      42.3772060644930377      0.0024335
      42.9812256400431707     -0.0185677
      43.5852476491605856     -0.0000838
      44.1892720919118460      0.0120398
      44.7932989682969449      0.0074864
      45.3973282783158893      0.0039930
      46.0013600220352430      0.0030458
      46.6053941994550129     -0.0039573
      47.2094308105086213     -0.0023713
      47.8134698553292097      0.0061004
      48.4175113338502143     -0.0118450
      49.0215552461381918      0.0104168
      49.6256015921931493      0.0073346
      50.2296503719485088     -0.0016005
      50.8337015855374261     -0.0034972
      51.4377552329598871     -0.0007716
      52.0418113142158916     -0.0067107
      52.6458698292388760     -0.0003374
      53.2499307780954041      0.0047890
      53.8539941608520465      0.0164111
      54.4580599774422325      0.0084344
      55.0621282279325328      0.0010679
      55.6661989123229404      0.0010503
      56.2702720306800401      0.0011013
      56.8743475829372400     -0.0079356
      57.4784255690945614      0.0158841
      58.0825059892851243      0.0057037
      58.6865888434423795      0.0109666
      59.2906741315663055      0.0135002
      59.8947618536569166      0.0006715
      60.4988520098473401      0.0044759
      61.1029446000044416      0.0028843
      61.7070396242613555      0.0147360
      62.3111370825515252     -0.0007557
      62.9152369749415001     -0.0016864
      63.5193393014978653     -0.0017912
      64.1234440620874722      0.0127990
      64.7275512567769056      0.0028099
      65.3316608856327008     -0.0023245
      65.9357729486548862      0.0046293
      66.5398874458434761      0.0074948
      67.1440043771984136      0.0144409
      67.7481237427197698      0.0125728
      68.3522455424740514      0.0079367
      68.9563697764612726      0.0088703
      69.5604964447480256      0.0144960
      70.1646255472011688      0.0025584
      70.7687570839538154     -0.0043561
      71.3728910550059794      0.0009062
      71.9770274603576752     -0.0045618
      72.5811663000088743     -0.0043304
      73.1853075740261545     -0.0124032
      73.7894512823429523      0.0147387
      74.3935974250924090      0.0072931
      74.9977460022079470     -0.0249785
      75.6018970136229882      0.0182524
      76.2060504594707027     -0.0093745
      76.8102063397510619     -0.0012301
      77.4143646544640660      0.0105218
      78.0185254036762927      0.0065797
      78.6226885872546006     -0.0259078
      79.2268542053987090     -0.0164456
      79.8310222579754480      0.0060922
      80.4351927450514239     -0.0057632
      81.0393656666931577     -0.0189756
      81.6435410228341283     -0.0000032
      82.2477188135408994     -0.0055350
      82.8518990388134426     -0.0003167
      83.4560816986517722     -0.0062379
      84.0602667931224516     -0.0069368
      84.6644543221589174     -0.0016316
      85.2686442858277474      0.0118228
      85.8728366841954909      0.0116804
      86.4770315171955701     -0.0030002
      87.0812287848280278     -0.0003228
      87.6854284871593990      0.0133693
      88.2896306241896838      0.0202730
      88.8938351959188964      0.0022952
      89.4980422023470368      0.0404317
      90.1022516436072181      0.0114399
      90.7064635195663129     -0.0076142
      91.3106778302909134      0.0260901
      91.9148945757810054      0.0059986
      92.5191137561031383      0.0006756
      93.1233353712573262     -0.0181071
      93.7275594211770056     -0.0112057
      94.3317859059953037     -0.0027889
      94.9360148256456569     -0.0090042
      95.5402461801946430     -0.0147588
      96.1444799696422479      0.0119480
      96.7487161940550493     -0.0086648
      97.3529548532998916     -0.0103917
      97.9571959474433527     -0.0017431
      98.5614394766185882     -0.0044143
      99.1656854406924424     -0.0137144
      99.7699338397980426     -0.0215637
     100.3741846738688395      0.0045799
     100.9784379429048329     -0.0108488
     101.5826936469725581     -0.0043151
     102.1869517861386356      0.0145757
     102.7912123603364591     -0.0039564
     103.3954753695660429     -0.0169213
     103.9997408138939505      0.0067993
     104.6040086933201820     -0.0060669
     105.2082790078447232      0.0149982
     105.8125517575341803     -0.0051759
     106.4168269423219471     -0.0395121
     107.0211045622746155      0.0011084
     107.6253846173921573      0.0016079
     108.2296671077411787      0.0110555
     108.8339520332550734      0.0013354
     109.4382393939338840     -0.0105258
     110.0425291899106952     -0.0123442
     110.6468214210524224     -0.0017484
     111.2511160874921501      0.0019849
     111.8554131892299210     -0.0180858
     112.4597127261991432      0.0054395
     113.0640146985329579     -0.0201270
     113.6683191060982381      0.0016905
     114.2726259490946887     -0.0087126
     114.8769352273891400     -0.0073044
     115.4812469410481981      0.0018124
     116.0855610900718631     -0.0107250
     116.6898776744601065      0.0113434
     117.2941966942795062     -0.0056515
     117.8985181495300765      0.0095969
     118.5028420402118030      0.0095589
     119.1071683663912495     -0.0017594
     119.7114971279353028      0.0036485
     120.3158283250436540      0.0082961
     120.9201619575831614     -0.0003095
     121.5244980256203888      0.0002172
     122.1288365292219282      0.0118810
     122.7331774683211876      0.0070311
     123.3375208429847305     -0.0216805
     123.9418666532791491     -0.0155967
     124.5462148990712876      0.0064187
     125.1505655804942876     -0.0007409
     125.7549186974815996     -0.0014635
     126.3592742501663366     -0.0180354
     126.9636322384819209     -0.0234116
     127.5679926624283809     -0.0118208
     128.1723555220057165      0.0128404
     128.7767208172804487      0.0067286
     129.3810885483191839      0.0047772
     129.9854587150553868     -0.0012109
     130.5898313174890006      0.0007238
     131.1942063556865889     -0.0082027
     131.7985838296481802     -0.0010622
     132.4029637393072107     -0.0003898
     133.0073460848633715      0.0091777
     133.6117308661170000      0.0159864
     134.2161180832677019      0.0128571
     134.8205077361824351     -0.0033766
     135.4248998249942986     -0.0100775
     136.0292943496367002     -0.0227072
     136.6336913101762605     -0.0104001
     137.2380907066129510     -0.0041772
     137.8424925389467717     -0.0038811
     138.4468968071776942     -0.0029488
     139.0513035113723674      0.0012205
     139.6557126514641141      0.0127535
     140.2601242275861750     -0.0016220
     140.8645382396719015      0.0226904
     141.4689546877879138      0.0102364
     142.0733735718010848     -0.0168287
     142.6777948919110770      0.0033646
     143.2822186480512983      0.0060582
     143.8866448402218055     -0.0007241
     144.4910734684891338      0.0068946
     145.0955045328533117      0.0162501
     145.6999380332477756      0.0104796
     146.3043739698055958     -0.0105340
     146.9088123424602941     -0.0061479
     147.5132531512783487     -0.0150481
     148.1176963961932813     -0.0088400
     148.7221420773381624      0.0154604
     149.3265901946464567      0.0202653
     149.9310407481846994     -0.0169335
     150.5354937378863269     -0.0095844
     151.1399491638845234      0.0018975
     151.7444070260461331      0.0113189
     152.3488673245708469      0.0176505
     152.9533300593254808     -0.0138830
     153.5577952303101199      0.0006386
     154.1622628376578632      0.0028095
     154.7667328813020902     -0.0080717
     155.3712053612429145     -0.0011465
     155.9756802776134066     -0.0125752
     156.5801576302803824     -0.0061188
     157.1846374193105191      0.0102215
     157.7891196447702953      0.0093011
     158.3936043066597392     -0.0054114
     158.9980914049122873     -0.0013247
     159.6025809395945316      0.0137722
     160.2070729107729790      0.0146469
     160.8115673183811225     -0.0201353
     161.4160641624854975     -0.0186619
     162.0205634430861039     -0.0065076
     162.6250651601829418      0.0097072
     163.2295693138426032      0.0050691
     163.8340759040650596     -0.0022231
     164.4385849307837475      0.0119736
     165.0430963940652305     -0.0088941
     165.6476102939095654     -0.0059918
     166.2521266303832306     -0.0170100
     166.8566454034863114     -0.0025554
     167.4611666131521304     -0.0069502
     168.0656902595139286     -0.0008532
     168.6702163425050855     -0.0016338
     169.2747448621921933     -0.0078694
     169.8792758185752234      0.0201025
     170.4838092115876407      0.0125742
     171.0883450413626008     -0.0076674
     171.6928833079000185     -0.0035070
     172.2974240111333870      0.0145291
     172.9019671511292700      0.0047167
     173.5065127279542310     -0.0114207
     174.1110607414751144      0.0192544
     174.7156111919582031      0.0042992
     175.3201640791372427     -0.0017749
     175.9247194031453319     -0.0090067
     176.5292771639825276     -0.0045758
     177.1338373617819286     -0.0091607
     177.7383999963438157      0.0081652
     178.3429650678679366     -0.0045115
     178.9475325762876992      0.0132331
     179.5521025216030750      0.0027074
     180.1566749038806847      0.0119362
     180.7612497231204998      0.0059270
     181.3658269792559565     -0.0022892
     181.9704066724201823      0.0084618
     182.5749888026131771      0.0230464
     183.1795733697683772      0.0060428
     183.7841603739523748     -0.0000114
     184.3887498151651414     -0.0007859
     184.9933416934732406     -0.0176186
     185.5979360088767010      0.0036906
     186.2025327613089303     -0.0100444
     186.8071319508365207     -0.0190999
     187.4117335775259789     -0.0004963
     188.0163376412442346      0.0058269
     188.6209441421909787     -0.0275014
     189.2255530802330554     -0.0116926
     189.8301644555035921     -0.0111770
     190.4347782679360819     -0.0095483
     191.0393945175970032     -0.0053792
     191.6440132044198776     -0.0069748
     192.2486343285377757      0.0135248
     192.8532578898175984     -0.0074548
     193.4578838883924448     -0.0019973
     194.0625123242623147      0.0033775
     194.6671431974272650     -0.0263082
     195.2717765078872674     -0.0296211
     195.8764122556422933     -0.0103898
     196.4810504407589633     -0.0074266
     197.0856910633037842      0.0098276
     197.6903341230770934     -0.0171431
     198.2949796202785819     -0.0106603
     198.8996275549082497     -0.0041084
     199.5042779268995332      0.0157419
     200.1089307363189960      0.0042141
     200.7135859831666096      0.0011757
     201.3182436674424309      0.0001976
     201.9229037892795873     -0.0094142
     202.5275663484783024      0.0103977
     203.1322313452383810     -0.0164068
     203.7368987794931741     -0.0007029
     204.3415686513093021      0.0020823
     204.9462409606201732      0.0021792
     205.5509157075589144      0.0067925
     206.1555928919924270      0.0079494
     206.7602725140537814     -0.0005631
     207.3649545736764708     -0.0010566
     207.9696390709936225     -0.0144700
     208.5743260058720807     -0.0294273
     209.1790153783784092     -0.0072746
     209.7837071885792000     -0.0092037
     210.3884014364078894     -0.0028395
     210.9930981219309842     -0.0002165
     211.5977972452151334      0.0017187
     212.2024988061271529     -0.0048491
     212.8072028048667335     -0.0014557
     213.4119092413007763      0.0105059
     214.0166181154958451     -0.0052915
     214.6213294274519114      0.0082272
     215.2260431772355673      0.0044258
     215.8307593647802776      0.0016430
     216.4354779902190842     -0.0084323
     217.0401990534189451     -0.0142115
     217.6449225545129309     -0.0003029
     218.2496484934345062     -0.0006109
     218.8543768702502348     -0.0052448
     219.4591076850266802     -0.0100400
     220.0638409376973073     -0.0105827
     220.6685766281954670      0.0053734
     221.2733147567209357     -0.0016159
     221.8780553231405861      0.0004010
     222.4827983275208965      0.0164977
     223.0875437699285442     -0.0066509
     223.6922916502968803      0.0162029
     224.2970419686924970      0.0096206
     224.9017947251819578     -0.0235114
     225.5065499196321639     -0.0178112
     226.1113075521096789     -0.0193221
     226.7160676227475733     -0.0022349
     227.3208301314127766      0.0067000
     227.9255950781718241     -0.0039167
     228.5303624630912793      0.0261228
     229.1351322861045787      0.0084713
     229.7399045472783143     -0.0138995
     230.3446792466790498     -0.0082801
     230.9494563841736294      0.0030252
     231.5542359598285884      0.0138135
     232.1590179737771678      0.0118977
     232.7638024258861265     -0.0129690
     233.3685893162220850      0.0017362
     233.9733786447850150      0.0097974
     234.5781704116415369     -0.0054208
     235.1829646167915655     -0.0103827
     235.7877612602351860     -0.0071686
     236.3925603419723700     -0.0104196
     236.9973618620030891     -0.0115218
     237.6021658203939069      0.0034255
     238.2069722171448802     -0.0185633
     238.8117810522559523     -0.0114663
     239.4165923257271515      0.0148454
     240.0214060376250416      0.0293448
     240.6262221879496224     -0.0026872
     241.2310407767009224     -0.0100877
     241.8358618038122927     -0.0237896
     242.4406852694835379      0.0124257
     243.0455111735148819     -0.0048980
     243.6503395161060439     -0.0005642
     244.2551702971904604      0.0003368
     244.8600035167681312     -0.0078568
     245.4648391748390566     -0.0137084
     246.0696772714698284      0.0050650
     246.6745178067269819      0.0056224
     247.2793607804773899      0.0117960
     247.8842061928541796      0.0016201
     248.4890540437907873     -0.0099172
     249.0939043333538052      0.0123669
     249.6987570616097685      0.0002736
     250.3036122284921419     -0.0052557
     250.9084698340008970      0.0015967
     251.5133298782025975     -0.0024895
     252.1181923610307081     -0.0016101
     252.7230572826848913      0.0052374
     253.3279246430320484      0.0140778
     253.9327944420721508      0.0235483
     254.5376666798717906     -0.0007186
     255.1425413564309679      0.0139428
     255.7474184717496541     -0.0024045
     256.3522980258944699     -0.0168694
     256.9571800187987378     -0.0052240
     257.5620644505956989      0.0047265
     258.1669513211522258     -0.0033726
     258.7718406306013890     -0.0004670
     259.3767323789431885     -0.0156563
     259.9816265661776242      0.0002254
     260.5865231922381895      0.0212542
     261.1914222572580115      0.0043426
     261.7963237611704699      0.0273362
     262.4012277040421850      0.0143803
     263.0061340858731000      0.0020139
     263.6110429067297787      0.0031377
     264.2159541665457141     -0.0100171
     264.8208678653208494      0.0018045
     265.4257840031218620     -0.0015662
     266.0307025799485814      0.0096964
     266.6356235958011212     -0.0120547
     267.2405470507460450     -0.0141771
     267.8454729447832960      0.0073427
     268.4504012778463675      0.0030133
     269.0553320500683867      0.0159109
     269.6602652613827331     -0.0007482
     270.2652009118560272     -0.0135956
     270.8701390014216486      0.0016485
     271.4750795302127813     -0.0034714
     272.0800224981628617      0.0072177
     272.6849679052718329     -0.0018282
     273.2899157516063724     -0.0002343
     273.8948660371663664      0.0055800
     274.4998187619518717     -0.0076897
     275.1047739260294520     -0.0061051
     275.7097315293324868      0.0089989
     276.3146915719276535     -0.0099331
     276.9196540538147815     -0.0069862
     277.5246189749940413      0.0082218
     278.1295863355318829     -0.0125940
     278.7345561354284200      0.0034564
     279.3395283746169753      0.0129791
     279.9445030531642260      0.0257808
     280.5494801711366222      0.0115165
     281.1544597285342206     -0.0021268
     281.7594417252904577      0.0179169
     282.3644261614718971      0.0109756
     282.9694130371451024     -0.0072142
     283.5744023522435100      0.0073053
     284.1793941068336835      0.0170439
     284.7843883009156229      0.0316316
     285.3893849344227078      0.0137395
     285.9943840075547428     -0.0096042
     286.5993855201785436     -0.0026943
     287.2043894723606741      0.0138820
     287.8093958640345136      0.0058952
     288.4144046953333032     -0.0120347
     289.0194159662570428     -0.0214086
     289.6244296767391120     -0.0139650
     290.2294458268460176      0.0025101
     290.8344644165778163      0.0084658
     291.4394854459345652      0.0001866
     292.0445089150493345     -0.0042259
     292.6495348237224334     -0.0053519
     293.2545631721536097     -0.0083769
     293.8595939603427496      0.0179816
     294.4646271881568396     -0.0037585
     295.0696628557954568      0.0122821
     295.6747009631256446      0.0194904
     296.2797415102137961      0.0222252
     296.8847844971265886      0.0321326
     297.4898299238639652      0.0167848
     298.0948777903593623      0.0041281
     298.6999280966794004     -0.0019424
     299.3049808428905862      0.0068745
     299.9100360289263563     -0.0037731
     300.5150936547867673      0.0090485
     301.1201537206048897     -0.0084539
     301.7252162262476531      0.0096456
     302.3302811718481280      0.0005059
     302.9353485574063143      0.0139302
     303.5404183828557052      0.0008969
     304.1454906483293712      0.0094561
     304.7505653536942418     -0.0043668
     305.3556424990833875     -0.0040897
     305.9607220844968651     -0.0092225
     306.5658041099346178     -0.0082994
     307.1708885753301388     -0.0048514
     307.7759754808830053      0.0122441
     308.3810648264603174      0.0081221
     308.9861566121284113      0.0007413
     309.5912508378208372      0.0027745
     310.1963475036707223     -0.0028211
     310.8014466096114461      0.0095123
     311.4065481557095723      0.0093707
     312.0116521419652145      0.0152207
     312.6167585683782590     -0.0012511
     313.2218674349487628      0.0202610
     313.8269787417432326      0.0138190
     314.4320924886951616      0.0090906
     315.0372086759376771      0.0134978
     315.6423273034042154      0.0015956
     316.2474483710947197     -0.0006740
     316.8525718790758674      0.0200120
     317.4576978273474879      0.0031201
     318.0628262159097517      0.0051644
     318.6679570447625451      0.0015612
     319.2730903140390524      0.0020323
     319.8782260236061461     -0.0081269
     320.4833641734638263     -0.0155859
     321.0885047637451635      0.0070827
     321.6936477944502712     -0.0005244
     322.2987932655125292     -0.0023287
     322.9039411769984440      0.0029705
     323.5090915289080726      0.0101892
     324.1142443212414719     -0.0219116
     324.7193995540650917     -0.0109110
     325.3245572273789321      0.0275173
     325.9297173411165431      0.0141868
     326.5348798954110521      0.0065385
     327.1400448902622884      0.0328949
     327.7452123256038590      0.0001642
     328.3503822015022706     -0.0154444
     328.9555545179575802      0.0040911
     329.5607292749696740      0.0101203
     330.1659064726051724     -0.0066666
     330.7710861109306393     -0.0079424
     331.3762681898130040      0.0137510
     331.9814527092521530     -0.0165408
     332.5866396694478340      0.0068758
     333.1918290702669765      0.0047484
     333.7970209117760874      0.0035463
     334.4022151939751666      0.0113512
     335.0074119168642142      0.0215057
     335.6126110805098506     -0.0049981
     336.2178126849120190      0.0013365
     336.8230167300707194      0.0028179
     337.4282232159859518     -0.0142209
     338.0334321426577162      0.0339882
     338.6386435101525763      0.0226616
     339.2438573184705888      0.0056348
     339.8490735676117538      0.0095254
     340.4542922575759576     -0.0093288
     341.0595133884298775     -0.0036644
     341.6647369601734567     -0.0065247
     342.2699629728066952      0.0119279
     342.8751914263296499      0.0044921
     343.4804223207422638      0.0219121
     344.0856556561112143      0.0183299
     344.6908914324362740      0.0003242
     345.2961296497176704     -0.0095259
     345.9013703079552329      0.0093058
     346.5066134072156956      0.0001525
     347.1118589474323812      0.0039253
     347.7171069287384171     -0.0012359
     348.3223573510672963      0.0036878
     348.9276102144189622     -0.0016854
     349.5328655188600351     -0.0018236
     350.1381232643238945      0.0255796
     350.7433834509437247      0.0077815
     351.3486460786529619     -0.0088058
     351.9539111475180562     -0.0124576
     352.5591786574726143      0.0084195
     353.1644486086496499      0.0018055
     353.7697210009826563      0.0036375
     354.3749958344715765      0.0075569
     354.9802731091830879     -0.0046031
     355.5855528250505131      0.0006058
     356.1908349822069795     -0.0001252
     356.7961195805860370      0.0273412
     357.4014066201875153     -0.0042473
     358.0066961011447120     -0.0097701
     358.6119880233243862      0.0074114
     359.2172823867931584     -0.0052172
     359.8225791916175922     -0.0064568
     360.4278784377976876     -0.0015042
     361.0331801252668242     -0.0260160
     361.6384842540916793     -0.0201451
     362.2437908243387028     -0.0082415
     362.8490998360079516      0.0057233
     363.4544112890328620      0.0009133
     364.0597251834799408     -0.0115639
     364.6650415194158654      0.0072140
     365.2703602967073948     -0.0079212
     365.8756815155543336     -0.0187588
     366.4810051758233840     -0.0018764
     367.0863312775813370     -0.0015395
     367.6916598208945857      0.0037606
     368.2969908056966233      0.0098946
     368.9023242320540135     -0.0069694
     369.5076600999001357     -0.0040740
     370.1129984093682879     -0.0023645
     370.7183391604582994      0.0096708
     371.3236823531036634      0.0147577
     371.9290279873709437     -0.0238791
     372.5343760632601402     -0.0119220
     373.1397265807712529     -0.0216909
     373.7450795399709023     -0.0199445
     374.3504349408589746     -0.0183180
     374.9557927833690201     -0.0117137
     375.5611530677006726      0.0164542
     376.1665157936542414      0.0032846
     376.7718809613628537     -0.0025375
     377.3772485708265663      0.0055511
     377.9826186219787019     -0.0157149
     378.5879911150190082     -0.0245493
     379.1933660497478513      0.0061768
     379.7987434262983015      0.0024085
     380.4041232447369225     -0.0165140
     381.0095055049306438     -0.0051065
     381.6148902070125359      0.0042904
     382.2202773509825988      0.0050607
     382.8256669367743257     -0.0185969
     383.4310589645207301     -0.0140270
     384.0364534340888554     -0.0033446
     384.6418503456782219     -0.0086253
     385.2472496991558160      0.0141805
     385.8526514945882013      0.0075305
     386.4580557320418279     -0.0011947
     387.0634624114502458      0.0034147
     387.6688715328133981     -0.0076366
     388.2742830961979621     -0.0111408
     388.8796971016037105     -0.0207022
     389.4851135490974343     -0.0212630
     390.0905324386125130      0.0092243
     390.6959537701488330     -0.0008515
     391.3013775438396920     -0.0065957
     391.9068037596183558      0.0082537
     392.5122324174849950     -0.0040359
     393.1176635175060596     -0.0105071
     393.7230970596815496      0.0075574
     394.3285330440115217      0.0199357
     394.9339714704959761     -0.0007574
     395.5394123392014194     -0.0008621
     396.1448556500613449     -0.0245343
     396.7503014032088231     -0.0103448
     397.3557495985774040      0.0008673
     397.9612002361669170     -0.0021236
     398.5666533160440963     -0.0129447
     399.1721088381422646      0.0116080
     399.7775668025946061     -0.0012779
     400.3830272092679365     -0.0040500
     400.9884900583620038     -0.0082950
     401.5939553497437373     -0.0101666
     402.1994230834795871      0.0006316
     402.8048932595695533      0.0135780
     403.4103658780802562     -0.0070376
     404.0158409389451890     -0.0072916
     404.6213184422307449      0.0001239
     405.2267983879371513      0.0011478
     405.8322807761307445     -0.0035928
     406.4377656067450744     -0.0250348
     407.0432528797801979     -0.0132648
     407.6487425953691854      0.0022967
     408.2542347534453597     -0.0106174
     408.8597293540755118      0.0059600
     409.4652263971929074     -0.0127047
     410.0707258827976034     -0.0150157
     410.6762278110227271     -0.0104756
     411.2817321818017149     -0.0214370
     411.8872389952011304     -0.0002291
     412.4927482511544099     -0.0163696
     413.0982599497946808     -0.0002751
     413.7037740909888157      0.0129083
     414.3092906748699420      0.0079709
     414.9148097013715528      0.0052329
     415.5203311706266049     -0.0095136
     416.1258550825021985     -0.0059536
     416.7313814371313470     -0.0130230
     417.3369102344473731      0.0108386
     417.9424414745171248     -0.0056333
     418.5479751573403746     -0.0051407
     419.1535112829171226     -0.0059076
     419.7590498513140460      0.0093421
     420.3645908624645813      0.0033700
     420.9701343164351783      0.0041409
     421.5756802132259509      0.0064968
     422.1812285528368420     -0.0043544
     422.7867793353344155     -0.0063065
     423.3923325607187280     -0.0012805
     423.9978882289231592     -0.0031286
     424.6034463400808363      0.0054353
     425.2090068941251957      0.0040681
     425.8145698911228578     -0.0179996
     426.4201353310072022     -0.0069309
     427.0257032139114131      0.0063897
     427.6312735397022493      0.0180716
     428.2368463085795725      0.0099409
     428.8424215204100847     -0.0024391
     429.4479991752604064      0.0100310
     430.0535792731307083      0.0086391
     430.6591618140872697     -0.0055989
     431.2647467981302611      0.0077653
     431.8703342251931190      0.0102684
     432.4759240953423500      0.0079009
     433.0815164085780111      0.0084760
     433.6871111649666091     -0.0004750
     434.2927083645082007     -0.0151617
     434.8983080072027292     -0.0139487
     435.5039100929836877     -0.0147124
     436.1095146220507104     -0.0015745
     436.7151215942041631      0.0041267
     437.3207310096436800     -0.0099757
     437.9263428683027541     -0.0116809
     438.5319571701813857     -0.0187965
     439.1375739152795177     -0.0091011
     439.7431931036637707     -0.0030359
     440.3488147354007083     -0.0206032
     440.9544388103572032     -0.0174121
     441.5600653286663260      0.0120058
     442.1656942903281333      0.0161660
     442.7713256952760048      0.0016082
     443.3769595435765609      0.0152425
     443.9825958352963653      0.0020963
     444.5882345703688543     -0.0158197
     445.1938757487940279     -0.0149455
     445.7995193707049566     -0.0079997
     446.4051654360351336     -0.0145746
     447.0108139447845019     -0.0148958
     447.6164648970197959      0.0026966
     448.2221182927407881     -0.0034166
     448.8277741319475922     -0.0039978
     449.4334324146402651     -0.0130932
     450.0390931408186930     -0.0036536
     450.6447563106161169      0.0062202
     451.2504219238992391     -0.0177152
     451.8560899807347937     -0.0031253
     452.4617604811892875      0.0217811
     453.0674334252627204      0.0078632
     453.6731088129550926     -0.0179963
     454.2787866441997835     -0.0019638
     454.8844669190635273      0.0047965
     455.4901496376792807     -0.0008228
     456.0958347998474096      0.0164355
     456.7015224057676051      0.0195036
     457.3072124553732465      0.0232954
     457.9129049486645044     -0.0105992
     458.5185998857077720     -0.0055904
     459.1242972665031061     -0.0186650
     459.7299970910505635     -0.0000976
     460.3356993593500306      0.0097476
     460.9414040714681846      0.0142752
     461.5471112273384051      0.0180136
     462.1528208270272557     -0.0027501
     462.7585328706013001      0.0165761
     463.3642473579939747      0.0127422
     463.9699642892053362      0.0021229
     464.5756836643684551     -0.0128034
     465.1814054834167678      0.0106015
     465.7871297462837674      0.0132507
     466.3928564531024676      0.0062467
     466.9985856038730390      0.0139614
     467.6043171985952540      0.0156000
     468.2100512372693402      0.0142586
     468.8157877199617474      0.0167083
     469.4215266466059120     -0.0028210
     470.0272680172018340      0.0166488
     470.6330118318827544      0.0103355
     471.2387580905819959     -0.0067839
     471.8445067933660653     -0.0032031
     472.4502579402350761      0.0231599
     473.0560115311224081      0.0074566
     473.6617675660947384      0.0042198
     474.2675260452185171      0.0020881
     474.8732869684937441     -0.0065472
     475.4790503359204195     -0.0028933
     476.0848161474320932      0.0187708
     476.6905844031617221      0.0201597
     477.2963551030428562      0.0129057
     477.9021282471420022      0.0091369
     478.5079038354592740      0.0130777
     479.1136818679945577      0.0129044
     479.7194623447478534      0.0094682
     480.3252452657857816     -0.0035944
     480.9310306311083423      0.0016813
     481.5368184407154786      0.0258802
     482.1426086946071905      0.0002552
     482.7484013928501554      0.0132201
     483.3541965354443164      0.0257809
     483.9599941223229962      0.0185310
     484.5657941536194926     -0.0061396
     485.1715966292005646      0.0147456
     485.7774015492660169     -0.0097878
     486.3832089136825516      0.0062786
     486.9890187226500302      0.0066742
     487.5948309759020844      0.0060650
     488.2006456737050257      0.0104122
     488.8064628159257836      0.0130123
