Scan:     26            3C66A 2015-10-21 +03 07 22.0
         OPTICAL                 Tb    
        km/s-LSR                 XX
    -522.5090776919124664     -0.0055711
    -521.9073466624868161      0.0169830
    -521.3056132132732046     -0.0166562
    -520.7038773442718593     -0.0060956
    -520.1021390555491735     -0.0042222
    -519.5003983469720197     -0.0077305
    -518.8986552185406254     -0.0140868
    -518.2969096703211562     -0.0080408
    -517.6951617022807568      0.0014875
    -517.0934113143192690      0.0115994
    -516.4916585065034269      0.0332933
    -515.8899032787664964     -0.0003548
    -515.2881456311753254      0.0027837
    -514.6863855636297558     -0.0250747
    -514.0846230761632114     -0.0159025
    -513.4828581687091855      0.0070879
    -512.8810908413341849     -0.0048738
    -512.2793210939715891      0.0003897
    -511.6775489265881447      0.0199654
    -511.0757743391838517     -0.0112361
    -510.4739973318253874     -0.0216729
    -509.8722179043794540      0.0014250
    -509.2704360568461652      0.0036403
    -508.6686517892919710     -0.0231138
    -508.0668651016504782     -0.0068958
    -507.4650759939215732      0.0109059
    -506.8632844660386354      0.0064890
    -506.2614905180350320     -0.0021019
    -505.6596941499440732     -0.0002626
    -505.0578953616658282     -0.0130611
    -504.4560941532003540      0.0039740
    -503.8542905245475936     -0.0050236
    -503.2524844757408573      0.0068916
    -502.6506760066803281     -0.0188420
    -502.0488651173993162     -0.0148212
    -501.4470518078644545      0.0007787
    -500.8452360781423067      0.0064624
    -500.2434179280665489      0.0001531
    -499.6415973577036880      0.0087592
    -499.0397743670537238      0.0311724
    -498.4379489561498531     -0.0049408
    -497.8361211248591189     -0.0002384
    -497.2342908732147180     -0.0123109
    -496.6324582011832831     -0.0022983
    -496.0306231088648019      0.0076994
    -495.4287855960928937      0.0066030
    -494.8269456629339516     -0.0039203
    -494.2251033093214687     -0.0205945
    -493.6232585353553191      0.0066134
    -493.0214113408690650     -0.0200730
    -492.4195617259626374     -0.0028921
    -491.8177096905361054     -0.0008146
    -491.2158552346892861     -0.0019091
    -490.6139983582891659     -0.0018334
    -490.0121390613356311     -0.0258999
    -489.4102773438620488      0.0000998
    -488.8084132059016156     -0.0063560
    -488.2065466473213178     -0.0211217
    -487.6046776681876054     -0.0139261
    -487.0028062684339716      0.0023429
    -486.4009324480936698     -0.0082115
    -485.7990562071333898      0.0014847
    -485.1971775455199349      0.0009048
    -484.5952964632199951      0.0091661
    -483.9934129603333872     -0.0001770
    -483.3915270367269841      0.0040896
    -482.7896386924007857      0.0055195
    -482.1877479273881022      0.0089908
    -481.5858547416555666      0.0096672
    -480.9839591351700392      0.0033517
    -480.3820611079314062     -0.0064059
    -479.7801606599064712      0.0003810
    -479.1782577911616272     -0.0207100
    -478.5763525015639743      0.0218337
    -477.9744447911466523      0.0015615
    -477.3725346599096611      0.0159362
    -476.7706221078863678      0.0063967
    -476.1687071349435314     -0.0194741
    -475.5667897411477725     -0.0099404
    -474.9648699264325273      0.0047016
    -474.3629476908976699      0.0108078
    -473.7610230343767626     -0.0132141
    -473.1590959569363690     -0.0247336
    -472.5571664585764324      0.0046942
    -471.9552345392637562      0.0178273
    -471.3533001989650870      0.0038488
    -470.7513634376469440     -0.0115853
    -470.1494242553428080     -0.0000792
    -469.5474826520859324     -0.0133383
    -468.9455386277098228      0.0032788
    -468.3435921823143531     -0.0012142
    -467.7416433158663267      0.0032966
    -467.1396920283656300      0.0124144
    -466.5377383197457561      0.0335475
    -465.9357821900067052      0.0120016
    -465.3338236391484202      0.0030925
    -464.7318626672042114     -0.0184651
    -464.1298992740743188     -0.0155557
    -463.5279334597919387     -0.0222181
    -462.9259652242904508      0.0093204
    -462.3239945676697857      0.0019760
    -461.7220214897968731     -0.0044674
    -461.1200459907048526     -0.0092933
    -460.5180680703605276      0.0055797
    -459.9160877288304050     -0.0074932
    -459.3141049659814712     -0.0031465
    -458.7121197818468090     -0.0212294
    -458.1101321764265890     -0.0046083
    -457.5081421497541214     -0.0100200
    -456.9061497016960516      0.0090994
    -456.3041548322858603      0.0168387
    -455.7021575415235475     -0.0033522
    -455.1001578294755632     -0.0113987
    -454.4981556959755835     -0.0036119
    -453.8961511410568619      0.0104119
    -453.2941441647527085     -0.0034572
    -452.6921347670630098     -0.0035722
    -452.0901229478880623     -0.0059008
    -451.4881087072610626     -0.0067142
    -450.8860920451487573      0.0091311
    -450.2840729616176532     -0.0131374
    -449.6820514565347935     -0.0071986
    -449.0800275299332611      0.0087376
    -448.4780011817798595      0.0026526
    -447.8759724121744057     -0.0282155
    -447.2739412209505190     -0.0119609
    -446.6719076081415096     -0.0062888
    -446.0698715737472639     -0.0088892
    -445.4678331178011490      0.0047464
    -444.8657922402033478     -0.0035579
    -444.2637489409538034      0.0128734
    -443.6617032200858262      0.0026262
    -443.0596550775661058      0.0032587
    -442.4576045133613320     -0.0029934
    -441.8555515274383083      0.0032937
    -441.2534961198302881      0.0261622
    -440.6514382905705247      0.0080802
    -440.0493780394925807      0.0001724
    -439.4473153666963299     -0.0094656
    -438.8452502721152086     -0.0117110
    -438.2431827558158375      0.0089206
    -437.6411128176650323      0.0094985
    -437.0390404577293566      0.0030253
    -436.4369656759422469      0.0118384
    -435.8348884724035770      0.0002691
    -435.2328088469468526     -0.0086038
    -434.6307267996386940      0.0035339
    -434.0286423304125947     -0.0031719
    -433.4265554393683146     -0.0007672
    -432.8244661263727266     -0.0091357
    -432.2223743914591978     -0.0020073
    -431.6202802345943610      0.0049818
    -431.0181836558448367     -0.0070812
    -430.4160846550441306      0.0157345
    -429.8139832322921734      0.0206599
    -429.2118793875223446      0.0213284
    -428.6097731208012078      0.0172956
    -428.0076644320289461      0.0082029
    -427.4055533212056162     -0.0044904
    -426.8034397882977942      0.0147843
    -426.2013238334054677      0.0187610
    -425.5992054563620854      0.0147080
    -424.9970846572010714      0.0120468
    -424.3949614359556222      0.0034550
    -423.7928357926257377      0.0210474
    -423.1907077271116009      0.0199463
    -422.5885772394131550      0.0041302
    -421.9864443295637670      0.0066943
    -421.3843089975966336      0.0173516
    -420.7821712433454309     -0.0012709
    -420.1800310669099190      0.0133842
    -419.5778884682235912      0.0126304
    -418.9757434473197009     -0.0119435
    -418.3735960041317412      0.0089723
    -417.7714461386929088     -0.0222580
    -417.1692938509366400      0.0035105
    -416.5671391409295552      0.0402254
    -415.9649820085717806     -0.0033534
    -415.3628224538633162     -0.0198350
    -414.7606604768042189      0.0215475
    -414.1584960774609954     -0.0073486
    -413.5563292556671513     -0.0132574
    -412.9541600114894209      0.0027080
    -412.3519883448943801     -0.0023187
    -411.7498142559487064     -0.0017872
    -411.1476377445191588     -0.0081249
    -410.5454588106391043     -0.0102643
    -409.9432774542752327      0.0011767
    -409.3410936754940508      0.0049158
    -408.7389074741626018      0.0092905
    -408.1367188503472221     -0.0155523
    -407.5345278039814616     -0.0006133
    -406.9323343351651943     -0.0059546
    -406.3301384436986723     -0.0035894
    -405.7279401297150798      0.0201479
    -405.1257393931144861      0.0029662
    -404.5235362339968219      0.0017952
    -403.9213306521955928      0.0212553
    -403.3191226477774194     -0.0135236
    -402.7169122207090481     -0.0033017
    -402.1146993710569859      0.0093386
    -401.5124840986881054      0.0160300
    -400.9102664036024635      0.0200451
    -400.3080462858664532      0.0073269
    -399.7058237454137384     -0.0039537
    -399.1035987822442053     -0.0056663
    -398.5013713962912902      0.0100551
    -397.8991415875883035     -0.0178955
    -397.2969093561684986     -0.0160365
    -396.6946747019320014     -0.0062555
    -396.0924376248788690     -0.0045135
    -395.4901981250091580     -0.0089618
    -394.8879562023559515      0.0061448
    -394.2857118568195460      0.0346802
    -393.6834650883999416      0.0168963
    -393.0812158971304484      0.0055270
    -392.4789642830108960     -0.0074350
    -391.8767102459749481      0.0159317
    -391.2744537859891238      0.0258010
    -390.6721949030867904      0.0160947
    -390.0699335972680046     -0.0021556
    -389.4676698684328358     -0.0176349
    -388.8654037166479043      0.0107172
    -388.2631351418465329     -0.0069789
    -387.6608641441287659     -0.0086648
    -387.0585907233279386     -0.0056976
    -386.4563148794775316     -0.0127277
    -385.8540366125774881      0.0016557
    -385.2517559226611183     -0.0085310
    -384.6494728096285485      0.0122082
    -384.0471872735129182     -0.0057200
    -383.4448993142812014      0.0087087
    -382.8426089319665380      0.0043544
    -382.2403161265023641      0.0053841
    -381.6380208978554265     -0.0009756
    -381.0357232460256682     -0.0232786
    -380.4334231711130201      0.0046030
    -379.8311206729176774      0.0087210
    -379.2288157515396847      0.0119668
    -378.6265084069122508      0.0080957
    -378.0241986391020532     -0.0010597
    -377.4218864480092179     -0.0021617
    -376.8195718336338018      0.0219799
    -376.2172547959756912      0.0055363
    -375.6149353350683100      0.0108720
    -375.0126134507784172     -0.0237411
    -374.4102891432058300     -0.0299466
    -373.8079624122508449      0.0072613
    -373.2056332580132221     -0.0171659
    -372.6033016803598343     -0.0081978
    -372.0009676793239350     -0.0134618
    -371.3986312548723276     -0.0395551
    -370.7962924070714621     -0.0103014
    -370.1939511357550145     -0.0188754
    -369.5916074410227452      0.0120002
    -368.9892613228415144     -0.0043586
    -368.3869127812445186     -0.0067028
    -367.7845618160985168     -0.0123316
    -367.1822084274369900      0.0166506
    -366.5798526152598242      0.0151203
    -365.9774943796003299     -0.0052921
    -365.3751337203586331      0.0013181
    -364.7727706375681578      0.0189661
    -364.1704051311621129      0.0021796
    -363.5680372012404291      0.0212568
    -362.9656668476700361      0.0132284
    -362.3632940704841872     -0.0115540
    -361.7609188696495721      0.0148547
    -361.1585412452327546      0.0082193
    -360.5561611971006641      0.0095825
    -359.9537787252532439     -0.0008719
    -359.3513938297570576      0.0009552
    -358.7490065105788517     -0.0238591
    -358.1466167676520627     -0.0206288
    -357.5442246009766336      0.0061990
    -356.9418300105526214      0.0091209
    -356.3394329964133362     -0.0229583
    -355.7370335584587906     -0.0021865
    -355.1346316966890981     -0.0135621
    -354.5322274111043157     -0.0028493
    -353.9298207017708933     -0.0144252
    -353.3274115685224501      0.0051797
    -352.7250000114255499     -0.0107334
    -352.1225860304801927     -0.0026363
    -351.5201696256864352      0.0022866
    -350.9177507969776002     -0.0071832
    -350.3153295443204911     -0.0081879
    -349.7129058677483044      0.0165622
    -349.1104797672944642      0.0082550
    -348.5080512428256725     -0.0044860
    -347.9056202943754101      0.0120097
    -347.3031869219435066      0.0062210
    -346.7007511255632721      0.0144163
    -346.0983129051349465      0.0131504
    -345.4958722606583592      0.0001043
    -344.8934291921669910      0.0147893
    -344.2909836996274748     -0.0020468
    -343.6885357830064436      0.0118211
    -343.0860854422708144      0.0194377
    -342.4836326774536133      0.0268617
    -341.8811774885550676      0.0196789
    -341.2787198754751898      0.0153126
    -340.6762598382473470      0.0034792
    -340.0737973768714824      0.0016707
    -339.4713324913808492      0.0076940
    -338.8688651816091806     -0.0071003
    -338.2663954476561798      0.0083281
    -337.6639232894885936      0.0005287
    -337.0614487071396752      0.0044060
    -336.4589717005096645     -0.0182544
    -335.8564922695985047     -0.0070345
    -335.2540104144062525     -0.0091689
    -334.6515261349661046     -0.0278330
    -334.0490394311782438     -0.0081481
    -333.4465503030759805      0.0043696
    -332.8440587506260044     -0.0116793
    -332.2415647738616258      0.0156301
    -331.6390683727162809      0.0328991
    -331.0365695471565459      0.0010722
    -330.4340682972159016     -0.0057093
    -329.8315646229276012     -0.0144341
    -329.2290585241584040     -0.0104197
    -328.6265500009749303     -0.0046301
    -328.0240390533105597      0.0149012
    -327.4215256812320263      0.0226873
    -326.8190098846060323      0.0171781
    -326.2164916634991982      0.0201576
    -325.6139710178782707      0.0088029
    -325.0114479477764462      0.0048094
    -324.4089224530939646     -0.0047346
    -323.8063945338640224     -0.0059602
    -323.2038641900534799     -0.0221858
    -322.6013314217287871      0.0025436
    -321.9987962287235632      0.0169736
    -321.3962586111043152     -0.0082250
    -320.7937185688710997      0.0048605
    -320.1911761020572271     -0.0072576
    -319.5886312104962599     -0.0189585
    -318.9860838942879582     -0.0263313
    -318.3835341533991823     -0.0256471
    -317.7809819878630719      0.0121527
    -317.1784273975466704     -0.0082089
    -316.5758703824830604      0.0048423
    -315.9733109427057229     -0.0010131
    -315.3707490781812339      0.0098617
    -314.7681847888763400     -0.0025328
    -314.1656180747577309     -0.0096296
    -313.5630489358254636      0.0068846
    -312.9604773721461584      0.0225616
    -312.3579033835532641     -0.0148487
    -311.7553269701466547     -0.0157611
    -311.1527481318598802     -0.0061037
    -310.5501668687594474      0.0164598
    -309.9475831807121153      0.0073940
    -309.3449970677513079      0.0128527
    -308.7424085298436580      0.0140169
    -308.1398175670890964      0.0142218
    -307.5372241793210719      0.0003144
    -306.9346283666063187      0.0089663
    -306.3320301288782161      0.0039864
    -305.7294294662365246      0.0044196
    -305.1268263785148633      0.0038856
    -304.5242208657798528     -0.0096955
    -303.9216129279981828     -0.0308146
    -303.3190025652031068     -0.0023392
    -302.7163897772948076      0.0164868
    -302.1137745643399057      0.0170207
    -301.5111569262384705     -0.0037120
    -300.9085368631235724      0.0126566
    -300.3059143747956909      0.0105458
    -299.7032894613545295     -0.0085489
    -299.1006621227335813     -0.0114480
    -298.4980323589994100     -0.0000881
    -297.8954001700188314     -0.0080104
    -297.2927655558585798     -0.0216683
    -296.6901285164851174      0.0150318
    -296.0874890519318683      0.0151339
    -295.4848471620657619     -0.0010696
    -294.8822028469532484      0.0031498
    -294.2795561065943843     -0.0125361
    -293.6769069409558597      0.0137288
    -293.0742553499711107      0.0145775
    -292.4716013337067579      0.0045433
    -291.8689448920628706      0.0110387
    -291.2662860251726329     -0.0066354
    -290.6636247328362401      0.0032774
    -290.0609610151204834      0.0001876
    -289.4582948720584454      0.0018370
    -288.8556263036169298     -0.0115953
    -288.2529553096960058     -0.0001640
    -287.6502818903290972     -0.0104295
    -287.0476060455494007     -0.0163635
    -286.4449277753236061      0.0175837
    -285.8422470795851495      0.0062327
    -285.2395639583673983     -0.0000816
    -284.6368784116369852     -0.0096496
    -284.0341904394272206     -0.0079975
    -283.4315000416382873      0.0063125
    -282.8288072183033819      0.0142357
    -282.2261119693893079     -0.0033401
    -281.6234142949293755      0.0056338
    -281.0207141948568506     -0.0027903
    -280.4180116691719036     -0.0107032
    -279.8153067178411675      0.0103611
    -279.2125993409312059      0.0152052
    -278.6098895383422587      0.0119263
    -278.0071773100409018     -0.0017844
    -277.4044626560938696     -0.0025259
    -276.8017455764677379     -0.0040915
    -276.1990260711292535      0.0008393
    -275.5963041400119096     -0.0105697
    -274.9935797831821560     -0.0028675
    -274.3908530006401065      0.0088080
    -273.7881237922858304     -0.0045376
    -273.1853921581194982     -0.0016623
    -272.5826580981741358      0.0211587
    -271.9799216124832242      0.0051514
    -271.3771827008802120      0.0043414
    -270.7744413634317766     -0.0146901
    -270.1716976001378612     -0.0139436
    -269.5689514110317759     -0.0081812
    -268.9662027959803368      0.0045012
    -268.3634517550168539     -0.0103380
    -267.7606982881413842      0.0081100
    -267.1579423953871242      0.0059312
    -266.5551840766542568      0.0255198
    -265.9524233319428390      0.0139745
    -265.3496601612527002      0.0092429
    -264.7468945646173779     -0.0004695
    -264.1441265419367710     -0.0034379
    -263.5413560932443602      0.0028850
    -262.9385832185067216     -0.0211829
    -262.3358079177572790     -0.0129806
    -261.7330301909292416     -0.0051265
    -261.1302500379895264      0.0078188
    -260.5274674589713868      0.0113833
    -259.9246824539080762      0.0095252
    -259.3218950226664106      0.0028026
    -258.7191051652798137      0.0215765
    -258.1163128817814254     -0.0009927
    -257.5135181720714286      0.0087447
    -256.9107210362163869     -0.0067284
    -256.3079214741164833      0.0018280
    -255.7051194859048735     -0.0104319
    -255.1023150713818382     -0.0034343
    -254.4995082306471659     -0.0001958
    -253.8966989636343499     -0.0070647
    -253.2938872704099538     -0.0323231
    -252.6910731508408219     -0.0078219
    -252.0882566049935463     -0.0057040
    -251.4854376328348167      0.0111893
    -250.8826162343979433     -0.0119123
    -250.2797924095497706     -0.0007308
    -249.6769661583568620      0.0123191
    -249.0741374808192461      0.0044301
    -248.4713063769036125      0.0066123
    -247.8684728465766796      0.0086691
    -247.2656368898051937     -0.0056975
    -246.6627985066224085      0.0010289
    -246.0599576970283238      0.0066418
    -245.4571144609230942      0.0136665
    -244.8542687983732833      0.0081136
    -244.2514207093123275      0.0096471
    -243.6485701938068473      0.0232373
    -243.0457172517236017     -0.0046113
    -242.4428618830959579     -0.0098676
    -241.8400040879571407      0.0034004
    -241.2371438662739251     -0.0258601
    -240.6342812179796908     -0.0308293
    -240.0314161431077764     -0.0239067
    -239.4285486416248716      0.0115480
    -238.8256787135642014     -0.0048564
    -238.2228063588260341     -0.0159591
    -237.6199315774102558      0.0072177
    -237.0170543693835157     -0.0013413
    -236.4141747346791931      0.0110165
    -235.8112926732640346     -0.0012836
    -235.2084081851047586      0.0015616
    -234.6055212702679285      0.0110326
    -234.0026319287202341     -0.0112562
    -233.3997401603618300     -0.0191881
    -232.7968459652593367     -0.0326020
    -232.1939493433461053     -0.0081291
    -231.5910502947220380     -0.0041996
    -230.9881488192207541      0.0161754
    -230.3852449168754504     -0.0166543
    -229.7823385877194653      0.0097215
    -229.1794298317527705      0.0103143
    -228.5765186488422387      0.0068398
    -227.9736050390877438     -0.0153598
    -227.3706890024226936     -0.0163019
    -226.7677705388803986     -0.0034646
    -226.1648496483609847     -0.0010528
    -225.5619263308977338     -0.0125202
    -224.9590005864906459     -0.0112974
    -224.3560724151397210      0.0001940
    -223.7531418167783954      0.0062871
    -223.1502087914066976     -0.0250086
    -222.5472733390245992      0.0065406
    -221.9443354596653535     -0.0208489
    -221.3413951531959185      0.0008825
    -220.7384524196827442     -0.0043578
    -220.1355072590593522     -0.0198520
    -219.5325596714255596     -0.0119729
    -218.9296096566482106      0.0168344
    -218.3266572147273621      0.0026926
    -217.7237023456962390     -0.0024499
    -217.1207450495549267     -0.0239978
    -216.5177853262034375     -0.0004911
    -215.9148231756751670     -0.0162834
    -215.3118585979700867     -0.0128268
    -214.7088915930881683     -0.0220665
    -214.1059221609628764     -0.0184351
    -213.5029503015609293      0.0040026
    -212.8999760149488907     -0.0109169
    -212.2969993010934218     -0.0126835
    -211.6940201599280442      0.0192976
    -211.0910385914527012      0.0133186
    -210.4880545956674212      0.0229759
    -209.8850681726054859      0.0028478
    -209.2820793221669646      0.0271240
    -208.6790880443852814     -0.0030478
    -208.0760943392270406     -0.0066815
    -207.4730982067255809      0.0068537
    -206.8700996468143387      0.0042703
    -206.2670986594600038      0.0058370
    -205.6640952446625477      0.0041956
    -205.0610894025218727     -0.0227314
    -204.4580811328382879     -0.0182799
    -203.8550704357115819      0.0108679
    -203.2520573110752480     -0.0102539
    -202.6490417589958213     -0.0015544
    -202.0460237793734564      0.0084567
    -201.4430033721748998      0.0040695
    -200.8399805374666585     -0.0009730
    -200.2369552752487607     -0.0145346
    -199.6339275854213895     -0.0057603
    -199.0308974679844880      0.0044276
    -198.4278649229713665      0.0048144
    -197.8248299503487715      0.0022300
    -197.2217925500833644      0.0022898
    -196.6187527221418918     -0.0044531
    -196.0157104665576355     -0.0058809
    -195.4126657833638490     -0.0276940
    -194.8096186724274617     -0.0127300
    -194.2065691337484452     -0.0092012
    -193.6035171673933348     -0.0185350
    -193.0004627733288487      0.0075938
    -192.3974059514551982     -0.0086414
    -191.7943467018388901     -0.0013524
    -191.1912850244466711     -0.0105200
    -190.5882209193117944     -0.0248470
    -189.9851543863344432     -0.0120461
    -189.3820854255145889     -0.0072814
    -188.7790140368522600     -0.0187434
    -188.1759402203807383     -0.0006196
    -187.5728639760334033      0.0025641
    -186.9697853037770585      0.0058803
    -186.3667042036116186      0.0145134
    -185.7636206756037041     -0.0009420
    -185.1605347196201876      0.0022810
    -184.5574463356943227     -0.0064897
    -183.9543555238260808      0.0223032
    -183.3512622840488007      0.0019801
    -182.7481666162293834     -0.0177087
    -182.1450685204009972      0.0086752
    -181.5419679965636988      0.0061699
    -180.9388650447508269     -0.0012568
    -180.3357596648291405      0.0082640
    -179.7326518568652887     -0.0020931
    -179.1295416208592712      0.0214621
    -178.5264289567777496      0.0040725
    -177.9233138645541885     -0.0242452
    -177.3201963442218698      0.0123329
    -176.7170763957808219     -0.0027121
    -176.1139540191977062      0.0001668
    -175.5108292144392692     -0.0060311
    -174.9077019815054825      0.0227492
    -174.3045723203631212      0.0029647
    -173.7014402310787204     -0.0017189
    -173.0983057135524064     -0.0113902
    -172.4951687677509256     -0.0132274
    -171.8920293937408417     -0.0163325
    -171.2888875914888729     -0.0307773
    -170.6857433609283987      0.0033737
    -170.0825967020595044      0.0129843
    -169.4794476149154150      0.0192344
    -168.8762960994628770      0.0273067
    -168.2731421556685802      0.0003963
    -167.6699857834992997     -0.0068134
    -167.0668269829549502     -0.0150274
    -166.4636657541021521     -0.0327421
    -165.8605020967744679     -0.0277983
    -165.2573360110717431      0.0062132
    -164.6541674969274709      0.0037624
    -164.0509965544081297      0.0049125
    -163.4478231833806490      0.0047955
    -162.8446473838782822      0.0086799
    -162.2414691559010294      0.0145727
    -161.6382884994822007      0.0086795
    -161.0351054145219223     -0.0060199
    -160.4319199010201942     -0.0107846
    -159.8287319589437345     -0.0102523
    -159.2255415883923888     -0.0025937
    -158.6223487892330581      0.0068376
    -158.0191535614656857     -0.0122911
    -157.4159559051235817     -0.0265630
    -156.8127558202067746      0.0044521
    -156.2095533065820518     -0.0161572
    -155.6063483643493726     -0.0071374
    -155.0031409934420878     -0.0023938
    -154.3999311939268182      0.0065122
    -153.7967189656703795     -0.0074787
    -153.1935043087060535      0.0086201
    -152.5902872230338971      0.0000567
    -151.9870677086871638      0.0077316
    -151.3838457655326977      0.0249608
    -150.7806213936038091      0.0322598
    -150.1773945929337515      0.0235814
    -149.5741653634892998      0.0082376
    -148.9709337052038052      0.0107104
    -148.3676996181106347      0.0255243
    -147.7644631021764781      0.0118294
    -147.1612241574345603     -0.0086068
    -146.5579827838183746     -0.0335139
    -145.9547389812613574     -0.0138855
    -145.3514927498633256     -0.0007673
    -144.7482440895910258     -0.0175062
    -144.1449930003446127      0.0000253
    -143.5417394821573112     -0.0005444
    -142.9384835350291780      0.0237773
    -142.3352251589934667      0.0122568
    -141.7319643539170499      0.0012486
    -141.1287011198332380      0.0047704
    -140.5254354567420023     -0.0170093
    -139.9221673646766249     -0.0008894
    -139.3188968435372885      0.0102431
    -138.7156238933239365      0.0028714
    -138.1123485140698790      0.0067952
    -137.5090707057751445      0.0240272
    -136.9057904683065772      0.0119198
    -136.3025078017640226      0.0085090
    -135.6992227060809171     -0.0133123
    -135.0959351812905425     -0.0000160
    -134.4926452272930533     -0.0277389
    -133.8893528441549847     -0.0292929
    -133.2860580318098300     -0.0162123
    -132.6827607902908426      0.0202710
    -132.0794611195314303      0.0140431
    -131.4761590195649319     -0.0097231
    -130.8728544903246984     -0.0048910
    -130.2695475318773788      0.0002272
    -129.6662381441230707      0.0008380
    -129.0629263270618310     -0.0128603
    -128.4596120806936028      0.0062501
    -127.8562954050516680      0.0033478
    -127.2529763000695056     -0.0019092
    -126.6496547657138052      0.0217972
    -126.0463308019845527     -0.0029448
    -125.4430044089483403     -0.0005110
    -124.8396755864387444     -0.0141807
    -124.2363443345555964      0.0093935
    -123.6330106532656288      0.0154253
    -123.0296745425688556      0.0012913
    -122.4263360023654030      0.0036646
    -121.8229950326885671      0.0059232
    -121.2196516335383478     -0.0097354
    -120.6163058049812946     -0.0126884
    -120.0129575468177165     -0.0098376
    -119.4096068591474875     -0.0016586
    -118.8062537419705791     -0.0090320
    -118.2028981952537094      0.0002435
    -117.5995402189303292     -0.0242228
    -116.9961798130004240     -0.0058674
    -116.3928169774972616      0.0078866
    -115.7894517124541665      0.0010708
    -115.1860840177046725      0.0076985
    -114.5827138933153861      0.0056631
    -113.9793413392863073      0.0079046
    -113.3759663556507036      0.0220351
    -112.7725889422421517      0.0248731
    -112.1692090991605113      0.0127785
    -111.5658268263392046      0.0297656
    -110.9624421238780911      0.0147021
    -110.3590549915774943      0.0171485
    -109.7556654295705130      0.0045971
    -109.1522734377572874      0.0163230
    -108.5488790162044381      0.0271369
    -107.9454821648120628      0.0355369
    -107.3420828835801615      0.0359049
    -106.7386811725420586      0.0397682
    -106.1352770316977256      0.0445786
    -105.5318704609473173      0.0223170
    -104.9284614603241295      0.0488668
    -104.3250500297948662      0.0453962
    -103.7216361694260911      0.0454054
    -103.1182198790846627      0.0351737
    -102.5148011588371588      0.0414948
    -101.9113800085837340      0.0166361
    -101.3079564284575156      0.0282299
    -100.7045304182920944      0.0451495
    -100.1011019781207381      0.0395782
     -99.4976711079767568      0.0159563
     -98.8942378078268405      0.0504434
     -98.2908020776044253      0.0374531
     -97.6873639173095114      0.0526324
     -97.0839233269754089      0.0381227
     -96.4804803066020753      0.0464507
     -95.8770348560896934      0.0293686
     -95.2735869754382492      0.0513158
     -94.6701366646810243      0.0401469
     -94.0666839238513006      0.0348936
     -93.4632287527826691      0.0323636
     -92.8597711515749893      0.0458556
     -92.2563111201616692      0.0081836
     -91.6528486586092868      0.0185274
     -91.0493837668180106      0.0296932
     -90.4459164447545163      0.0454996
     -89.8424466924854102      0.0382448
     -89.2389745099773819      0.0482177
     -88.6354998971638821      0.0464902
     -88.0320228540781784      0.0126872
     -87.4285433806870032      0.0394378
     -86.8250614770236240      0.0497845
     -86.2215771429549420      0.0333277
     -85.6180903785807459      0.0355728
     -85.0146011838012328      0.0369029
     -84.4111095587495299      0.0526513
     -83.8076155032259322      0.0722838
     -83.2041190172969891      0.0578542
     -82.6006201009627432      0.0553329
     -81.9971187542564337      0.0611424
     -81.3936149770116515      0.0403552
     -80.7901087693282562      0.0651334
     -80.1866001311729804      0.0675317
     -79.5830890625790772      0.0811818
     -78.9795755634134338      0.0720911
     -78.3760596337426136      0.0841300
     -77.7725412735333208      0.0877696
     -77.1690204827855695      0.0987901
     -76.5654972614660636      0.0664939
     -75.9619716095415214      0.0821790
     -75.3584435270452389      0.1025563
     -74.7549130139772160      0.1173771
     -74.1513800702375931      0.1438830
     -73.5478446958596379      0.1219998
     -72.9443068908100969      0.1372918
     -72.3407666551888013      0.1457081
     -71.7372239887960603      0.1681769
     -71.1336788916984375      0.1796214
     -70.5301313638959186      0.1875368
     -69.9265814054550958      0.2084574
     -69.3230290161762497      0.2111558
     -68.7194741961592541      0.2434268
     -68.1159169453707989      0.2794522
     -67.5123572638441658      0.2811222
     -66.9087951514795236      0.2966937
     -66.3052306082768723      0.3229365
     -65.7016636342361977      0.3267049
     -65.0980942294240776      0.3707465
     -64.4945223937073564      0.4023363
     -63.8909481271193513      0.4243309
     -63.2873714296267593      0.4642568
     -62.6837923012961440      0.4737344
     -62.0802107419610962      0.5247169
     -61.4766267517214686      0.5631540
     -60.8730403305439580      0.6115812
     -60.2694514784285928      0.6418577
     -59.6658601953087953      0.6804411
     -59.0622664811845510      0.6858430
     -58.4586703360891562      0.7148263
     -57.8550717599893289      0.7791922
     -57.2514707527852167      0.8182839
     -56.6478673145766649      0.8766322
     -56.0442614452638281      0.9101193
     -55.4406531449465589      0.9649710
     -54.8370424134917158      1.0058116
     -54.2334292508993059      1.0732540
     -53.6298136572026110      1.0917999
     -53.0261956324016310      1.1733712
     -52.4225751764297883      1.2373748
     -51.8189522892538079      1.2853217
     -51.2153269709069789      1.3110083
     -50.6116992214225832      1.3533144
     -50.0080690407007609      1.4066706
     -49.4044364287082374      1.4392403
     -48.8008013854782945      1.4720716
     -48.1971639110774888      1.5358778
     -47.5935240053394182      1.5659120
     -46.9898816682973575      1.6100448
     -46.3862368999513066      1.6786529
     -45.7825897003678435      1.7204573
     -45.1789400694138124      1.7884879
     -44.5752880070892274      1.8942504
     -43.9716335134273777      1.9799564
     -43.3679765884282560      2.0596042
     -42.7643172319920026      2.1556840
     -42.1606554441519208      2.2987761
     -41.5569912248747073      2.4781678
     -40.9533245742602219      2.6173847
     -40.3496554921087665      2.7416902
     -39.7459839785201936      2.8968029
     -39.1423100334612002      2.9864407
     -38.5386336569318075      3.0875285
     -37.9349548488654378      3.1287634
     -37.3312736092953870      3.1438015
     -36.7275899381550701      3.1295552
     -36.1239038355443469      3.1170747
     -35.5202153012968012      3.1098251
     -34.9165243355122854      3.1130021
     -34.3128309380909400      3.1184518
     -33.7091351091326246      3.0890443
     -33.1054368484709087      3.0631149
     -32.5017361562056593      3.0789433
     -31.8980330322703018      3.0977895
     -31.2943274767314001      3.0762322
     -30.6906194894558197      3.1183314
     -30.0869090704768531      3.1767185
     -29.4831962197944932      3.2575581
     -28.8794809374420218      3.4507022
     -28.2757632232863116      3.7359214
     -27.6720430773939192      4.1037230
     -27.0683204996982880      4.5877495
     -26.4645954902992635      5.1827531
     -25.8608680490304295      5.8331876
     -25.2571381759583531      6.4465160
     -24.6534058710497490      6.9699221
     -24.0496711343711844      7.2707124
     -23.4459339657562431      7.3230233
     -22.8421943652714923      7.1770139
     -22.2384523329169284      6.9322124
     -21.6347078686925549      6.6905870
     -21.0309609725318083      6.5096445
     -20.4272116444013960      6.3510904
     -19.8234598843346070      6.2652183
     -19.2197056923647231      6.1503286
     -18.6159490683918918      6.0865345
     -18.0121900123828382      5.9982929
     -17.4084285244041155      5.9022026
     -16.8046646044557377      5.8409834
     -16.2008982524045635      5.8155451
     -15.5971294682838764      5.7613220
     -14.9933582521269582      5.7770715
     -14.3895846039670978      5.8341804
     -13.7858085236378720      5.8951364
     -13.1820300111725679      6.0074563
     -12.5782490666377527      6.1482077
     -11.9744656899668556      6.2448292
     -11.3706798811265966      6.4264660
     -10.7668916401169739      6.6959295
     -10.1631009669047039      7.0253043
      -9.5593078615896392      7.4994082
      -8.9555123239720764      8.0050859
      -8.3517143541518646      8.4524136
      -7.7479139520624409      8.8080349
      -7.1441111178036536      8.9668427
      -6.5403058512090846      9.0917034
      -5.9364981523120175      9.2177963
      -5.3326880211457368      9.4276667
      -4.7288754577102416      9.8227510
      -4.1250604619056812     10.5107355
      -3.5212430337320555     11.5274134
      -2.9174231732226490     12.6771135
      -2.3136008803774608     13.9355688
      -1.7097761550966397     15.3250380
      -1.1059489974134702     17.0195312
      -0.5021194073279518     18.8676605
       0.1017126151599153     20.2210712
       0.7055470701166985     20.9291801
       1.3093839575756816     22.0188961
       1.9132232774702969     24.3527565
       2.5170650298005444     27.0069180
       3.1209092146995596     27.8952255
       3.7247558321673409     26.1794052
       4.3286048821373226     22.4794426
       4.9324563645429365     17.6569500
       5.5363102796504515     13.0114183
       6.1401666272601672      9.6692781
       6.7440254075052168      7.6268640
       7.3478866203190334      6.3416309
       7.9517502657681840      5.4697762
       8.5556163439192368      4.7676997
       9.1594848546390573      4.1454124
       9.7633557980607790      3.6120090
      10.3672291741178331      3.1371877
      10.9711049829433573      2.7017756
      11.5749832244707829      2.3689039
      12.1788638986335442      2.0750399
      12.7827470056313395      1.8025036
      13.3866325453310377      1.5141426
      13.9905205177992045      1.3093991
      14.5944109231024086      1.1074404
      15.1983037611740794      0.9609312
      15.8021990320807895      0.8471354
      16.4060967357559662      0.7114577
      17.0099968722661785      0.6171647
      17.6138994417445645      0.5361131
      18.2178044439914189      0.4611818
      18.8217118791398761      0.3892495
      19.4256217472564998      0.3396707
      20.0295340482081663      0.3145977
      20.6334487821945665      0.2662045
      21.2373659490160058      0.2497462
      21.8412855488056152      0.1840338
      22.4452075816299619      0.1888521
      23.0491320474224786      0.1762383
      23.6530589461831653      0.1643149
      24.2569882780451636      0.1548355
      24.8609200428753248      0.1305477
      25.4648542408067939      0.1085155
      26.0687908717064367      0.1248575
      26.6727299357739511      0.0746672
      27.2766714329427700      0.0771258
      27.8806153631463260      0.0612373
      28.4845617265177573      0.0588935
      29.0885105229904894      0.0651905
      29.6924617526311003      0.0529174
      30.2964154155061465      0.0481745
      30.9003715114159334      0.0569372
      31.5043300406267299      0.0306973
      32.1082910030719617      0.0374541
      32.7122543986850687      0.0404809
      33.3162202275326109      0.0354964
      33.9201884896811663      0.0346495
      34.5241591850641640      0.0292741
      35.1281323137481607      0.0132810
      35.7321078756665997      0.0319898
      36.3360858709526156      0.0290560
      36.9400662996062081      0.0346115
      37.5440491615608067      0.0167868
      38.1480344568164043      0.0343285
      38.7520221855061564      0.0125279
      39.3560123476300419      0.0074787
      39.9600049431215112      0.0061619
      40.5639999719805431      0.0113221
      41.1679974342737154      0.0143019
      41.7719973300676131      0.0229789
      42.3759996592956369     -0.0013396
      42.9800044219578155     -0.0068773
      43.5840116181872688      0.0268011
      44.1880212478508554      0.0235943
      44.7920333110817239      0.0220190
      45.3960478078132965     -0.0259835
      46.0000647381121439     -0.0024609
      46.6040841019782732     -0.0028451
      47.2081058994116844      0.0265817
      47.8121301304123634      0.0043440
      48.4161567950468879      0.0024941
      49.0201858933818286     -0.0020436
      49.6242174252840442     -0.0100937
      50.2282513907535346     -0.0064396
      50.8322877899900050     -0.0043535
      51.4363266229268774      0.0171681
      52.0403678894976025      0.0011750
      52.6444115897687368      0.0068372
      53.2484577238068510     -0.0073277
      53.8525062916119452     -0.0221479
      54.4565572931174486     -0.0006516
      55.0606107283899249      0.0273443
      55.6646665974293882      0.0211609
      56.2687249003023879      0.0155105
      56.8727856370089455     -0.0144024
      57.4768488074824688     -0.0252027
      58.0809144118561065      0.0100255
      58.6849824500632948      0.0164123
      59.2890529221705975      0.0101862
      59.8931258281114438      0.0323898
      60.4972011680189681      0.0245616
      61.1012789418266138      0.0127606
      61.7053591495343667      0.0384418
      62.3094417911422269      0.0405760
      62.9135268667833358      0.0051995
      63.5176143763911298      0.0202640
      64.1217043200321655     -0.0027184
      64.7257966975733297      0.0132030
      65.3298915092142920      0.0283942
      65.9339887548885173      0.0183504
      66.5380884345959771     -0.0070149
      67.1421905482701220     -0.0143312
      67.7462950961772208     -0.0220973
      68.3504020781175541     -0.0041585
      68.9545114941576998      0.0040625
      69.5586233442976862     -0.0090578
      70.1627376286040345      0.0059146
      70.7668543470101952      0.0158492
      71.3709734996493239     -0.0090299
      71.9750950864548145      0.0023805
      72.5792191074267095      0.0112791
      73.1833455626315299      0.0016277
      73.7874744520693042      0.0024781
      74.3916057757400466     -0.0089073
      74.9957395336437145      0.0078190
      75.5998757258469141     -0.0029413
      76.2040143523496170      0.0214282
      76.8081554130852879     -0.0030413
      77.4122989081870259     -0.0058638
      78.0164448375883097      0.0009032
      78.6205932013556463     -0.0096079
      79.2247439994890783      0.0160805
      79.8288972319885914      0.0091173
      80.4330528988541857     -0.0057687
      81.0372110001524391      0.0122419
      81.6413715358167877     -0.0124049
      82.2455345059137670      0.0162612
      82.8496999105099690     -0.0052215
      83.4538677495388299     -0.0207235
      84.0580380230003357      0.0117275
      84.6622107310276277      0.0100839
      85.2663858735541424     -0.0174594
      85.8705634505798656     -0.0074438
      86.4747434621048114      0.0067609
      87.0789259081955578      0.0068276
      87.6831107889186399     -0.0068244
      88.2872981041409446     -0.0009669
      88.8914878539290498      0.0142001
      89.4956800384160545      0.0036756
      90.0998746574688596     -0.0111612
      90.7040717112205783     -0.0229702
      91.3082711995380834     -0.0176498
      91.9124731225545162      0.0227578
      92.5166774802698626      0.0171859
      93.1208842726841226     -0.0192985
      93.7250934997973246     -0.0090582
      94.3293051616094260      0.0218442
      94.9335192581870189      0.0461359
      95.5377357895966668      0.0263290
      96.1419547556386789      0.0179889
      96.7461761565127318     -0.0083397
      97.3503999922188541     -0.0355160
      97.9546262627570314      0.0130268
      98.5588549680606860      0.0113925
      99.1630861081963957     -0.0145435
      99.7673196832307383     -0.0000985
     100.3715556931636996      0.0007588
     100.9757941379287018     -0.0096752
     101.5800350175923512      0.0009535
     102.1842783322211829     -0.0097084
     102.7885240818151971      0.0042585
     103.3927722662412521     -0.0040629
     103.9970228856990815      0.0024183
     104.6012759401220933     -0.0053043
     105.2055314295768795      0.0272192
     105.8097893539302703     -0.0005372
     106.4140497133819991      0.0222803
     107.0183125078654740     -0.0072610
     107.6225777373807091     -0.0108742
     108.2268454019277044     -0.0096876
     108.8311155016395873     -0.0062623
     109.4353880363832303      0.0252388
     110.0396630062917751      0.0199943
     110.6439404112320517      0.0001015
     111.2482202514038079     -0.0039258
     111.8525025266738879     -0.0012489
     112.4567872371088413      0.0053947
     113.0610743827086964      0.0156216
     113.6653639635400168      0.0169216
     114.2696559796027884     -0.0106599
     114.8739504308970254     -0.0041296
     115.4782473173561499     -0.0079306
     116.0825466391132892     -0.0042904
     116.6868483961019081      0.0044000
     117.2911525884551054      0.0170057
     117.8954592160397681     -0.0047563
     118.4997682789890234     -0.0108274
     119.1040797772363078      0.0049403
     119.7083937108481848      0.0049829
     120.3127100797580908     -0.0242487
     120.9170288840991532     -0.0014437
     121.5213501238048082     -0.0144604
     122.1256737989416337      0.0039458
     122.7299999094430376     -0.0021183
     123.3343284554421757      0.0086773
     123.9386594368724701      0.0088635
     124.5429928537339350     -0.0069807
     125.1473287060931199     -0.0026206
     125.7516669939500389      0.0163548
     126.3560077173046921      0.0126894
     126.9603508761570509      0.0159285
     127.5646964705737361      0.0149318
     128.1690445004881269      0.0199641
     128.7733949660333792      0.0025594
     129.3777478671429435     -0.0022546
     129.9821032038167914      0.0163541
     130.5864609761214865     -0.0090274
     131.1908211840570857     -0.0117057
     131.7951838276235321     -0.0183106
     132.3995489068208258      0.0023705
     133.0039164217155587     -0.0008593
     133.6082863723077310     -0.0036100
     134.2126587585307504     -0.0009110
     134.8170335805177444     -0.0045767
     135.4214108382022062      0.0025916
     136.0257905316506424      0.0038636
     136.6301726608631100     -0.0054538
     137.2345572257729600      0.0058859
     137.8389442265799687      0.0263458
     138.4433336631509803      0.0075360
     139.0477255354859949      0.0137847
     139.6521198436515760      0.0168778
     140.2565165877142590     -0.0050945
     140.8609157676075085     -0.0090048
     141.4653173833979167     -0.0045954
     142.0697214350188631      0.0203250
     142.6741279226035317      0.0347513
     143.2785368460853306      0.0108718
     143.8829482055308233      0.0094783
     144.4873620008734179      0.0086395
     145.0917782321797631      0.0120872
     145.6961968995163659      0.0037481
     146.3006180028166341      0.0104518
     146.9050415420805962      0.0174541
     147.5094675174414363      0.0252843
     148.1138959287659702      0.0042785
     148.7183267761873253      0.0111366
     149.3227600596389379      0.0004709
     149.9271957791874001     -0.0040827
     150.5316339348992472      0.0070347
     151.1360745266413801      0.0062784
     151.7405175544803342      0.0199507
     152.3449630184826731      0.0027623
     152.9494109187149888     -0.0005672
     153.5538612550441542     -0.0128057
     154.1583140275367327      0.0035060
     154.7627692362592597      0.0120158
     155.3672268812117352     -0.0056407
     155.9716869623942159     -0.0018467
     156.5761494797400530      0.0119508
     157.1806144334490511      0.0044982
     157.7850818233879693      0.0041167
     158.3895516496234563     -0.0052172
     158.9940239120888918      0.0195491
     159.5984986109174599      0.0245915
     160.2029757461091037      0.0001236
     160.8074553175972596     -0.0207823
     161.4119373254485481     -0.0058600
     162.0164217697295044      0.0218826
     162.6209086503735648      0.0070689
     163.2253979673807294      0.0050333
     163.8298897208175617     -0.0054727
     164.4343839106840619      0.0232208
     165.0388805370468219     -0.0040481
     165.6433795998392213      0.0067008
     166.2478810991278806     -0.0126751
     166.8523850349127713      0.0000014
     167.4568914071938650      0.0161622
     168.0614002159712186      0.0005254
     168.6659114612448320      0.0175634
     169.2704251431478326      0.0038497
     169.8749412616135714     -0.0103534
     170.4794598167087258      0.0015056
     171.0839808083001117     -0.0014455
     171.6885042365208847     -0.0122090
     172.2930301013709879      0.0244400
     172.8975584029170705      0.0108266
     173.5020891410259480     -0.0118763
     174.1066223158307480     -0.0053326
     174.7111579273980624      0.0093996
     175.3156959755947639     -0.0165511
     175.9202364604874163     -0.0128867
     176.5247793821425262     -0.0090760
     177.1293247405602074      0.0107206
     177.7338725356737825     -0.0024991
     178.3384227676164357     -0.0192337
     178.9429754363216034     -0.0047811
     179.5475305418558492      0.0301858
     180.1520880841525809     -0.0077323
     180.7566480632784192     -0.0046886
     181.3612104792998707      0.0145943
     181.9657753321504003      0.0038438
     182.5703426218966001      0.0155776
     183.1749123485384132      0.0093580
     183.7794845120758680     -0.0049345
     184.3840591125089645      0.0038769
     184.9886361499042948      0.0273523
     185.5932156241952384     -0.0025571
     186.1977975355149511      0.0047010
     186.8023818837968975     -0.0013328
     187.4069686691076129     -0.0324723
     188.0115578913805336      0.0030786
     188.6161495506822234      0.0165555
     189.2207436470127107     -0.0029203
     189.8253401804385021     -0.0015397
     190.4299391508265273      0.0064117
     191.0345405583764773     -0.0098254
     191.6391444030217599     -0.0176465
     192.2437506848289388     -0.0055625
     192.8483594036649151      0.0085880
     193.4529705596627878      0.0093869
     194.0575841528225851      0.0097449
     194.6622001832108424     -0.0279762
     195.2668186506944608     -0.0269875
     195.8714395554065391     -0.0039993
     196.4760628973470773     -0.0083826
     197.0806886765161607     -0.0056886
     197.6853168929136473     -0.0023547
     198.2899475466062142      0.0005047
     198.8945806375272696      0.0128629
     199.4992161658099121      0.0059440
     200.1038541313210430      0.0159079
     200.7084945341272260     -0.0049289
     201.3131373743615882      0.0123182
     201.9177826518910024     -0.0055176
     202.5224303667154402     -0.0179876
     203.1270805190346493     -0.0150586
     203.7317331087154457     -0.0364225
     204.3363881357578862     -0.0167877
     204.9410456002284775      0.0034750
     205.5457055021272481      0.0143464
     206.1503678415207901      0.0015460
     206.7550326183424829      0.0144236
     207.3596998326589187     -0.0078123
     207.9643694844701258     -0.0063173
     208.5690415737760759     -0.0047658
     209.1737161006433325     -0.0263715
     209.7783930650053605      0.0025455
     210.3830724669286951      0.0025618
     210.9877543064133079      0.0029154
     211.5924385835258192     -0.0068734
     212.1971252981996940      0.0031446
     212.8018144505013822     -0.0076251
     213.4065060404309691     -0.0037247
     214.0112000679884545      0.0136941
     214.6158965331738386      0.0044962
     215.2205954360536282      0.0227785
     215.8252967766278800     -0.0242348
     216.4300005549631578     -0.0375807
     217.0347067709263058     -0.0156143
     217.6394154246504797     -0.0132159
     218.2441265161356796     -0.0220503
     218.8488400453153417     -0.0018055
     219.4535560123225366     -0.0069291
     220.0582744170907858      0.0000281
     220.6629952596865962      0.0207970
     221.2677185401100246      0.0070513
     221.8724442583609857     -0.0071830
     222.4771724144395648     -0.0010923
     223.0819030084122687     -0.0078499
     223.6866360402791543     -0.0077436
     224.2913715099070373      0.0067647
     224.8961094175622293      0.0056981
     225.5008497631115745     -0.0055244
     226.1055925466216081     -0.0131433
     226.7103377680257950     -0.0015078
     227.3150854274572623      0.0107513
     227.9198355248494750      0.0116560
     228.5245880602689681      0.0062769
     229.1293430335825860     -0.0027358
     229.7341004450566402      0.0120641
     230.3388602944914112     -0.0065026
     230.9436225820200264     -0.0033128
     231.5483873075759504     -0.0195409
     232.1531544712257187     -0.0119746
     232.7579240730358947      0.0029324
     233.3626961129399433      0.0013006
     233.9674705908712724     -0.0041479
     234.5722475070295729     -0.0063619
     235.1770268613483097      0.0048880
     235.7818086538274258      0.0031202
     236.3865928844670066      0.0036545
     236.9913795533335588      0.0087913
     237.5961686604271108      0.0089383
     238.2009602057476627     -0.0006512
     238.8057541892951576     -0.0190577
     239.4105506111362445      0.0063325
     240.0153494712708664      0.0186431
     240.6201507696324882      0.0004884
     241.2249545062876734     -0.0052999
     241.8297606813029574     -0.0080137
     242.4345692946783686     -0.0017684
     243.0393803464139069      0.0275668
     243.6441938364429802     -0.0027648
     244.2490097648322092      0.0083045
     244.8538281317146641      0.0174508
     245.4586489369572746      0.0151240
     246.0634721805599554      0.0094415
     246.6682978627225111      0.0231999
     247.2731259832451656      0.0120801
     247.8779565423276381      0.0035350
     248.4827895397702662     -0.0002960
     249.0876249757726839     -0.0016704
     249.6924628502683845     -0.0047178
     250.2973031633238747     -0.0133264
     250.9021459148726478     -0.0239227
     251.5069911050478026     -0.0070520
     252.1118387337827755     -0.0139073
     252.7166888010775949     -0.0136943
     253.3215413069322324      0.0014683
     253.9263962514132515     -0.0139407
     254.5312536345872161      0.0065326
     255.1361134563875908      0.0117272
     255.7409757167477835     -0.0104694
     256.3458404158674853      0.0094185
     256.9507075536801608     -0.0322279
     257.5555771301858385     -0.0208357
     258.1604491453844048     -0.0025068
     258.7653235993425369      0.0024753
     259.3702004920601780     -0.0093000
     259.9750798235373281     -0.0136995
     260.5799615937740441     -0.0082328
     261.1848458027702691      0.0066915
     261.7897324506591303      0.0145515
     262.3946215373075574      0.0063829
     262.9995130627820572      0.0171433
     263.6044070271492501     -0.0116093
     264.2093034303424588      0.0119521
     264.8142022724283606      0.0061620
     265.4191035534069556     -0.0007079
     266.0240072733447505     -0.0316214
     266.6289134321752385     -0.0017544
     267.2338220298983629     -0.0154578
     267.8387330665806871     -0.0162737
     268.4436465422888318     -0.0078208
     269.0485624569561764     -0.0050283
     269.6534808106493983     -0.0229150
     270.2584016033017633      0.0107250
     270.8633248349799487      0.0060118
     271.4682505057505182     -0.0170763
     272.0731786156134149     -0.0162783
     272.6781091644355683     -0.0131872
     273.2830421524166695      0.0147454
     273.8879775794900979      0.0066091
     274.4929154456558535      0.0068281
     275.0978557509140501     -0.0005019
     275.7027984953976443     -0.0058270
     276.3077436790402999     -0.0089730
     276.9126913018417895      0.0249875
     277.5176413638022268      0.0067221
     278.1225938649881755      0.0079456
     278.7275488053996355      0.0007199
     279.3325061850365501     -0.0053360
     279.9374660038989759      0.0005034
     280.5424282621200405      0.0177123
     281.1473929594999959      0.0039853
     281.7523600962386467     -0.0018938
     282.3573296722693726     -0.0026425
     282.9623016876586235     -0.0017261
     283.5672761423400630      0.0004031
     284.1722530363800274      0.0105276
     284.7772323697787442      0.0075661
     285.3822141426025496     -0.0045228
     285.9871983547850505      0.0015216
     286.5921850063261331      0.0073942
     287.1971740974256022     -0.0142923
     287.8021656278837099     -0.0030172
     288.4071595978335267     -0.0183976
     289.0121560072084890      0.0092226
     289.6171548560753308      0.0023688
     290.2221561445005023     -0.0078711
     290.8271598723508191     -0.0007823
     291.4321660397594655     -0.0115306
     292.0371746467264416      0.0079477
     292.6421856933183676      0.0075669
     293.2471991794020028      0.0015227
     293.8522151050440812      0.0056181
     294.4572334703775027      0.0180236
     295.0622542752693676      0.0002564
     295.6672775198526324     -0.0113535
     296.2723032039942268     -0.0087322
     296.8773313278272781      0.0227703
     297.4823618914184067      0.0037797
     298.0873948946343717      0.0012814
     298.6924303375418503      0.0001403
     299.2974682202073495      0.0072242
     299.9025085425643624      0.0050041
     300.5075513047459594     -0.0060722
     301.1125965066190133     -0.0327376
     301.7176441483166514     -0.0011470
     302.3226942297723099      0.0086655
     302.9277467510526094     -0.0052921
     303.5328017121574931      0.0061670
     304.1378591130870177      0.0158919
     304.7429189539076901      0.0041027
     305.3479812346195104      0.0085686
     305.9530459551559147     -0.0066691
     306.5581131155835237     -0.0210428
     307.1631827159688441     -0.0095737
     307.7682547562454261     -0.0107154
     308.3733292364796625      0.0080810
     308.9784061566716673      0.0074257
     309.5834855168878903      0.0008394
     310.1885673169954316      0.0307932
     310.7936515571271343      0.0060730
     311.3987382373497894     -0.0028114
     312.0038273575302128      0.0052982
     312.6089189178014180     -0.0122290
     313.2140129180969552      0.0048666
     313.8191093584833880      0.0162507
     314.4242082389607162      0.0271071
     315.0293095595288264      0.0140495
     315.6344133201878890     -0.0192962
     316.2395195210709176      0.0086718
     316.8446281620448417      0.0247061
     317.4497392431761682      0.0071040
     318.0548527644649539     -0.0162050
     318.6599687260443261     -0.0179289
     319.2650871277811575      0.0212731
     319.8702079697419549      0.0052579
     320.4753312518602684      0.0028657
     321.0804569743356183      0.0045368
     321.6855851370349910      0.0147038
     322.2907157400250071      0.0094912
     322.8958487833055528     -0.0036518
     323.5009842668766282      0.0006730
     324.1061221908049106     -0.0118518
     324.7112625550902862     -0.0263619
     325.3164053596662484     -0.0077155
     325.9215506046659812      0.0127231
     326.5266982900893709     -0.0100014
     327.1318484158698539      0.0004204
     327.7370009820076007      0.0062018
     328.3421559886355112     -0.0007147
     328.9473134357537560      0.0024945
     329.5524733232956578     -0.0076848
     330.1576356512613302     -0.0061355
     330.7628004197172231     -0.0136062
     331.3679676287300140     -0.0063150
     331.9731372782330254     -0.0045172
     332.5783093682263143     -0.0202968
     333.1834838988430647     -0.0035969
     333.7886608700165993      0.0011042
     334.3938402817469751      0.0152692
     334.9990221340342487     -0.0014776
     335.6042064270114906      0.0119472
     336.2093931605455737      0.0188546
     336.8145823347696250      0.0038574
     337.4197739495504607     -0.0045131
     338.0249680050879419     -0.0107134
     338.6301645012487143      0.0005902
     339.2353634381661323      0.0091642
     339.8405648157068981     -0.0220889
     340.4457686340043097     -0.0106706
     341.0509748930581964     -0.0177992
     341.6561835928686151      0.0026421
     342.2613947334355657      0.0012828
     342.8666083148256689      0.0048473
     343.4718243369723041     -0.0225497
     344.0770427999420349      0.0069092
     344.6822637037349182      0.0118378
     345.2874870484174608      0.0145889
     345.8927128339230421      0.0070271
     346.4979410603183965      0.0169088
     347.1031717275368464     -0.0092050
     347.7084048357115194     -0.0017544
     348.3136403847758515     -0.0132323
     348.9188783747964635      0.0007845
     349.5241188057067916      0.0192147
     350.1293616776399062      0.0170013
     350.7346069905292438     -0.0074533
     351.3398547444414248      0.0036928
     351.9451049393098288     -0.0033355
     352.5503575752676397     -0.0096777
     353.1556126521816736     -0.0069283
     353.7608701701850578     -0.0010182
     354.3661301292112853     -0.0012828
     354.9713925293934835     -0.0109096
     355.5766573705984683     -0.0107723
     356.1819246529594807      0.0062467
     356.7871943764097296     -0.0109314
     357.3924665410160060     -0.0090021
     357.9977411467781963      0.0076110
     358.6030181937629777     -0.0082171
     359.2082976817705458     -0.0089605
     359.8135796111337186     -0.0014878
     360.4188639816528621     -0.0051646
     361.0241507933945400     -0.0105850
     361.6294400463587522     -0.0085477
     362.2347317406120055      0.0058233
     362.8400258761543569      0.0143108
     363.4453224529191857      0.0070652
     364.0506214710397330     -0.0119244
     364.6559229304493215     -0.0025928
     365.2612268312145716      0.0095459
     365.8665331733354833      0.0090768
     366.4718419567454930      0.0214221
     367.0771531815776711      0.0155757
     367.6824668477655109     -0.0120370
     368.2877829554421396     -0.0044753
     368.8931015044078663     -0.0017754
     369.4984224949289455     -0.0148916
     370.1037459268721932      0.0062017
     370.7090718002377230      0.0158433
     371.3144001150919848     -0.0184505
     371.9197308714350925     -0.0106215
     372.5250640693334958     -0.0119193
     373.1303997087207449     -0.0162105
     373.7357377895967261     -0.0072975
     374.3410783120946235     -0.0255208
     374.9464212761478734     -0.0002510
     375.5517666817565328     -0.0205263
     376.1571145289204878     -0.0121635
     376.7624648177729796      0.0085453
     377.3678175482473307      0.0064444
     377.9731727203436549     -0.0071196
     378.5785303340618384     -0.0069272
     379.1838903895351223     -0.0092768
     379.7892528866303223      0.0159923
     380.3946178254805659      0.0270755
     380.9999852059527257      0.0092402
     381.6053550281799289     -0.0039721
     382.2107272922287962      0.0041475
     382.8161019979661432     -0.0076624
     383.4214791454584770      0.0028732
     384.0268587347724747     -0.0071702
     384.6322407659081364     -0.0158659
     385.2376252388654052     -0.0044043
     385.8430121535777175     -0.0128499
     386.4484015102447074      0.0089705
     387.0537933087333613     -0.0156290
     387.6591875490436792     -0.0074390
     388.2645842312421678     -0.0257453
     388.8699833554620113     -0.0144752
     389.4753849215034052      0.0020744
     390.0807889295662108     -0.0123756
     390.6861953794505666     -0.0308959
     391.2916042714228411      0.0027232
     391.8970156053498499      0.0022867
     392.5024293812316500     -0.0082059
     393.1078455991347482      0.0101940
     393.7132642590591445      0.0152080
     394.3186853610715161      0.0157462
     394.9241089051051290      0.0159067
     395.5295348911600968      0.0064663
     396.1349633193695468      0.0015668
     396.7403941896002380      0.0224596
     397.3458275020520318      0.0247462
     397.9512632565251806      0.0165357
     398.5567014532192047     -0.0169669
     399.1621420920012611     -0.0113524
     399.7675851730708132      0.0209620
     400.3730306961617771      0.0327062
     400.9784786616068573      0.0085050
     401.5839290692064196     -0.0118536
     402.1893819190269710      0.0094933
     402.7948372110686250     -0.0006552
     403.4002949453977749     -0.0034468
     404.0057551220810979     -0.0066233
     404.6112177409855235     -0.0215960
     405.2166828021774450     -0.0026734
     405.8221503057235395     -0.0018201
     406.4276202515572436     -0.0008781
     407.0330926398117413     -0.0013747
     407.6385674703537347      0.0390094
     408.2440447433165218      0.0130007
     408.8495244587000457     -0.0017164
     409.4550066164376858     -0.0220890
     410.0604912165960627     -0.0035509
     410.6659782592417400      0.0152336
     411.2714677443080973     -0.0171862
     411.8769596718617549      0.0051098
     412.4824540419027699     -0.0031082
     413.0879508544310852     -0.0065254
     413.6934501094466441      0.0091867
     414.2989518070161239     -0.0100197
     414.9044559471393541     -0.0349924
     415.5099625298165620     -0.0230922
     416.1154715550475771     -0.0138499
     416.7209830228990199      0.0003421
     417.3264969332377632     -0.0427089
     417.9320132863301183     -0.0263043
     418.5375320819762237     -0.0101556
     419.1430533203094342      0.0124791
     419.7485770012630155     -0.0034052
     420.3541031249036450     -0.0015099
     420.9596316912977727     -0.0087877
     421.5651627003123281     -0.0174868
     422.1706961520138748     -0.0281633
     422.7762320465356538     -0.0056468
     423.3817703838109310     -0.0035838
     423.9873111638397631     -0.0143775
     424.5928543865555866     -0.0455788
     425.1984000521580924     -0.0127161
     425.8039481605807737     -0.0278959
     426.4094987118236304      0.0156330
     427.0150517058199853     -0.0177347
     427.6206071427030224     -0.0150173
     428.2261650224727987      0.0153472
     428.8317253451958209      0.0352936
     429.4372881106723980      0.0122114
     430.0428533191687848      0.0209570
     430.6484209705519106      0.0038073
     431.2539910648882824     -0.0000187
     431.8595636021113364     -0.0074493
     432.4651385823543137     -0.0127397
     433.0707160056170437     -0.0069637
     433.6762958718995833     -0.0026181
     434.2818781810688620     -0.0053056
     434.8874629333910775      0.0039886
     435.4930501287332163     -0.0037290
     436.0986397670951078      0.0020961
     436.7042318485433725     -0.0017045
     437.3098263730781241     -0.0030617
     437.9154233407658126      0.0077931
     438.5210227515398742      0.0212547
     439.1266246054003659      0.0276368
     439.7322289024804149      0.0159922
     440.3378356427133440      0.0164826
     440.9434448260993236     -0.0022872
     441.5490564526382400      0.0118659
     442.1546705224632205     -0.0025314
     442.7602870354411948      0.0096230
     443.3659059917052900     -0.0057219
     443.9715273911888858      0.0149082
     444.5771512339586593      0.0218238
     445.1827775200144401      0.0164641
     445.7884062493563988     -0.0046738
     446.3940374219844216      0.0170358
     446.9996710379651290     -0.0026187
     447.6053070972985211     -0.0090934
     448.2109455999844840      0.0016713
     448.8165865460231885     -0.0167666
     449.4222299354146344      0.0162512
     450.0278757682917785     -0.0005701
     450.6335240445216073      0.0265693
     451.2391747641707411      0.0166558
     451.8448279273055732     -0.0033836
     452.4504835338597104     -0.0138263
     453.0561415839662232     -0.0074234
     453.6618020774253637      0.0059973
     454.2674650145035002      0.0023455
     454.8731303950673919     -0.0207778
     455.4787982191170954      0.0194359
     456.0844684867191745      0.0094220
     456.6901411979401928     -0.0055594
     457.2958163527136435      0.0053725
     457.9014939511059197     -0.0085431
     458.5071739930506283     -0.0035461
     459.1128564786142761      0.0112912
     459.7185414078634267      0.0145576
     460.3242287807980802      0.0084374
     460.9299185972851092      0.0188418
     461.5356108575242047      0.0072007
     462.1413055614488030      0.0023783
     462.7470027090588474      0.0047657
     463.3527023003545082     -0.0036604
     463.9584043354687992      0.0174218
     464.5641088143350999     -0.0105997
     465.1698157369535238     -0.0005491
     465.7755251033239574      0.0265222
     466.3812369135130780      0.0273868
     466.9869511675874492      0.0302350
     467.5926678654137731      0.0142532
     468.1983870070588409      0.0067810
     468.8041085925891025     -0.0211433
     469.4098326220045010      0.0175520
     470.0155590953717706     -0.0172565
     470.6212880124909930      0.0026943
     471.2270193736286501      0.0073368
     471.8327531787180646      0.0128320
     472.4384894276927298      0.0076778
     473.0442281206191524      0.0094024
     473.6499692575638960      0.0079938
     474.2557128385269039      0.0070148
     474.8614588634417828      0.0189157
     475.4672073323749828     -0.0007556
     476.0729582453265039      0.0356263
     476.6787116024295869      0.0418784
     477.2844674034843138     -0.0190122
     477.8902256486240390      0.0084823
     478.4959863379152125      0.0074262
     479.1017494713578913      0.0204982
     479.7075150488854547      0.0092326
     480.3132830704313960      0.0134121
     480.9190535362619130     -0.0033796
     481.5248264462438783      0.0343187
     482.1306018004439125      0.0051854
     482.7363795987288313     -0.0177498
     483.3421598412984395      0.0002930
     483.9479425280860028      0.0043637
     484.5537276591582554      0.0208418
     485.1595152343819564      0.0051166
     485.7653052539567966      0.0065406
     486.3710977178163262      0.0189917
     486.9768926259604314      0.0310570
     487.5826899783891122      0.0240681
     488.1884897752355528      0.0076283
     488.7942920163666258      0.0044614
