Scan:     14          4C25.01 2015-10-21 +00 53 25.0
         OPTICAL                 Tb    
        km/s-LSR                 XX
    -549.0037089197342084     -0.0008229
    -548.4020614248784113      0.0017492
    -547.8004115107339658      0.0051624
    -547.1987591773009854      0.0086168
    -546.5971044244795394      0.0156091
    -545.9954472523363620      0.0123116
    -545.3937876608378019      0.0047705
    -544.7921256499174660      0.0013927
    -544.1904612196422022      0.0020624
    -543.5887943699451625     -0.0073106
    -542.9871251008595436      0.0000215
    -542.3854534122857558      0.0137704
    -541.7837793042901922     -0.0126091
    -541.1821027768396561      0.0102593
    -540.5804238299341478     -0.0102467
    -539.9787424635070465     -0.0215606
    -539.3770586775582387     -0.0144933
    -538.7753724721212620     -0.0053619
    -538.1736838470960720      0.0176610
    -537.5719928025494028      0.0166956
    -536.9702993384477168     -0.0323819
    -536.3686034547247345      0.0153865
    -535.7669051514468492      0.0116494
    -535.1652044285142438     -0.0127445
    -534.5635012860267352     -0.0121220
    -533.9617957238514236     -0.0006732
    -533.3600877420544748      0.0004765
    -532.7583773405362990     -0.0111180
    -532.1566645193635168     -0.0101191
    -531.5549492784692802      0.0034877
    -530.9532316178871270      0.0019927
    -530.3515115375837468     -0.0001136
    -529.7497890375257157      0.0007290
    -529.1480641177132611      0.0047671
    -528.5463367781794659     -0.0075752
    -527.9446070187912028      0.0029637
    -527.3428748396152059     -0.0067157
    -526.7411402406512480     -0.0079639
    -526.1394032218329357     -0.0119334
    -525.5376637831601556      0.0006116
    -524.9359219246330213     -0.0040594
    -524.3341776462514190     -0.0046613
    -523.7324309479821522     -0.0035304
    -523.1306818297919108      0.0040820
    -522.5289302917472014     -0.0011004
    -521.9271763337150105     -0.0020698
    -521.3254199557285347     -0.0083346
    -520.7236611577877738     -0.0155032
    -520.1218999398927281     -0.0105586
    -519.5201363019768905     -0.0062919
    -518.9183702440735715     -0.0113534
    -518.3166017661493470     -0.0197055
    -517.7148308681710205     -0.0115953
    -517.1130575501719022     -0.0184103
    -516.5112818121518785      0.0033163
    -515.9095036540111323     -0.0005204
    -515.3077230757497773     -0.0058013
    -514.7059400774010101     -0.0114645
    -514.1041546589316340     -0.0089219
    -513.5023668203415355      0.0019408
    -512.9005765615974042     -0.0006211
    -512.2987838826660436      0.0030572
    -511.6969887835807640      0.0048017
    -511.0951912642749448      0.0045521
    -510.4933913248150930     -0.0012775
    -509.8915889651015050      0.0008371
    -509.2897841851341241     -0.0138303
    -508.6879769849128365     -0.0048255
    -508.0861673644377561     -0.0027958
    -507.4843553236423190      0.0010900
    -506.8825408625930322     -0.0065902
    -506.2807239812233320     -0.0131319
    -505.6789046795333320     -0.0086974
    -505.0770829574896652     -0.0082931
    -504.4752588151255850     -0.0047717
    -503.8734322523744709      0.0007097
    -503.2716032692032400      0.0023568
    -502.6697718656782286     -0.0037304
    -502.0679380416997901     -0.0110495
    -501.4661017973343746      0.0059193
    -500.8642631324821650     -0.0088892
    -500.2624220472096681     -0.0027368
    -499.6605785414504339     -0.0085770
    -499.0587326152044056      0.0032427
    -498.4568842685047798      0.0096237
    -497.8550335012185997      0.0006745
    -497.2531803134455686     -0.0096627
    -496.6513247050858695     -0.0012110
    -496.0494666762061229     -0.0013303
    -495.4476062267396514     -0.0034241
    -494.8457433566533155     -0.0007947
    -494.2438780660135649      0.0002843
    -493.6420103547206395     -0.0123674
    -493.0401402228076790     -0.0115660
    -492.4382676702416006     -0.0144813
    -491.8363926970888542     -0.0039383
    -491.2345153031830023     -0.0032630
    -490.6326354885906653     -0.0082730
    -490.0307532533118433     -0.0021528
    -489.4288685972798589      0.0023076
    -488.8269815205281930     -0.0100815
    -488.2250920230234215     -0.0074978
    -487.6232001047656013      0.0041038
    -487.0213057657213653     -0.0045854
    -486.4194090058908273     -0.0100541
    -485.8175098253071837     -0.0065418
    -485.2156082238373074      0.0094422
    -484.6137042015478755      0.0015101
    -484.0117977584054643      0.0035734
    -483.4098888943768770      0.0051514
    -482.8079776094953672     -0.0087181
    -482.2060639036943144     -0.0058384
    -481.6041477769738322      0.0044760
    -481.0022292293671171     -0.0116128
    -480.4003082608076056     -0.0042973
    -479.7983848713286648      0.0215591
    -479.1964590608303070      0.0083233
    -478.5945308293792095     -0.0081994
    -477.9926001769087520     -0.0089617
    -477.3906671034190481      0.0019338
    -476.7887316089099272      0.0068352
    -476.1867936933481928      0.0043483
    -475.5848533567670984      0.0083807
    -474.9829105990668268      0.0121240
    -474.3809654203139416      0.0048841
    -473.7790178205083862     -0.0019682
    -473.1770677995504002     -0.0009491
    -472.5751153574399837     -0.0072988
    -471.9731604941770229      0.0022637
    -471.3712032097948850      0.0110319
    -470.7692435041936960     -0.0044056
    -470.1672813774400197     -0.0023463
    -469.5653168294672923      0.0010642
    -468.9633498602755708     -0.0089621
    -468.3613804698647982     -0.0030482
    -467.7594086582682849     -0.0059483
    -467.1574344253528466     -0.0004922
    -466.5554577711517936      0.0044497
    -465.9534786956651260     -0.0075004
    -465.3514971988595903      0.0043267
    -464.7495132807684399     -0.0027506
    -464.1475269413250544     -0.0145471
    -463.5455381805295474     -0.0030852
    -462.9435469983818621      0.0105132
    -462.3415533948486882     -0.0006724
    -461.7395573699967031     -0.0071245
    -461.1375589236592987     -0.0046337
    -460.5355580559031523      0.0032616
    -459.9335547667283777     -0.0009225
    -459.3315490560681837      0.0094717
    -458.7295409239892479     -0.0002430
    -458.1275303703918098     -0.0067004
    -457.5255173953422627      0.0009732
    -456.9235019987408464      0.0084661
    -456.3214841806541244     -0.0051443
    -455.7194639410488435     -0.0052627
    -455.1174412798583262     -0.0100771
    -454.5154161970827431     -0.0044375
    -453.9133886927551771      0.0006156
    -453.3113587668092350      0.0087581
    -452.7093264192448032     -0.0001509
    -452.1072916500619385     -0.0049008
    -451.5052544592606409      0.0073420
    -450.9032148467742900     -0.0014296
    -450.3011728126362527     -0.0025146
    -449.6991283568464723     -0.0149847
    -449.0970814793383852     -0.0012958
    -448.4950321800787378      0.0107644
    -447.8929804591340940     -0.0038535
    -447.2909263164045228     -0.0018739
    -446.6888697519567017      0.0044240
    -446.0868107656907000      0.0036525
    -445.4847493576731381     -0.0076446
    -444.8826855278707058     -0.0021266
    -444.2806192762168394      0.0155102
    -443.6785506027781594      0.0105460
    -443.0764795074879885      0.0069821
    -442.4744059903130733      0.0035332
    -441.8723300512534706      0.0094300
    -441.2702516903091805      0.0075328
    -440.6681709074802029      0.0007291
    -440.0660877026998605     -0.0003562
    -439.4640020760015773      0.0111918
    -438.8619140273852963      0.0084898
    -438.2598235567843972     -0.0056359
    -437.6577306641989935     -0.0042337
    -437.0556353496622819     -0.0062201
    -436.4535376131076987      0.0003271
    -435.8514374545019905      0.0080456
    -435.2493348738784675      0.0167433
    -434.6472298712037059     -0.0013733
    -434.0451224464446227      0.0058654
    -433.4430125996344145     -0.0036926
    -432.8409003307064609     -0.0038945
    -432.2387856396940720      0.0060421
    -431.6366685265640513      0.0057273
    -431.0345489913162851      0.0054719
    -430.4324270338842666      0.0085288
    -429.8303026543012493     -0.0036840
    -429.2281758525006694     -0.0017735
    -428.6260466285158373      0.0002957
    -428.0239149823466960      0.0032547
    -427.4217809139267956      0.0024595
    -426.8196444232892759      0.0103364
    -426.2175055103676868      0.0014685
    -425.6153641751952250      0.0049343
    -425.0132204178052575      0.0005466
    -424.4110742380312900      0.0055446
    -423.8089256359731394      0.0098708
    -423.2067746115644127      0.0021968
    -422.6046211648382496     -0.0031549
    -422.0024652957613398     -0.0063136
    -421.4003070043005437      0.0077770
    -420.7981462904224372      0.0017591
    -420.1959831541936978     -0.0040669
    -419.5938175955143379      0.0124682
    -418.9916496144843450      0.0057649
    -418.3894792109372247     -0.0128277
    -417.7873063849395976      0.0106579
    -417.1851311364914068      0.0100503
    -416.5829534655260886      0.0059744
    -415.9807733720770102      0.0094941
    -415.3785908560774942     -0.0050664
    -414.7764059175609077     -0.0110918
    -414.1742185565272507      0.0090206
    -413.5720287729098459      0.0079146
    -412.9698365667753137      0.0160117
    -412.3676419379906406      0.0087970
    -411.7654448865889663     -0.0132288
    -411.1632454125702907     -0.0069095
    -410.5610435159347276     -0.0055103
    -409.9588391966489098     -0.0041701
    -409.3566324547128374     -0.0106401
    -408.7544232900599468     -0.0018794
    -408.1522117027568015     -0.0054044
    -407.5499976927368948      0.0021716
    -406.9477812600334232     -0.0065516
    -406.3455624045466266      0.0015810
    -405.7433411262763912     -0.0043246
    -405.1411174252893943     -0.0018200
    -404.5388913014857621      0.0023501
    -403.9366627549320015      0.0025554
    -403.3344317855282952      0.0071219
    -402.7321983933079537      0.0008160
    -402.1299625782709768     -0.0031904
    -401.5277243403507441      0.0046498
    -400.9254836796470727      0.0123882
    -400.3232405959603852      0.0020357
    -399.7209950894238091      0.0045562
    -399.1187471599706669      0.0033657
    -398.5164968075677621      0.0026293
    -397.9142440322150378      0.0029825
    -397.3119888339458043      0.0071549
    -396.7097312126934980     -0.0002009
    -396.1074711684248086     -0.0074459
    -395.5052087012063566     -0.0023238
    -394.9029438109715784     -0.0059654
    -394.3006764976871068      0.0065797
    -393.6984067613529987     -0.0095904
    -393.0961346019692542     -0.0017931
    -392.4938600195025629      0.0026404
    -391.8915830139529248     -0.0086753
    -391.2893035853203969     -0.0024871
    -390.6870217335384154     -0.0120544
    -390.0847374586401770     -0.0076573
    -389.4824507605924850      0.0147037
    -388.8801616393952258     -0.0005544
    -388.2778700950818234      0.0069150
    -387.6755761274857264      0.0015551
    -387.0732797367401758     -0.0101725
    -386.4709809227452979      0.0013425
    -385.8686796855010357     -0.0032484
    -385.2663760250407563     -0.0022663
    -384.6640699412978393     -0.0031076
    -384.0617614342722277     -0.0131973
    -383.4594505039640353     -0.0023225
    -382.8571371503398950      0.0100352
    -382.2548213734664841     -0.0082487
    -381.6525031732105617     -0.0109671
    -381.0501825495721278      0.0082545
    -380.4478595025844925      0.0038726
    -379.8455340322144593     -0.0007167
    -379.2432061384618009      0.0096999
    -378.6408758212934913      0.0034693
    -378.0385430807094167      0.0098922
    -377.4362079166763237      0.0073887
    -376.8338703291940988      0.0004526
    -376.2315303182628554     -0.0047783
    -375.6291878838493403      0.0033475
    -375.0268430259200727      0.0004859
    -374.4244957444752799      0.0076250
    -373.8221460394816518     -0.0000597
    -373.2197939109723279     -0.0103500
    -372.6174393589141118     -0.0185842
    -372.0150823832736933     -0.0103441
    -371.4127229840511291     -0.0003920
    -370.8103611612463624      0.0054574
    -370.2079969148594500      0.0005997
    -369.6056302447904613     -0.0060047
    -369.0032611511060168     -0.0092640
    -368.4008896337395527     -0.0045817
    -367.7985156926910690      0.0040174
    -367.1961393279605659      0.0063343
    -366.5937605395479295      0.0065822
    -365.9913793274200771      0.0038211
    -365.3889956915436414     -0.0067284
    -364.7866096319185658     -0.0095749
    -364.1842211486114138     -0.0032251
    -363.5818302414558616      0.0038263
    -362.9794369105183591      0.0080969
    -362.3770411557657667      0.0026020
    -361.7746429771980274      0.0023655
    -361.1722423748150277     -0.0026348
    -360.5698393485503743     -0.0040562
    -359.9674338984372639      0.0058554
    -359.3650260244756396     -0.0128996
    -358.7626157265990514     -0.0021596
    -358.1602030048740062     -0.0061316
    -357.5577878591673198     -0.0065309
    -356.9553702895123592      0.0107832
    -356.3529502959424349      0.0141252
    -355.7505278783908693      0.0001943
    -355.1481030368577194     -0.0099523
    -354.5456757713097886     -0.0017556
    -353.9432460817801598     -0.0024449
    -353.3408139682356932     -0.0064205
    -352.7383794306098252      0.0029778
    -352.1359424690356263     -0.0040359
    -351.5335030833134056     -0.0021402
    -350.9310612735097266      0.0106264
    -350.3286170395914496      0.0039212
    -349.7261703815916007     -0.0089744
    -349.1237212994770971      0.0034524
    -348.5212697931813182     -0.0152578
    -347.9188158627707708     -0.0072445
    -347.3163595081456947      0.0073097
    -346.7139007293725967      0.0022251
    -346.1114395264515338      0.0069952
    -345.5089758992492648     -0.0023855
    -344.9065098478324103      0.0001557
    -344.3040413721677737     -0.0096048
    -343.7015704722219880      0.0108683
    -343.0990971480283065      0.0023340
    -342.4966213995535327     -0.0134677
    -341.8941432267643563     -0.0112355
    -341.2916626296606637     -0.0064156
    -340.6891796082425685     -0.0129817
    -340.0866941624435640     -0.0008442
    -339.4842062923633534     -0.0160084
    -338.8817159978689233     -0.0158384
    -338.2792232789601599      0.0070499
    -337.6767281356371768     -0.0017391
    -337.0742305679331707     -0.0077531
    -336.4717305757483246      0.0014917
    -335.8692281591492588     -0.0086499
    -335.2667233181025495     -0.0055540
    -334.6642160525417466     -0.0030491
    -334.0617063625001038      0.0102875
    -333.4591942480109310     -0.0037346
    -332.8566797089410443     -0.0011973
    -332.2541627453570072      0.0054889
    -331.6516433571923130     -0.0073763
    -331.0491215444802720     -0.0052940
    -330.4465973071874600      0.0014370
    -329.8440706453139342     -0.0003687
    -329.2415415588264977     -0.0023711
    -328.6390100476917837      0.0029587
    -328.0364761119431023      0.0061540
    -327.4339397515803967     -0.0037485
    -326.8314009665039634     -0.0054815
    -326.2288597567468287     -0.0052886
    -325.6263161222760232     -0.0129292
    -325.0237700631245730     -0.0045638
    -324.4212215792260849     -0.0065228
    -323.8186706705804454     -0.0032021
    -323.2161173371877680     -0.0022200
    -322.6135615790478823      0.0004730
    -322.0110033960943952     -0.0051008
    -321.4084427883937565     -0.0034713
    -320.8058797558461492      0.0026616
    -320.2033142984515734     -0.0065553
    -319.6007464162433962     -0.0012708
    -318.9981761091548833     -0.0037248
    -318.3956033771861485     -0.0009365
    -317.7930282203705019      0.0032898
    -317.1904506386080129     -0.0032306
    -316.5878706319653020      0.0065595
    -315.9852882003424384      0.0050348
    -315.3827033438726630     -0.0077506
    -314.7801160623562282      0.0004377
    -314.1775263558929510     -0.0091513
    -313.5749342244496347      0.0000380
    -312.9723396679596021      0.0069045
    -312.3697426864894737      0.0028498
    -311.7671432799727427     -0.0001563
    -311.1645414484092385     -0.0029022
    -310.5619371917658782      0.0169103
    -309.9593305100758585      0.0008518
    -309.3567214033391224     -0.0021085
    -308.7541098714226564     -0.0100358
    -308.1514959143928536      0.0058602
    -307.5488795322499413      0.0037996
    -306.9462607249271286      0.0011502
    -306.3436394924578394      0.0012490
    -305.7410158348088203     -0.0006894
    -305.1383897519466473     -0.0098770
    -304.5357612439046875     -0.0037647
    -303.9331303106163773      0.0018071
    -303.3304969521482803     -0.0024034
    -302.7278611683672125      0.0101886
    -302.1252229593398511      0.0048464
    -301.5225823249995187      0.0020637
    -300.9199392653795258     -0.0027066
    -300.3172937804465619     -0.0013070
    -299.7146458702006839     -0.0048676
    -299.1119955346086385     -0.0031044
    -298.5093427736371154     -0.0017112
    -297.9066875873193680      0.0054097
    -297.3040299756885929     -0.0016282
    -296.7013699385785799      0.0029386
    -296.0987074760557221     -0.0014778
    -295.4960425880868229     -0.0092984
    -294.8933752747051358     -0.0063656
    -294.2907055358440971     -0.0002306
    -293.6880333715369602     -0.0121634
    -293.0853587817172183     -0.0127476
    -292.4826817664181817      0.0031267
    -291.8800023255731162      0.0170785
    -291.2773204592820093      0.0107613
    -290.6746361673785373      0.0061033
    -290.0719494499289794      0.0077787
    -289.4692603068670564      0.0130787
    -288.8665687382592182      0.0102256
    -288.2638747440055340      0.0065616
    -287.6611783241726812      0.0066007
    -287.0584794786607858      0.0050962
    -286.4557782075364116      0.0109490
    -285.8530745107329381     -0.0015358
    -285.2503683882837890     -0.0038375
    -284.6476598401554838      0.0077238
    -284.0449488662816862      0.0018229
    -283.4422354666954220      0.0036809
    -282.8395196413636654      0.0103941
    -282.2368013902861890      0.0068188
    -281.6340807134298529      0.0103884
    -281.0313576107946005     -0.0036051
    -280.4286320823804317      0.0008383
    -279.8259041281540931      0.0099962
    -279.2231737481155278      0.0033600
    -278.6204409422648496      0.0066881
    -278.0177057105353811      0.0121594
    -277.4149680528938688      0.0061096
    -276.8122279694069334      0.0062816
    -276.2094854600078975      0.0044038
    -275.6067405247301281      0.0032516
    -275.0039931634738082      0.0143746
    -274.4012433763053309      0.0031890
    -273.7984911631916134     -0.0114613
    -273.1957365240992885     -0.0035396
    -272.5929794590616098     -0.0020109
    -271.9902199679788168     -0.0044896
    -271.3874580508841063      0.0081171
    -270.7846937077442249      0.0096533
    -270.1819269385924827      0.0045184
    -269.5791577433622592      0.0038330
    -268.9763861220535546     -0.0027387
    -268.3736120746664255     -0.0093364
    -267.7708356011675050     -0.0084438
    -267.1680567015569068      0.0045279
    -266.5652753758678273      0.0024991
    -265.9624916240005064      0.0048169
    -265.3597054459547735      0.0078276
    -264.7569168417307424     -0.0033116
    -264.1541258113284698     -0.0090084
    -263.5513323547146456      0.0069525
    -262.9485364718558458      0.0045136
    -262.3457381627854943      0.0036271
    -261.7429374274702809      0.0067211
    -261.1401342659101488     -0.0044601
    -260.5373286781052116      0.0034962
    -259.9345206639555386      0.0077627
    -259.3317102234943832      0.0009747
    -258.7288973567218022      0.0085804
    -258.1260820636044855      0.0055834
    -257.5232643441091795      0.0074004
    -256.9204441983023912      0.0030963
    -256.3176216260843603     -0.0050758
    -255.7147966274550299      0.0047508
    -255.1119692024476819      0.0021569
    -254.5091393510623448      0.0118406
    -253.9063070731658343      0.0051469
    -253.3034723688247709      0.0070070
    -252.7006352380390979      0.0078043
    -252.0977956807423368     -0.0042362
    -251.4949536969676842     -0.0085871
    -250.8921092866486049     -0.0059891
    -250.2892624498183807     -0.0049039
    -249.6864131864770115     -0.0015451
    -249.0835614965579339     -0.0087441
    -248.4807073800944579     -0.0088699
    -247.8778508370199347      0.0016786
    -247.2749918673344780     -0.0062552
    -246.6721304710380025      0.0050444
    -246.0692666481305082     -0.0089974
    -245.4664003985454599     -0.0106011
    -244.8635317223161678     -0.0039040
    -244.2606606194425467     -0.0053786
    -243.6577870898248648     -0.0072443
    -243.0549111335628538     -0.0001175
    -242.4520327505900070      0.0111294
    -241.8491519408397323      0.0062658
    -241.2462687043453684      0.0042276
    -240.6433830411068584      0.0060138
    -240.0404949510909489      0.0152277
    -239.4376044342643297     -0.0001536
    -238.8347114906602826     -0.0010468
    -238.2318161202122724      0.0031358
    -237.6289183229202990      0.0082334
    -237.0260180988176160     -0.0018281
    -236.4231154478043777     -0.0029753
    -235.8202103700137116      0.0043147
    -235.2173028652459550     -0.0029287
    -234.6143929335676717     -0.0037531
    -234.0114805749788047      0.0017207
    -233.4085657894461576      0.0055520
    -232.8056485769696167      0.0008713
    -232.2027289375159853      0.0012304
    -231.5998068710852635      0.0175074
    -230.9968823776773945      0.0033907
    -230.3939554572258714      0.0061371
    -229.7910261098305114     -0.0025745
    -229.1880943353248767     -0.0038969
    -228.5851601337755881     -0.0115578
    -227.9822235051493351     -0.0148217
    -227.3792844494460894      0.0059530
    -226.7763429666326260      0.0026715
    -226.1733990567089165      0.0007986
    -225.5704527196749325      0.0056178
    -224.9675039554641671      0.0124004
    -224.3645527641431272      0.0009521
    -223.7615991456785309      0.0066938
    -223.1586430999705897     -0.0012503
    -222.5556846270525284      0.0009819
    -221.9527237269244040      0.0047904
    -221.3497603995861311      0.0099853
    -220.7467946449712315     -0.0045547
    -220.1438264631462118     -0.0012958
    -219.5408558540112551     -0.0046490
    -218.9378828175663330     -0.0050882
    -218.3349073538447556      0.0006736
    -217.7319294628797763     -0.0016437
    -217.1289491445050146      0.0046110
    -216.5259663987870056     -0.0098222
    -215.9229812256924959     -0.0024081
    -215.3199936252214570      0.0027187
    -214.7170035973738891     -0.0042792
    -214.1140111421165386     -0.0057682
    -213.5110162594493772     -0.0138641
    -212.9080189493391231     -0.0064422
    -212.3050192117525512      0.0040364
    -211.7020170467893934     -0.0083070
    -211.0990124542833257      0.0081617
    -210.4960054342676017     -0.0075649
    -209.8929959867422212     -0.0015771
    -209.2899841117072128     -0.0140465
    -208.6869698091292662     -0.0086310
    -208.0839530790083529     -0.0013446
    -207.4809339213112480     -0.0020180
    -206.8779123360378946     -0.0061444
    -206.2748883231550963      0.0121295
    -205.6718618827293028      0.0058672
    -205.0688330146274438     -0.0027809
    -204.4658017188828296     -0.0125122
    -203.8627679954621215     -0.0005401
    -203.2597318443986296      0.0017695
    -202.6566932656257904     -0.0062445
    -202.0536522591768858      0.0061901
    -201.4506088249853235      0.0113010
    -200.8475629630844139      0.0095485
    -200.2445146734408752      0.0057321
    -199.6414639560879607      0.0004564
    -199.0384108108926000      0.0045926
    -198.4353552379212999      0.0118712
    -197.8322972371740605      0.0109252
    -197.2292368085843464     -0.0026933
    -196.6261739521521008      0.0049554
    -196.0231086679107193      0.0005734
    -195.4200409557935245      0.0007868
    -194.8169708158005733      0.0078452
    -194.2138982478985554      0.0017854
    -193.6108232521540344      0.0076044
    -193.0077458284339116      0.0033985
    -192.4046659768047505     -0.0078519
    -191.8015836971999306      0.0036996
    -191.1984989896527907      0.0006266
    -190.5954118540967102     -0.0017390
    -189.9923222905983380     -0.0114100
    -189.3892302990577718     -0.0064386
    -188.7861358794749833      0.0102098
    -188.1830390318832826      0.0040202
    -187.5799397562494164     -0.0023580
    -186.9768380525733562     -0.0011746
    -186.3737339207885384     -0.0099698
    -185.7706273608949630     -0.0092721
    -185.1675183729259118     -0.0092478
    -184.5644069567815109      0.0013196
    -183.9612931125283808      0.0097990
    -183.3581768400999010      0.0000095
    -182.7550581395294387     -0.0046696
    -182.1519370107502880      0.0049789
    -181.5488134537958445      0.0015963
    -180.9456874686660797      0.0002340
    -180.3425590552611766     -0.0011613
    -179.7394282136143318      0.0054098
    -179.1362949437256020     -0.0014412
    -178.5331592455283953      0.0017801
    -177.9300211190893322     -0.0025743
    -177.3268805643085102      0.0082182
    -176.7237375812524931      0.0068835
    -176.1205921698214922      0.0034303
    -175.5174443300820144     -0.0065848
    -174.9142940620340596      0.0013340
    -174.3111413655445290      0.0042401
    -173.7079862406799577      0.0027673
    -173.1048286874070641     -0.0027627
    -172.5016687056925946     -0.0084256
    -171.8985062955698311      0.0068825
    -171.2953414570054349      0.0005781
    -170.6921741899661811      0.0086506
    -170.0890044944520412      0.0008606
    -169.4858323704630436     -0.0009419
    -168.8826578179991316     -0.0044803
    -168.2794808369605164     -0.0048717
    -167.6763014274137333     -0.0043937
    -167.0731195892922187      0.0075947
    -166.4699353225960010     -0.0038580
    -165.8667486273582767     -0.0057440
    -165.2635595035125959     -0.0059552
    -164.6603679510255915      0.0051844
    -164.0571739699638840     -0.0021954
    -163.4539775602275711     -0.0099515
    -162.8507787219165550     -0.0075759
    -162.2475774548643699      0.0001894
    -161.6443737591376077      0.0000140
    -161.0411676347362402      0.0020362
    -160.4379590815937888      0.0041108
    -159.8347480997434218     -0.0033031
    -159.2315346891519141      0.0070751
    -158.6283188497859840     -0.0026147
    -158.0251005816789132      0.0129662
    -157.4218798847641096     -0.0061320
    -156.8186567591081939     -0.0110903
    -156.2154312045779534      0.0036733
    -155.6122032212400086      0.0030507
    -155.0089728090277958      0.0103904
    -154.4057399679745686      0.0154097
    -153.8025046980803552      0.0049675
    -153.1992669992453102      0.0066086
    -152.5960268715359689      0.0101787
    -151.9927843149190210     -0.0028954
    -151.3895393293612983     -0.0025026
    -150.7862919148959691      0.0039899
    -150.1830420714232162     -0.0023538
    -149.5797897989763214     -0.0001716
    -148.9765350975553133     -0.0041915
    -148.3732779671268815     -0.0086370
    -147.7700184076577727     -0.0064307
    -147.1667564191812403     -0.0057497
    -146.5634920016307206      0.0067419
    -145.9602251550394953      0.0026631
    -145.3569558793742544      0.0065307
    -144.7536841746350831      0.0014911
    -144.1504100407553324      0.0107086
    -143.5471334777683126     -0.0144886
    -142.9438544856074600     -0.0093694
    -142.3405730643393383     -0.0080413
    -141.7372892138641021      0.0136200
    -141.1340029342483433      0.0072635
    -140.5307142253921597      0.0110574
    -139.9274230873621150      0.0170419
    -139.3241295200917023      0.0026054
    -138.7208335236474284      0.0140465
    -138.1175350978962229      0.0009575
    -137.5142342428712823     -0.0020058
    -136.9109309585393817      0.0022609
    -136.3076252449338313      0.0003570
    -135.7043171020212924     -0.0011400
    -135.1010065297684832     -0.0160452
    -134.4976935281754322     -0.0019653
    -133.8943780972088859      0.0075677
    -133.2910602369020410      0.0155692
    -132.6877399471883905      0.0149830
    -132.0844172281344697     -0.0009736
    -131.4810920796071798      0.0101359
    -130.8777645016730560      0.0029220
    -130.2744344942655630      0.0151010
    -129.6711020574179543      0.0012612
    -129.0677671910969480      0.0026834
    -128.4644298952692907      0.0009360
    -127.8610901699349540      0.0012174
    -127.2577480150939380      0.0095155
    -126.6544034307129749     -0.0011091
    -126.0510564168586143      0.0127607
    -125.4477069733644612      0.0137017
    -124.8443551002970651     -0.0166587
    -124.2410007976564259      0.0060018
    -123.6376440654092761      0.0193589
    -123.0342849035223054      0.0121894
    -122.4309233119955280      0.0199585
    -121.8275592908289582      0.0264974
    -121.2241928400225675      0.0342424
    -120.6208239595098206      0.0046240
    -120.0174526493572671     -0.0041821
    -119.4140789094317654      0.0089867
    -118.8107027397998934      0.0103353
    -118.2073241404283408      0.0035192
    -117.6039431112838827      0.0085590
    -117.0005596523997582      0.0071758
    -116.3971737637094037      0.0178772
    -115.7937854452461011      0.0138954
    -115.1903946969765968     -0.0046732
    -114.5870015188342848      0.0052160
    -113.9836059109523205      0.0222340
    -113.3802078731309848      0.0205427
    -112.7768074054701515      0.0297527
    -112.1734045079032569      0.0061186
    -111.5699991804302726      0.0107676
    -110.9665914230512129      0.0260472
    -110.3631812357327817      0.0079122
    -109.7597686184750216      0.0041752
    -109.1563535712778901     -0.0013243
    -108.5529360941081052     -0.0079165
    -107.9495161869656812      0.0058880
    -107.3460938497840544      0.0104241
    -106.7426690825965068      0.0121917
    -106.1392418853697421      0.0095246
    -105.5358122581037605      0.0159912
    -104.9323802007985762     -0.0030277
    -104.3289457133876255      0.0011463
    -103.7255087958708941      0.0030576
    -103.1220694482816640      0.0034704
    -102.5186276705533714      0.0127478
    -101.9151834627525801     -0.0070826
    -101.3117368247461769      0.0026040
    -100.7082877565674153     -0.0087339
    -100.1048362582163094      0.0094003
     -99.5013823296928592      0.0004167
     -98.8979259709305012      0.0120465
     -98.2944671819625171      0.0059436
     -97.6910059627556251     -0.0075607
     -97.0875423132765292     -0.0073467
     -96.4840762335585254     -0.0104383
     -95.8806077236016137     -0.0126565
     -95.2771367833059344     -0.0106110
     -94.6736634126714875     -0.0174545
     -94.0701876117315692     -0.0207391
     -93.4667093804528832     -0.0069894
     -92.8632287188021621     -0.0051379
     -92.2597456268126734     -0.0147703
     -91.6562601044178393     -0.0093231
     -91.0527721516177024     -0.0175373
     -90.4492817684122343     -0.0171652
     -89.8457889548347026     -0.0168323
     -89.2422937107852761     -0.0203990
     -88.6387960362306586     -0.0171615
     -88.0352959312374423     -0.0229313
     -87.4317933957390494     -0.0290399
     -86.8282884297354798     -0.0126133
     -86.2247810332267051      0.0087207
     -85.6212712062127679     -0.0057287
     -85.0177589486270904     -0.0075730
     -84.4142442604696441     -0.0066264
     -83.8107271417404576     -0.0049926
     -83.2072075924728125      0.0098822
     -82.6036856125668351      0.0085220
     -82.0001612020225679     -0.0106865
     -81.3966343608732501      0.0005859
     -80.7931050890523466      0.0139914
     -80.1895733865598288      0.0022168
     -79.5860392534290071      0.0041977
     -78.9825026895600217      0.0303255
     -78.3789636950194222      0.0296815
     -77.7754222697406590      0.0257299
     -77.1718784137570282      0.0399143
     -76.5683321270019377      0.0507169
     -75.9647834094753875      0.0225360
     -75.3612322611441243      0.0357265
     -74.7576786820414014      0.0366165
     -74.1541226721339513      0.0438252
     -73.5505642313884778      0.0375839
     -72.9470033598049810      0.0508169
     -72.3434400573501932      0.0677581
     -71.7398743240573822      0.0857381
     -71.1363061599265478      0.0601471
     -70.5327355648245771      0.0795528
     -69.9291625388180051      0.0836622
     -69.3255870819068605      0.1053537
     -68.7220091940245652      0.1010977
     -68.1184288752043869      0.0953185
     -67.5148461254130723      0.1013532
     -66.9112609446173110      0.0864526
     -66.3076733328171315      0.0997175
     -65.7040832900457872      0.1038876
     -65.1004908162367144      0.1001893
     -64.4968959113899416      0.1093348
     -63.8932985754388696      0.1068622
     -63.2896988084168015      0.1275482
     -62.6860966103237303      0.1228862
     -62.0824919811263669      0.1412283
     -61.4788849207914367      0.1354882
     -60.8752754293522216      0.1404656
     -60.2716635067421507      0.1281982
     -59.6680491529945130      0.1387709
     -59.0644323681093013      0.1442256
     -58.4608131519533885      0.1477803
     -57.8571915046266199      0.1688022
     -57.2535674260624319      0.1620914
     -56.6499409162608174      0.1563903
     -56.0463119752217906      0.1614790
     -55.4426806029120485      0.1637636
     -54.8390467992983233      0.1637708
     -54.2354105644138969      0.1727367
     -53.6317718982254803      0.1910032
     -53.0281308007663554      0.1879091
     -52.4244872719033950      0.1894198
     -51.8208413116698736      0.1913359
     -51.2171929200990874      0.1912737
     -50.6135420971244585      0.2032395
     -50.0098888427792687      0.2019098
     -49.4062331569969686      0.2070403
     -48.8025750398108187      0.2283152
     -48.1989144911542624      0.2301509
     -47.5952515110605887      0.2223544
     -46.9915860995297905      0.2252879
     -46.3879182564953041      0.2342365
     -45.7842479819238335      0.2304682
     -45.1805752758486747      0.2374390
     -44.5769001382698420      0.2736731
     -43.9732225691207361      0.2837874
     -43.3695425684013784      0.2829932
     -42.7658601361450437      0.3102359
     -42.1621752722518863      0.3054220
     -41.5584879767884701      0.3235261
     -40.9547982497548020      0.3200129
     -40.3511060910510153      0.3512621
     -39.7474115006771243      0.3482911
     -39.1437144786331288      0.3611808
     -38.5400150249523037      0.3789614
     -37.9363131395348034      0.4251083
     -37.3326088224471988      0.4240632
     -36.7289020736229119      0.4383785
     -36.1251928930619570      0.4354174
     -35.5214812807643199      0.4588028
     -34.9177672366634440      0.4601077
     -34.3140507608924494      0.4666209
     -33.7103318532183778      0.4993597
     -33.1066105137743349      0.4928259
     -32.5028867424937644      0.4828840
     -31.8991605393766733      0.4853083
     -31.2954319044230544      0.5063602
     -30.6917008375663407      0.4937947
     -30.0879673388398139      0.4989802
     -29.4842314082434775      0.4980723
     -28.8804930457107645      0.5074270
     -28.2767522513082454      0.4908545
     -27.6730090249027754      0.4844338
     -27.0692633665609286      0.4718034
     -26.4655152762161379      0.4840404
     -25.8617647539016851      0.4730524
     -25.2580117996175737      0.4806861
     -24.6542564132972295      0.4772764
     -24.0504985949406596      0.4813880
     -23.4467383445478603      0.4867999
     -22.8429756620855464      0.4969517
     -22.2392105476202921      0.5231347
     -21.6354430009856706      0.5289434
     -21.0316730222815380      0.5470342
     -20.4279006114413271      0.5957597
     -19.8241257684650343      0.6088787
     -19.2203484933526632      0.6557945
     -18.6165687860709284      0.7194061
     -18.0127866466198334      0.7911358
     -17.4090020749660859      0.8397605
     -16.8052150711429817      0.9092317
     -16.2014256351172250      1.0201774
     -15.5976337668222591      1.1088005
     -14.9938394662580734      1.2158978
     -14.3900427334246785      1.3523799
     -13.7862435683220657      1.5189282
     -13.1824419709502418      1.7208225
     -12.5786379412426346      1.9876727
     -11.9748314792325310      2.3824644
     -11.3710225848533604      2.9372036
     -10.7672112581384098      3.6851120
     -10.1633974991209595      4.6886497
      -9.5595813076678784      5.8864942
      -8.9557626838124484      7.0340576
      -8.3519416275213860      7.9464269
      -7.7481181388279747      8.5331640
      -7.1442922176989301      9.2099400
      -6.5404638641009702     10.4322176
      -5.9366330780340943     12.3666315
      -5.3327998594983024     14.3541994
      -4.7289642084270271     15.4882936
      -4.1251261249201185     15.1829796
      -3.5212856088444440     13.6415329
      -2.9174426602000021     11.5315800
      -2.3135972790200769      9.5740757
      -1.7097494652381011      8.2478981
      -1.1058992188873582      7.4515409
      -0.5020465399345646      7.0126562
       0.1018085716535633      6.7257695
       0.7056661158770257      6.4746122
       1.3095260926692549      6.1802716
       1.9133885021633856      5.8591752
       2.5172533443594185      5.4366140
       3.1211206192573524      4.9753451
       3.7249903267906208      4.4392619
       4.3288624670923586      3.9528880
       4.9327370401625643      3.4691174
       5.5366140459346722      3.0259759
       6.1404934844752486      2.6201222
       6.7443753558508615      2.2599823
       7.3482596599283765      1.9093357
       7.9521463968409272      1.6033825
       8.5560355665885144      1.3365698
       9.1599271691711390      1.1364313
       9.7638212046553630      0.9669871
      10.3677176729746279      0.8457376
      10.9716165741289267      0.7305744
      11.5755179082513973      0.6358439
      12.1794216752754689      0.5719099
      12.7833278752011470      0.4852644
      13.3872365080284279      0.4287049
      13.9911475738904461      0.3822917
      14.5950610725875016      0.3441817
      15.1989770043858599      0.3058226
      15.8028953691523917      0.3083189
      16.4068161669536607      0.2754822
      17.0107393977896670      0.2240841
      17.6146650616604141      0.2249143
      18.2185931585658984      0.1892777
      18.8225236885726837      0.1700354
      19.4264566516807804      0.1657674
      20.0303920478236108      0.1520102
      20.6343298770677492      0.1305429
      21.2382701395463265      0.1187671
      21.8422128351262117      0.1207950
      22.4461579638739686      0.0903585
      23.0501055257895935      0.0862949
      23.6540555208730936      0.0972193
      24.2580079491910361      0.0780602
      24.8619628107434174      0.0856848
      25.4659201055302411      0.0812531
      26.0698798335515036      0.0691517
      26.6738419947406378      0.0565773
      27.2778065892973416      0.0539177
      27.8817736171550621      0.0392970
      28.4857430783137815      0.0652782
      29.0897149728400812      0.0370739
      29.6936893006673870      0.0319934
      30.2976660617956988      0.0463996
      30.9016452563581510      0.0447051
      31.5056268842881799      0.0538869
      32.1096109455857857      0.0368691
      32.7135974402509575      0.0275503
      33.3175863684168476      0.0368202
      33.9215777300168781      0.0478667
      34.5255715251176127      0.0423420
      35.1295677535859312      0.0479778
      35.7335664156215174      0.0495366
      36.3375675111578147      0.0305236
      36.9415710401282524      0.0323063
      37.5455770027325428      0.0385184
      38.1495853987709665      0.0332816
      38.7535962283766722      0.0220349
      39.3576094916162162      0.0400915
      39.9616251884230351      0.0482777
      40.5656433188636996      0.0366530
      41.1696638828716459      0.0250688
      41.7736868805134378      0.0302482
      42.3777123118556318      0.0276702
      42.9817401768316714      0.0393183
      43.5857704754415636      0.0449309
      44.1898032078184286      0.0312368
      44.7938383737625614      0.0283715
      45.3978759735402519      0.0067495
      46.0019160070849153      0.0230675
      46.6059584743299951      0.0283310
      47.2100033753420405      0.0137082
      47.8140507101210730      0.0216431
      48.4181004786670925      0.0185184
      49.0221526810466486      0.0249280
      49.6262073172597482      0.0220529
      50.2302643873063914      0.0179212
      50.8343238911865853      0.0248780
      51.4383858289668936      0.0212085
      52.0424502005807454      0.0070839
      52.6465170061612753      0.0217287
      53.2505862456419194      0.0022736
      53.8546579190226780      0.0093840
      54.4587320263035508      0.0250293
      55.0628085676176724      0.0086249
      55.6668875428984649      0.0117459
      56.2709689520793859      0.0126932
      56.8750527952935343      0.0044865
      57.4791390725409457      0.0087815
      58.0832277838216058      0.0058867
      58.6873189291355004      0.0179280
      59.2914125085492216     -0.0010603
      59.8955085219961845      0.0077102
      60.4996069695429668      0.0058708
      61.1037078511895615      0.0076642
      61.7078111669359686      0.0194036
      62.3119169168487659     -0.0129009
      62.9160251007948048      0.0012433
      63.5201357189737905     -0.0049215
      64.1242487713857230     -0.0036039
      64.7283642579640457      0.0076269
      65.3324821787087444      0.0058484
      65.9366025336863970      0.0194256
      66.5407253229635671      0.0069560
      67.1448505464071275     -0.0089152
      67.7489782041501911     -0.0058883
      68.3531082961927723      0.0307160
      68.9572408224683073     -0.0009849
      69.5613757830433599     -0.0135286
      70.1655131779844936     -0.0026335
      70.7696530072917085      0.0076849
      71.3737952709650187      0.0064245
      71.9779399689378323     -0.0095774
      72.5820871013433049      0.0066750
      73.1862366681148586     -0.0069346
      73.7903886693190572      0.0089117
      74.3945431048893511      0.0227277
      74.9986999749588534      0.0235340
      75.6028592794610148      0.0119512
      76.2070210184623988     -0.0028134
      76.8111851918964419      0.0150617
      77.4153517998962428      0.0027347
      78.0195208423287170     -0.0044917
      78.6236923193935411     -0.0051618
      79.2278662309575736      0.0003975
      79.8320425770208431      0.0098468
      80.4362213577164482      0.0009568
      81.0404025730444175     -0.0185844
      81.6445862228715953     -0.0193439
      82.2487723073311372     -0.0102930
      82.8529608264895927     -0.0062683
      83.4571517802803982      0.0029498
      84.0613451687035536      0.0247841
      84.6655409918256510      0.0250906
      85.2697392495800841      0.0119328
      85.8739399421000087     -0.0045184
      86.4781430693854247     -0.0173448
      87.0823486313031907      0.0107677
      87.6865566279864481      0.0046091
      88.2907670594351828     -0.0061977
      88.8949799257159725     -0.0098987
      89.4991952267622679     -0.0143408
      90.1034129626406042     -0.0222640
      90.7076331333509955     -0.0118883
      91.3118557388268783     -0.0043650
      91.9160807792013941      0.0011280
      92.5203082544745286      0.0067952
      93.1245381645797039      0.0105340
      93.7287705095835122      0.0082812
      94.3330052894859392     -0.0108197
      94.9372425043535486     -0.0012917
      95.5414821541863688     -0.0027001
      96.1457242389177935     -0.0036089
      96.7499687586809785      0.0128563
      97.3542157134093600     -0.0112133
      97.9584651031029239      0.0194093
      98.5627169278282480      0.0117070
      99.1669711875853181      0.0086946
      99.7712278823741627      0.0106940
     100.3754870121947675     -0.0067504
     100.9797485771802457     -0.0083902
     101.5840125771974840     -0.0053786
     102.1882790123130604      0.0018753
     102.7925478825269465     -0.0189050
     103.3968191879057201      0.0056603
     104.0010929284494097     -0.0064259
     104.6053691041579725     -0.0017533
     105.2096477150314371      0.0011310
     105.8139287610032255     -0.0021863
     106.4182122422730288      0.0058273
     107.0224981587742974     -0.0212077
     107.6267865105070172      0.0028640
     108.2310772974712023      0.0126012
     108.8353705196668528      0.0134341
     109.4396661771605324     -0.0286645
     110.0439642700187903     -0.0110504
     110.6482647981085137     -0.0149905
     111.2525677615628297      0.0141018
     111.8568731603151747      0.0110966
     112.4611809944321124     -0.0024210
     113.0654912639136427     -0.0046601
     113.6698039688263435     -0.0101068
     114.2741191091036228      0.0040273
     114.8784366848120726      0.0070517
     115.4827566958851008     -0.0105961
     116.0870791424558632     -0.0026154
     116.6914040244577961      0.0048128
     117.2957313419574490      0.0089940
     117.9000610949548360      0.0036365
     118.5043932833833793     -0.0092972
     119.1087279073762204     -0.0259082
     119.7130649668667957      0.0005693
     120.3174044619216545     -0.0154491
     120.9217463926073890     -0.0041356
     121.5260907587908434     -0.0060999
     122.1304375605385815     -0.0089976
     122.7347867979837730     -0.0141785
     123.3391384709932481      0.0214092
     123.9434925796335847      0.0043759
     124.5478491238382190     -0.0161268
     125.1522081038068421     -0.0261832
     125.7565695194063409      0.0073530
     126.3609333707698426     -0.0090080
     126.9652996577641915     -0.0061484
     127.5696683805225433     -0.0021276
     128.1740395390448839     -0.0031122
     128.7784131332646780     -0.0137901
     129.3827891632484466     -0.0140916
     129.9871676290627818      0.0009373
     130.5915485305745563     -0.0020384
     131.1959318679834610      0.0068838
     131.8003176411563402      0.0047990
     132.4047058502264065     -0.0073044
     133.0090964951269825     -0.0106823
     133.6134895759246888     -0.0327360
     134.2178850925530185     -0.0191930
     134.8222830451450136      0.0163415
     135.4266834336341105      0.0178167
     136.0310862580203661      0.0052297
     136.6354915183037804     -0.0015899
     137.2398992146174237     -0.0105579
     137.8443093468281972     -0.0186786
     138.4487219151358204      0.0199495
     139.0531369193405737      0.0205259
     139.6575543596421767     -0.0061871
     140.2619742359740087     -0.0165256
     140.8663965482695914     -0.0210195
     141.4708212967285306     -0.0014220
     142.0752484811511920      0.0034652
     142.6796781016706746     -0.0061238
     143.2841101583535419     -0.0004749
     143.8885446511998225      0.0049852
     144.4929815800763890     -0.0076266
     145.0974209451829040     -0.0114300
     145.7018627464528322      0.0042806
     146.3063069838196100     -0.0098793
     146.9107536574828714     -0.0130002
     147.5152027672430393      0.0063475
     148.1196543132996908      0.0038022
     148.7241082955197555     -0.0035144
     149.3285647141029244      0.0003066
     149.9330235688494781      0.0061057
     150.5374848599591644     -0.0094581
     151.1419485872987991     -0.0033352
     151.7464147510015380      0.0021398
     152.3508833510008174     -0.0079637
     152.9553543873631725     -0.0193242
     153.5598278600886601      0.0031420
     154.1643037691106883      0.0192126
     154.7687821145623843     -0.0076965
     155.3732628963771845     -0.0100511
     155.9777461146881876     -0.0109151
     156.5822317693623518     -0.0135616
     157.1867198605327189     -0.0257143
     157.7912103881327539     -0.0226337
     158.3957033521624567     -0.0026144
     159.0001987527549829     -0.0105267
     159.6046965897771770     -0.0060594
     160.2091968633621661     -0.0048382
     160.8136995734433867     -0.0144150
     161.4182047200874308      0.0095041
     162.0227123032942700     -0.0151427
     162.6272223230639042     -0.0008328
     163.2317347794629256     -0.0014146
     163.8362496724247421      0.0094309
     164.4407670020825094     -0.0007529
     165.0452867683030718      0.0010640
     165.6498089712195849     -0.0080794
     166.2543336107654568     -0.0028347
     166.8588606870072795     -0.0097573
     167.4633901998784609     -0.0092752
     168.0679221495121567      0.0073084
     168.6724565358418033      0.0075723
     169.2769933589339360     -0.0075018
     169.8815326187885830      0.0024500
     170.4860743154057445     -0.0093836
     171.0906184487854205      0.0018005
     171.6951650189941461      0.0042248
     172.2997140260319497     -0.0059603
     172.9042654698322963     -0.0012292
     173.5088193504616925     -0.0093249
     174.1133756679867020      0.0006471
     174.7179344224073816     -0.0211037
     175.3224956136571109     -0.0132680
     175.9270592418690740     -0.0043545
     176.5316253069766788     -0.0008477
     177.1361938089798969      0.0052446
     177.7407647479453487      0.0107164
     178.3453381238730344     -0.0086997
     178.9499139367628970     -0.0042850
     179.5544921866149650     -0.0096954
     180.1590728734958020      0.0034130
     180.7636559974054364      0.0029411
     181.3682415583438399     -0.0080283
     181.9728295563776044     -0.0147323
     182.5774199913735458      0.0114622
     183.1820128635314120      0.0002943
     183.7866081727846108     -0.0158519
     184.3912059190665786     -0.0033180
     184.9958061025104712      0.0039161
     185.6004087230497248      0.0069477
     186.2050137808174384     -0.0023699
     186.8096212756805130      0.0119117
     187.4142312077720476     -0.0071640
     188.0188435770254785     -0.0138756
     188.6234583835074261     -0.0247630
     189.2280756272178337     -0.0139167
     189.8326953081567297     -0.0066747
     190.4373174263906208      0.0091310
     191.0419419818530571     -0.0114404
     191.6465689745439249      0.0029227
     192.2511984045964084      0.0024844
     192.8558302719439723     -0.0137228
     193.4604645766531235     -0.0102844
     194.0651013186572982     -0.0067304
     194.6697404980231170     -0.0071234
     195.2743821148170866     -0.0041865
     195.8790261689061367     -0.0113166
     196.4836726604899297     -0.0118515
     197.0883215894353100     -0.0039379
     197.6929729557423343     -0.0100893
     198.2976267596106368     -0.0089893
     198.9022830009071470     -0.0100839
     199.5069416796984001      0.0067917
     200.1116027959178325      0.0091938
     200.7162663496985715     -0.0028711
     201.3209323409740534     -0.0064399
     201.9256007697442783     -0.0069689
     202.5302716361424018     -0.0015914
     203.1349449400352682     -0.0048467
     203.7396206814894413      0.0074653
     204.3442988605715129     -0.0129275
     204.9489794772814548     -0.0163630
     205.5536625316192669     -0.0071334
     206.1583480235849777     -0.0042779
     206.7630359531785587     -0.0010851
     207.3677263204666019     -0.0015010
     207.9724191254490790      0.0001335
     208.5771143680594548     -0.0157297
     209.1818120484308565     -0.0084970
     209.7865121664966921     -0.0047407
     210.3912147223235252      0.0042897
     210.9959197159113842     -0.0034288
     211.6006271472602691     -0.0051481
     212.2053370163701800      0.0002398
     212.8100493233076520      0.0018325
     213.4147640680727136     -0.0195553
     214.0194812506653648     -0.0069862
     214.6242008710856055     -0.0066207
     215.2289229293334074     -0.0160328
     215.8336474254753909     -0.0228097
     216.4383743595114993     -0.0071759
     217.0431037314417893      0.0054313
     217.6478355412662040      0.0100471
     218.2525697890513072      0.0005361
     218.8573064747971557     -0.0074592
     219.4620455985037495      0.0020401
     220.0667871601710601     -0.0085047
     220.6715311597990592      0.0052461
     221.2762775975209024     -0.0080108
     221.8810264732034909      0.0058555
     222.4857777868467963      0.0084754
     223.0905315386505094     -0.0078676
     223.6952877284815315      0.0133609
     224.3000463563398057      0.0053440
     224.9048074223585161     -0.0123121
     225.5095709264710990      0.0035308
     226.1143368687440613      0.0059382
     226.7191052491108962      0.0040417
     227.3238760676381389     -0.0057244
     227.9286493243258178      0.0022262
     228.5334250191739045     -0.0087683
     229.1382031522490195      0.0041418
     229.7429837235510774     -0.0094349
     230.3477667330135716      0.0030948
     230.9525521807696009      0.0004759
     231.5573400668191937     -0.0029976
     232.1621303910957863     -0.0106426
     232.7669231536659424     -0.0073174
     233.3717183545296052      0.0058042
     233.9765159936868884     -0.0131502
     234.5813160711376781      0.0013156
     235.1861185870151587      0.0003492
     235.7909235411862312      0.0012739
     236.3957309337839661      0.0113378
     237.0005407648083917      0.0006640
     237.6053530341263809     -0.0036346
     238.2101677419376244      0.0020940
     238.8149848881755304      0.0133781
     239.4198044728401555      0.0152054
     240.0246264959980351     -0.0077927
     240.6294509575826055     -0.0140748
     241.2342778576604019     -0.0110344
     241.8391071962980448      0.0117934
     242.4439389734289421      0.0260752
     243.0487731891196859     -0.0048800
     243.6536098433036557      0.0044174
     244.2584489361140356      0.0188041
     244.8632904674842052      0.0038228
     245.4681344374142213     -0.0015788
     246.0729808460372112      0.0043095
     246.6778296931534555      0.0056581
     247.2826809789626452      0.0069056
     247.8875347034648087      0.0028890
     248.4923908666598891      0.0154789
     249.0972494684814080     -0.0049208
     249.7021105089958724     -0.0047571
     250.3069739882698457     -0.0004229
     250.9118399062367928      0.0150515
     251.5167082629632489      0.0100029
     252.1215790584492424     -0.0001760
     252.7264522926947734      0.0132715
     253.3313279656998134      0.0037739
     253.9362060775309544     -0.0098093
     254.5410866281881681     -0.0043801
     255.1459696176715113     -0.0151506
     255.7508550460475192     -0.0073785
     256.3557429132495713      0.0027317
     256.9606332192777245     -0.0101192
     257.5655259642651345     -0.0000708
     258.1704211481451807      0.0229233
     258.7753187708513565      0.0222891
     259.3802188325832958      0.0134138
     259.9851213332744919      0.0015707
     260.5900262728583243      0.0258353
     261.1949336514679203      0.0119427
     261.7998434691033367     -0.0038184
     262.4047557256980099     -0.0014476
     263.0096704213184466     -0.0111947
     263.6145875560313243      0.0003958
     264.2195071297032882     -0.0005692
     264.8244291424677499      0.0005286
     265.4293535943244819     -0.0071011
     266.0342804852735981      0.0016536
     266.6392098153816619      0.0110210
     267.2441415845820529      0.0001069
     267.8490757929414485     -0.0122246
     268.4540124404596781     -0.0048851
     269.0589515271369123     -0.0067086
     269.6638930529730374      0.0151814
     270.2688370180346737      0.0136627
     270.8737834223217646      0.0094279
     271.4787322657678033      0.0112576
     272.0836835485059169      0.0194560
     272.6886372704695418      0.0186701
     273.2935934317918054      0.0152569
     273.8985520323395804      0.0069734
     274.5035130721793735      0.0195009
     275.1084765513778052      0.0219164
     275.7134424699348756      0.0058008
     276.3184108277840210     -0.0059772
     276.9233816249917481     -0.0157621
     277.5283548615581708      0.0133128
     278.1333305375497957      0.0194961
     278.7383086529665661      0.0142851
     279.3432892077420320      0.0165840
     279.9482722020092069      0.0089798
     280.5532576357681478      0.0089036
     281.1582455089523478      0.0044834
     281.7632358215616932      0.0034017
     282.3682285737294251      0.0013255
     282.9732237653888092      0.0104048
     283.5782213965400729     -0.0177162
     284.1832214672496093      0.0002592
     284.7882239775175321      0.0134774
     285.3932289273437277      0.0043074
     285.9982363167948733     -0.0054512
     286.6032461458042917     -0.0074014
     287.2082584144387170     -0.0039885
     287.8132731226979786      0.0188725
     288.4182902706486402      0.0014645
     289.0233098582243088      0.0028469
     289.6283318853582500      0.0057120
     290.2333563523167754     -0.0004766
     290.8383832589668714      0.0065214
     291.4434126053083673      0.0051040
     292.0484443913413202      0.0196485
     292.6534786171988571      0.0106720
     293.2585152827479078      0.0169610
     293.8635543881215426      0.0129947
     294.4685959332532548      0.0176947
     295.0736399182094374      0.0064922
     295.6786863429238110      0.0087049
     296.2837352075292756      0.0120690
     296.8887865119593812      0.0079650
     297.4938402562806345      0.0203079
     298.0988964404930357      0.0063635
     298.7039550645965846      0.0102439
     299.3090161285913950      0.0018992
     299.9140796324772964      0.0076821
     300.5191455763210229     -0.0010295
     301.1242139601889676     -0.0148337
     301.7292847838815533      0.0044068
     302.3343580476649777      0.0200692
     302.9394337514062272      0.0160231
     303.5445118951716381     -0.0013761
     304.1495924789614378      0.0092061
     304.7546755027755694     -0.0040146
     305.3597609666805397     -0.0010611
     305.9648488706098419      0.0092085
     306.5699392146965465      0.0046702
     307.1750319988075830      0.0028473
     307.7801272230094014      0.0073367
     308.3852248874352995      0.0055946
     308.9903249919520931      0.0096608
     309.5954275366262891      0.0040401
     310.2005325215245080      0.0134795
     310.8056399465801860      0.0047022
     311.4107498117932664      0.0135524
     312.0158621172968765      0.0180467
     312.6209768629580594      0.0135177
     313.2260940489097152      0.0096701
     313.8312136750853938     -0.0102661
     314.4363357416182225     -0.0201360
     315.0414602483750173     -0.0065328
     315.6465871954890190      0.0065347
     316.2517165828935504      0.0091375
     316.8568484106552319     -0.0017688
     317.4619826787074999     -0.0034590
     318.0671193871834816     -0.0004381
     318.6722585360165567      0.0057109
     319.2774001252734024      0.0169139
     319.8825441549539050      0.0070253
     320.4876906249249942      0.0063437
     321.0928395354529243     -0.0005404
     321.6979908864711888      0.0033820
     322.3031446778464897      0.0105244
     322.9083009097787453      0.0017635
     323.5134595822012216     -0.0132927
     324.1186206951805389      0.0042631
     324.7237842485835699      0.0086698
     325.3289502426100057      0.0003211
     325.9341186771932826      0.0108802
     326.5392895522668368      0.0111916
     327.1444628679637958      0.0115979
     327.7496386242841595     -0.0148959
     328.3548168212279279      0.0032543
     328.9599974587951579      0.0106692
     329.5651805370523562      0.0003328
     330.1703660559329023      0.0131360
     330.7755540154369100      0.0156252
     331.3807444156973929      0.0193221
     331.9859372566479578      0.0169385
     332.5911325382884343     -0.0090847
     333.1963302606854427      0.0145315
     333.8015304238390399      0.0062530
     334.4067330277491692      0.0026936
     335.0119380724158873      0.0014864
     335.6171455579056442      0.0011914
     336.2223554842184967      0.0059817
     336.8275678513545586      0.0001447
     337.4327826593136592      0.0059328
     338.0379999080958555     -0.0012031
     338.6432195977012043     -0.0189370
     339.2484417282628328      0.0031304
     339.8536662997806843      0.0071786
     340.4588933121216314      0.0062946
     341.0641227654188015     -0.0087446
     341.6693546596722513     -0.0119467
     342.2745889948818672      0.0009068
     342.8798257710478765      0.0083682
     343.4850649881700519     -0.0069291
     344.0903066463150139     -0.0081376
     344.6955507454162557      0.0037943
     345.3007972856069046     -0.0130091
     345.9060462668868468     -0.0014596
     346.5112976891897461      0.0013819
     347.1165515525818819      0.0122238
     347.7218078569969748      0.0046596
     348.3270666025679247      0.0010874
     348.9323277892947885     -0.0046550
     349.5375914171111162      0.0002518
     350.1428574860833578      0.0003779
     350.7481259961449496     -0.0052296
     351.3533969474290757     -0.0086459
     351.9586703399357361      0.0014558
     352.5639461736648741     -0.0001430
     353.1692244486165464     -0.0020777
     353.7745051647241894     -0.0097624
     354.3797883221874940      0.0126249
     354.9850739208732762     -0.0157399
     355.5903619608481563     -0.0066503
     356.1956524421120776     -0.0092359
     356.8009453645985900     -0.0140631
     357.4062407285072709      0.0074907
     358.0115385337716702      0.0121488
     358.6168387803250539      0.0006430
     359.2221414683007197      0.0048953
     359.8274465976320471      0.0200001
     360.4327541683855429      0.0005484
     361.0380641805612640      0.0059487
     361.6433766341592673      0.0131364
     362.2486915291793821      0.0144625
     362.8540088656217790      0.0149704
     363.4593286435529649      0.0042467
     364.0646508630395033      0.0017068
     364.6699755240147738      0.0054950
     365.2753026264788900      0.0147135
     365.8806321704317384      0.0068222
     366.4859641560065029     -0.0019404
     367.0912985831366768     -0.0110454
     367.6966354518222033      0.0096368
     368.3019747620630824      0.0005638
     368.9073165139258208      0.0169880
     369.5126607074105323     -0.0088353
     370.1180073425836667     -0.0023835
     370.7233564193787743     -0.0002328
     371.3287079377958548      0.0207013
     371.9340618979678652      0.0124591
     372.5394182998284123     -0.0057145
     373.1447771433109324     -0.0175538
     373.7501384286150596     -0.0047250
     374.3555021556076099     -0.0033665
     374.9608683243552605      0.0042382
     375.5662369348579546     -0.0117488
     376.1716079871822558     -0.0089711
     376.7769814812616573      0.0196338
     377.3823574171626092      0.0229622
     377.9877357949518455     -0.0112892
     378.5931166144960685     -0.0077195
     379.1984998759950258      0.0005420
     379.8038855793156472     -0.0049530
     380.4092737245244962     -0.0146155
     381.0146643116214591     -0.0031694
     381.6200573406066496      0.0026465
     382.2254528115465746      0.0197180
     382.8308507244412908     -0.0073843
     383.4362510792906846     -0.0073320
     384.0416538761614902     -0.0030907
     384.6470591149870302     -0.0079944
     385.2524667958338114     -0.0079318
     385.8578769186354407     -0.0218806
     386.4632894835249886     -0.0176117
     387.0687044905023413     -0.0243045
     387.6741219394344853     -0.0076809
     388.2795418305210546     -0.0096099
     388.8849641636955994      0.0128386
     389.4903889389579490      0.0286620
     390.0958161563748376      0.0095917
     390.7012458159460948      0.0002110
     391.3066779176053274      0.0049963
     391.9121124614854921      0.0074939
     392.5175494475201958     -0.0110825
     393.1229888757758886     -0.0084224
     393.7284307461860635     -0.0033903
     394.3338750588172275     -0.0030024
     394.9393218137360009     -0.0033134
     395.5447710109423269     -0.0048689
     396.1502226503697557     -0.0227321
     396.7556767320847371     -0.0166041
     397.3611332561538916     -0.0141757
     397.9665922225105987     -0.0178749
     398.5720536311549154     -0.0203627
     399.1775174822200256     -0.0121505
     399.7829837755060680      0.0029479
     400.3884525112794108     -0.0092407
     400.9939236894735473      0.0097181
     401.5993973100218000      0.0204468
     402.2048733729907894     -0.0065483
     402.8103518783805157      0.0031297
     403.4158328261909787      0.0127065
     404.0213162165552490      0.0168115
     404.6268020493402560      0.0350475
     405.2322903246126202      0.0171071
     405.8377810423722281      0.0308595
     406.4432742026857568      0.0140617
     407.0487698054864723      0.0043466
     407.6542678509076723      0.0125690
     408.2597683388827932      0.0107274
     408.8652712694117213      0.0003299
     409.4707766425610771     -0.0187266
     410.0762844583308606     -0.0162131
     410.6817947167210718      0.0039967
     411.2873074177317108     -0.0015584
     411.8928225613628342     -0.0074400
     412.4983401477473990      0.0027013
     413.1038601767525051     -0.0074578
     413.7093826485111663     -0.0005427
     414.3149075629567619      0.0047847
     414.9204349200894058     -0.0013009
     415.5259647200421114     -0.0021116
     416.1314969626818652      0.0044623
     416.7370316481417376      0.0002449
     417.3425687764217855      0.0063266
     417.9481083473888248      0.0011487
     418.5536503612424895      0.0042858
     419.1591948179163296      0.0071484
     419.7647417174768520      0.0066945
     420.3702910598575500      0.0134755
     420.9758428451914938      0.0163702
     421.5813970733454994     -0.0058075
     422.1869537443862441     -0.0084319
     422.7925128583803485     -0.0055138
     423.3980744153275850     -0.0018498
     424.0036384152281812      0.0006488
     424.6092048580154028      0.0023884
     425.2147737438890545      0.0003992
     425.8203450726494452      0.0013243
     426.4259188444962092     -0.0005825
     427.0314950593627827     -0.0023620
     427.6370737172492227     -0.0073954
     428.2426548182219790     -0.0014845
     428.8482383622812222     -0.0047507
     429.4538243493602749     -0.0024851
     430.0594127795922645     -0.0111199
     430.6650036528441774      0.0022728
     431.2705969693155339      0.0120698
     431.8761927288733204     -0.0066813
     432.4817909316506643      0.0034103
     433.0873915775143814     -0.0155505
     433.6929946666641627     -0.0017339
     434.2986001989669944      0.0018033
     434.9042081744893267     -0.0020700
     435.5098185932311594     -0.0005325
     436.1154314552591700     -0.0027781
     436.7210467604400606      0.0036959
     437.3266645090402562      0.0102748
     437.9322847008598956      0.0157021
     438.5379073359657127      0.0290183
     439.1435324144242145     -0.0151728
     439.7491599362353440     -0.0105792
     440.3547899013991582     -0.0143221
     440.9604223099156570     -0.0085499
     441.5660571617847836     -0.0058372
     442.1716944570731584      0.0040437
     442.7773341957142179     -0.0010884
     443.3829763778410893     -0.0028204
     443.9886210033872089      0.0096371
     444.5942680723525200     -0.0059262
     445.1999175848702635     -0.0061201
     445.8055695408071415     -0.0033431
     446.4112239402965088     -0.0012319
     447.0168807832715743      0.0072805
     447.6225400697325085     -0.0077866
     448.2282017997457615     -0.0024242
     448.8338659733115037      0.0116575
     449.4395325904960714      0.0049284
     450.0452016512330147     -0.0092895
     450.6508731555888971      0.0098097
     451.2565471035637756     -0.0008690
     451.8622234951575933      0.0000773
     452.4679023304368570     -0.0126172
     453.0735836093351168     -0.0001984
     453.6792673319188793     -0.0091041
     454.2849534981880879     -0.0219715
     454.8906421081428562     -0.0087395
     455.4963331618496341     -0.0063141
     456.1020266592419716     -0.0178644
     456.7077226004529393     -0.0058683
     457.3134209853494667     -0.0173553
     457.9191218141310742      0.0073973
     458.5248250865982982     -0.0109028
     459.1305308029506591     -0.0123607
     459.7362389631217070     -0.0110819
     460.3419495671113850     -0.0093878
     460.9476626148531295     -0.0053753
     461.5533781066132519     -0.0053255
     462.1590960421919476     -0.0084065
     462.7648164216559508      0.0230969
     463.3705392450716545      0.0058976
     463.9762645123725520     -0.0072701
     464.5819922236918273     -0.0111853
     465.1877223788962397      0.0001325
     465.7934549780525231      0.0019374
     466.3991900212936912     -0.0108556
     467.0049275084199962      0.0054824
     467.6106674395647929     -0.0067372
     468.2164098147943605     -0.0040041
     468.8221546341088697     -0.0002662
     469.4279018974417568      0.0122000
     470.0336516048595286     -0.0060876
     470.6394037563621850     -0.0024083
     471.2451583519498399     -0.0183884
     471.8509153916223227     -0.0145306
     472.4566748755128742      0.0112671
     473.0624368034883673      0.0134207
     473.6682011756152519     -0.0182915
     474.2739679919602622      0.0066219
     474.8797372525232277     -0.0078208
     475.4855089572377551     -0.0077011
     476.0912831062369150     -0.0184927
     476.6970596994540301     -0.0056380
     477.3028387368892709      0.0034788
     477.9086202186090304      0.0018228
     478.5144041446134793     -0.0088147
     479.1201905149025038     -0.0276646
     479.7259793294761607     -0.0089383
     480.3317705884010138     -0.0042627
     480.9375642916769493      0.0006976
     481.5433604393041378      0.0053522
     482.1491590313491429      0.0105780
     482.7549600677451735      0.0091005
     483.3607635484925140      0.0117392
     483.9665694737241211     -0.0008547
     484.5723778433734310     -0.0066948
     485.1781886574405576     -0.0003240
     485.7840019159253302     -0.0023733
     486.3898176189611036      0.0028863
     486.9956357664810866      0.0046418
     487.6014563584854500      0.0003861
     488.2072793949741367     -0.0011084
     488.8131048760136537     -0.0248615
