Scan:    430            BLANK 2015-10-24 +01 27 58.0
         OPTICAL                 Tb    
        km/s-LSR                 I
    -522.5190573111703998     -0.0038318
    -521.9173146515390727     -0.0025035
    -521.3155695721532084     -0.0041168
    -520.7138220728130591     -0.0125355
    -520.1120721535852454     -0.0132326
    -519.5103198144697672     -0.0100791
    -518.9085650554332005     -0.0169220
    -518.3068078764757729     -0.0047219
    -517.7050482775639466     -0.0016757
    -517.1032862586979491     -0.0132337
    -516.5015218198776665     -0.0229299
    -515.8997549610699025     -0.0056374
    -515.2979856822744296      0.0020820
    -514.6962139834582786     -0.0008270
    -514.0944398645879119      0.0088705
    -513.4926633256634432      0.0060246
    -512.8908843667181827     -0.0064832
    -512.2891029876523135     -0.0100504
    -511.6873191885321717     -0.0036346
    -511.0855329692914211     -0.0045142
    -510.4837443299300617     -0.0179505
    -509.8819532704479229     -0.0020813
    -509.2801597908118083      0.0032642
    -508.6783638910550280      0.0065442
    -508.0765655710777651     -0.0074419
    -507.4747648309465262     -0.0028338
    -506.8729616705614376     -0.0042341
    -506.2711560899558094     -0.0072836
    -505.6693480891629520     -0.0087702
    -505.0675376680829913      0.0094541
    -504.4657248267492378     -0.0076984
    -503.8639095651283242      0.0003090
    -503.2620918832203643     -0.0048300
    -502.6602717809919909      0.0072337
    -502.0584492585097678      0.0071711
    -501.4566243156406813      0.0109797
    -500.8547969524178711     -0.0051990
    -500.2529671688081407      0.0047437
    -499.6511349648447435      0.0005453
    -499.0493003404610590      0.0055609
    -498.4474632956903974     -0.0023894
    -497.8456238304663088     -0.0041770
    -497.2437819448219329     -0.0032299
    -496.6419376387241300     -0.0141922
    -496.0400909121726727     -0.0051226
    -495.4382417651677883      0.0168096
    -494.8363901976427996     -0.0047275
    -494.2345362095643395     -0.0078218
    -493.6326798009992558     -0.0113755
    -493.0308209718473904     -0.0086651
    -492.4289597221754775     -0.0043302
    -491.8270960519168966     -0.0077620
    -491.2252299610717046      0.0092298
    -490.6233614496398445      0.0104409
    -490.0214905175880062     -0.0060617
    -489.4196171649828102     -0.0089625
    -488.8177413916578757     -0.0016353
    -488.2158631976463994     -0.0061133
    -487.6139825830150016     -0.0097523
    -487.0120995476637518     -0.0045461
    -486.4102140916260737     -0.0087744
    -485.8083262148686003      0.0156590
    -485.2064359173580215     -0.0066353
    -484.6045431991276473     -0.0067575
    -484.0026480601109711      0.0077487
    -483.4007505003411893      0.0024920
    -482.7988505198183020     -0.0041063
    -482.1969481184758592     -0.0120289
    -481.5950432962804371     -0.0068067
    -480.9931360532653457     -0.0076930
    -480.3912263893973886      0.0031732
    -479.7893143046765090      0.0022104
    -479.1873997990360863     -0.0004050
    -478.5854828725427978     -0.0006468
    -477.9835635251300232     -0.0062387
    -477.3816417568310158     -0.0024302
    -476.7797175675459584     -0.0007894
    -476.1777909574079786     -0.0073381
    -475.5758619262173852      0.0049608
    -474.9739304740406851      0.0110874
    -474.3719966009112454      0.0034219
    -473.7700603067291922      0.0024920
    -473.1681215915610892      0.0069210
    -472.5661804553403158      0.0086238
    -471.9642368980669289     -0.0058287
    -471.3622909197076751      0.0067700
    -470.7603425202957510      0.0095859
    -470.1583916997647066      0.0000406
    -469.5564384582143020      0.0053074
    -468.9544827954447896     -0.0116542
    -468.3525247115561001     -0.0147110
    -467.7505642064816698      0.0033427
    -467.1486012802880623      0.0047183
    -466.5466359328754038      0.0147807
    -465.9446681642770045      0.0060472
    -465.3426979744594973      0.0096214
    -464.7407253634229960     -0.0011745
    -464.1387503311341902      0.0002546
    -463.5367728776262766     -0.0029978
    -462.9347930027994948      0.0032456
    -462.3328107067204655     -0.0080522
    -461.7308259893224545     -0.0089456
    -461.1288388506055185     -0.0109490
    -460.5268492905364610     -0.0111067
    -459.9248573091485355      0.0078399
    -459.3228629064083748      0.0138115
    -458.7208660822827824      0.0001370
    -458.1188668367717582      0.0025008
    -457.5168651698419922      0.0170823
    -456.9148610815599909     -0.0034854
    -456.3128545717926841     -0.0120507
    -455.7108456405733818     -0.0032546
    -455.1088342879020274     -0.0088734
    -454.5068205137453674     -0.0035639
    -453.9048043181034018     -0.0122724
    -453.3027857009761306      0.0120364
    -452.7007646622969901      0.0022174
    -452.0987412020991769      0.0045745
    -451.4967153203496082      0.0003826
    -450.8946870170147463      0.0051796
    -450.2926562921946925     -0.0076671
    -449.6906231456895284      0.0001334
    -449.0885875775992986     -0.0025302
    -448.4865495878905790      0.0035740
    -447.8845091765300594     -0.0020084
    -447.2824663435178536     -0.0001017
    -446.6804210888539615     -0.0017752
    -446.0783734125050159     -0.0006302
    -445.4763233144378205      0.0072110
    -444.8742707946855148      0.0048222
    -444.2722158532150161     -0.0099819
    -443.6701584900261537      0.0026124
    -443.0680987050524777      0.0063123
    -442.4660364983271847      0.0024293
    -441.8639718697837111      0.0135790
    -441.2619048194886773      0.0003930
    -440.6598353473422662     -0.0069483
    -440.0577634533776177      0.0068028
    -439.4556891375616487     -0.0043838
    -438.8536123999274423     -0.0084928
    -438.2515332403752950      0.0172817
    -437.6494516590049670      0.0111165
    -437.0473676556833311      0.0071574
    -436.4452812304770077      0.0016327
    -435.8431923833193764     -0.0060093
    -435.2411011142104940     -0.0027814
    -434.6390074231503604     -0.0018487
    -434.0369113101056087     -0.0043136
    -433.4348127750762956     -0.0079254
    -432.8327118180624211     -0.0097688
    -432.2306084390307319      0.0017470
    -431.6285026379478609      0.0033674
    -431.0263944148804285     -0.0134781
    -430.4242837696952506     -0.0042273
    -429.8221707024590046      0.0043836
    -429.2200552131050699      0.0025231
    -428.6179373016666432     -0.0011012
    -428.0158169680773312      0.0137023
    -427.4136942123702738     -0.0022734
    -426.8115690345455278     -0.0051751
    -426.2094414345364157     -0.0011519
    -425.6073114123431083     -0.0000066
    -425.0051789679322951     -0.0071247
    -424.4030441014037365      0.0053417
    -423.8009068125910517     -0.0044623
    -423.1987671015608612     -0.0024132
    -422.5966249682464877     -0.0018878
    -421.9944804126812983      0.0068802
    -421.3923334348319827      0.0122262
    -420.7901840346985978      0.0118446
    -420.1880322122477196      0.0083297
    -419.5858779674795187      0.0004044
    -418.9837213003938814     -0.0000029
    -418.3815622109575543      0.0006767
    -417.7794006991372271      0.0112500
    -417.1772367649329567     -0.0020923
    -416.5750704083114897     -0.0091361
    -415.9729016293060226      0.0023232
    -415.3707304278499919     -0.0027941
    -414.7685568039767077      0.0054889
    -414.1663807576196064     -0.0038932
    -413.5642022888119413      0.0028378
    -412.9620213975205161      0.0021396
    -412.3598380837452169      0.0081555
    -411.7576523474861006      0.0032506
    -411.1554641886434069      0.0051725
    -410.5532736072501621     -0.0040223
    -409.9510806033066501     -0.0154649
    -409.3488851768127006     -0.0107684
    -408.7466873277018067      0.0076001
    -408.1444870560072786      0.0070398
    -407.5422843616957493      0.0070678
    -406.9400792447672757     -0.0021938
    -406.3378717051552371      0.0050014
    -405.7356617429263110      0.0088627
    -405.1334493580471303     -0.0008255
    -404.5312345504178211      0.0023243
    -403.9290173201050038     -0.0155262
    -403.3267976670753683     -0.0035136
    -402.7245755912956611      0.0024841
    -402.1223510927991356     -0.0067508
    -401.5201241715192282     -0.0023969
    -400.9178948274559957     -0.0072404
    -400.3156630606093813     -0.0002886
    -399.7134288709460748     -0.0073024
    -399.1111922584660761     -0.0025780
    -398.5089532232028091      0.0054860
    -397.9067117650562295      0.0069366
    -397.3044678840264510      0.0197451
    -396.7022215801134735      0.0148753
    -396.0999728533172402      0.0001652
    -395.4977217036377510     -0.0069222
    -394.8954681310084993     -0.0044743
    -394.2932121354294850      0.0026617
    -393.6909537169006512      0.0038899
    -393.0886928754219980     -0.0103011
    -392.4864296109935822      0.0004975
    -391.8841639235488401      0.0096461
    -391.2818958130544047     -0.0045687
    -390.6796252795769533     -0.0014478
    -390.0773523230164983      0.0039308
    -389.4750769434397171     -0.0040825
    -388.8727991407799891      0.0007390
    -388.2705189150041178     -0.0004029
    -387.6682362661785533     -0.0004649
    -387.0659511942034783      0.0090387
    -386.4636636991122032      0.0069599
    -385.8613737809379813      0.0099326
    -385.2590814395477423      0.0038620
    -384.6567866750079361     -0.0034269
    -384.0544894872522264     -0.0163641
    -383.4521898763135823     -0.0032480
    -382.8498878421589211     -0.0014919
    -382.2475833847549325     -0.0023640
    -381.6452765041015596      0.0131724
    -381.0429672002322263     -0.0061934
    -380.4406554730468883      0.0028152
    -379.8383413225789127      0.0097404
    -379.2360247488616096      0.0026304
    -378.6337057517951621     -0.0134690
    -378.0313843313794564     -0.0026781
    -377.4290604876145494      0.0054150
    -376.8267342205004979     -0.0075839
    -376.2244055300039349     -0.0008060
    -375.6220744161249172     -0.0041461
    -375.0197408788300777      0.0028429
    -374.4174049181195301     -0.0062118
    -373.8150665339599641     -0.0059188
    -373.2127257263512661      0.0144777
    -372.6103824953268031      0.0131336
    -372.0080368407868150      0.0076725
    -371.4056887627644414      0.0002373
    -370.8033382612264290      0.0073028
    -370.2009853361395812      0.0037474
    -369.5986299875370378     -0.0071001
    -368.9962722153857158     -0.0098985
    -368.3939120196520776     -0.0016041
    -367.7915494003696608      0.0004553
    -367.1891843574717313      0.0048266
    -366.5868168909915994      0.0067649
    -365.9844470008627013      0.0018972
    -365.3820746870850371      0.0046611
    -364.7796999496587205      0.0003215
    -364.1773227885502706     -0.0043640
    -363.5749432037931683      0.0044019
    -362.9725611952873692      0.0009848
    -362.3701767630996073      0.0006920
    -361.7677899071965157      0.0001323
    -361.1654006275115307     -0.0063578
    -360.5630089241112728      0.0025353
    -359.9606147969623748      0.0070777
    -359.3582182459982732     -0.0017423
    -358.7558192712190248      0.0039171
    -358.1534178726246296     -0.0013265
    -357.5510140502150875     -0.0085186
    -356.9486078039237782     -0.0044730
    -356.3461991338172652     -0.0078266
    -355.7437880397958452     -0.0011138
    -355.1413745219258544      0.0046460
    -354.5389585801408998      0.0075688
    -353.9365402144076711      0.0045307
    -353.3341194248259285      0.0069887
    -352.7316962112293481     -0.0077425
    -352.1292705736844937     -0.0013442
    -351.5268425121580549     -0.0069573
    -350.9244120266499749     -0.0046763
    -350.3219791171270003      0.0038359
    -349.7195437835892449      0.0064896
    -349.1171060260032846     -0.0032995
    -348.5146658443692331     -0.0035774
    -347.9122232386869769     -0.0058692
    -347.3097782089233192     -0.0072480
    -346.7073307551113999     -0.0000682
    -346.1048808771516292     -0.0073575
    -345.5024285750437230      0.0012923
    -344.8999738488211619     -0.0008756
    -344.2975166984505790     -0.0038176
    -343.6950571238987777     -0.0005781
    -343.0925951251655874      0.0027919
    -342.4901307022511787     -0.0130391
    -341.8876638551221845     -0.0019176
    -341.2851945837453513      0.0102881
    -340.6827228882204395      0.0059537
    -340.0802487683478716     -0.0026233
    -339.4777722242274081      0.0088528
    -338.8752932558258522      0.0063786
    -338.2728118631098937     -0.0021792
    -337.6703280461127861      0.0038368
    -337.0678418047679656      0.0130662
    -336.4653531390753756      0.0245209
    -335.8628620490351295      0.0086228
    -335.2603685346139173      0.0095829
    -334.6578725958450491      0.0042749
    -334.0553742326951010     -0.0007142
    -333.4528734450643128     -0.0064066
    -332.8503702330193050     -0.0040011
    -332.2478645965266537     -0.0030446
    -331.6453565355865294     -0.0043552
    -331.0428460501655081     -0.0033365
    -330.4403331402637036     -0.0052385
    -329.8378178058477488     -0.0007695
    -329.2353000469177005      0.0001939
    -328.6327798634735018      0.0006436
    -328.0302572554485323      0.0041267
    -327.4277322229428364     -0.0106476
    -326.8252047657898629     -0.0009336
    -326.2226748840561754      0.0016063
    -325.6201425777085205     -0.0009280
    -325.0176078467468415      0.0071618
    -324.4150706911379984     -0.0006171
    -323.8125311109151312      0.0164352
    -323.2099891059784227      0.0148091
    -322.6074446763944366      0.0150843
    -322.0048978221299194      0.0068383
    -321.4023485431183644      0.0007161
    -320.7997968394595318     -0.0021864
    -320.1972427110202375      0.0099830
    -319.5946861578338485     -0.0014107
    -318.9921271798671114     -0.0060431
    -318.3895657771199694     -0.0024963
    -317.7870019495591123      0.0079011
    -317.1844356972179071      0.0098122
    -316.5818670200296765      0.0077367
    -315.9792959180278444      0.0094737
    -315.3767223911457904      0.0194746
    -314.7741464394499644      0.0166647
    -314.1715680628406631     -0.0048660
    -313.5689872613178295      0.0010792
    -312.9664040348814638      0.0119223
    -312.3638183834983124      0.0006174
    -311.7612303072015720      0.0023391
    -311.1586398059247927     -0.0068544
    -310.5560468797012277      0.0043268
    -309.9534515284974532     -0.0089452
    -309.3508537522803863     -0.0055286
    -308.7482535510499133      0.0040778
    -308.1456509248060911     -0.0016970
    -307.5430458735156094      0.0070569
    -306.9404383971451580     -0.0013275
    -306.3378284956947368      0.0031935
    -305.7352161691644028      0.0099873
    -305.1326014175541559     -0.0002448
    -304.5299842407972619      0.0053710
    -303.9273646388940051      0.0058656
    -303.3247426118774683     -0.0155554
    -302.7221181596810879     -0.0065018
    -302.1194912823049776     -0.0062164
    -301.5168619798155873     -0.0062570
    -300.9142302520465933      0.0006006
    -300.3115960990645021     -0.0007035
    -299.7089595208360606      0.0009316
    -299.1063205173612118     -0.0033965
    -298.5036790886400127      0.0054599
    -297.9010352346392096     -0.0008739
    -297.2983889553254357      0.0004231
    -296.6957402507320012      0.0029314
    -296.0930891207923992     -0.0068222
    -295.4904355655065160      0.0056607
    -294.8877795849410290     -0.0023607
    -294.2851211789294439      0.0094753
    -293.6824603475716913      0.0000783
    -293.0797970908010939      0.0016508
    -292.4771314086178222      0.0074432
    -291.8744633010216489      0.0084823
    -291.2717927679794911     -0.0023249
    -290.6691198094912920     -0.0011550
    -290.0664444255236276      0.0025941
    -289.4637666160766685      0.0002916
    -288.8610863811836680      0.0141595
    -288.2584037207114420      0.0034141
    -287.6557186347266111     -0.0119668
    -287.0530311231958080      0.0002400
    -286.4503411860858364     -0.0027269
    -285.8476488234299495     -0.0099096
    -285.2449540351948940     -0.0036288
    -284.6422568213473028     -0.0038449
    -284.0395571818872327      0.0014569
    -283.4368551167813735      0.0151470
    -282.8341506260630922      0.0088844
    -282.2314437096990218     -0.0171186
    -281.6287343676559090     -0.0152074
    -281.0260225999004433     -0.0059690
    -280.4233084064326249      0.0053382
    -279.8205917872524537     -0.0005596
    -279.2178727423266764      0.0074028
    -278.6151512716553498      0.0107369
    -278.0124273752383033     -0.0024251
    -277.4097010530424541     -0.0031223
    -276.8069723050676316     -0.0039149
    -276.2042411312806394     -0.0034754
    -275.6015075317147875      0.0087915
    -274.9987715062368920     -0.0018683
    -274.3960330549467699      0.0063030
    -273.7932921777778574      0.0051570
    -273.1905488747302684      0.0065080
    -272.5878031458038322      0.0055216
    -271.9850549909654660     -0.0031187
    -271.3823044101817459      0.0011161
    -270.7795514034859821      0.0010640
    -270.1767959708116109     -0.0111606
    -269.5740381121918858     -0.0009656
    -268.9712778276269205      0.0002005
    -268.3685151170166705      0.0041708
    -267.7657499804279269      0.0148698
    -267.1629824177939554      0.0124802
    -266.5602124290815595      0.0021157
    -265.9574400143571893      0.0021896
    -265.3546651735544515      0.0069270
    -264.7518879066732325      0.0081783
    -264.1491082136802788     -0.0119832
    -263.5463260945755906     -0.0089235
    -262.9435415493924779      0.0005805
    -262.3407545780309533      0.0032675
    -261.7379651804911873      0.0132748
    -261.1351733568064333      0.0148505
    -260.5323791069100707      0.0097124
    -259.9295824308353531      0.0079555
    -259.3267833285158304     -0.0026226
    -258.7239817999846991     -0.0004730
    -258.1211778452086492      0.0064310
    -257.5183714641544839     -0.0008340
    -256.9155626568553998     -0.0037619
    -256.3127514233115107     -0.0007278
    -255.7099377633895756     -0.0073171
    -255.1071216771561865     -0.0009027
    -254.5043031646113718      0.0161888
    -253.9014822256885395      0.0070815
    -253.2986588604209999     -0.0011143
    -252.6958330687754426      0.0054645
    -252.0930048507518677      0.0084951
    -251.4901742062837400      0.0035518
    -250.8873411354375946     -0.0022381
    -250.2845056381135862      0.0021863
    -249.6816677144115602      0.0062848
    -249.0788273641983892     -0.0048539
    -248.4759845875073836      0.0040476
    -247.8731393843385149      0.0019165
    -247.2702917546252195     -0.0089232
    -246.6674416984007792     -0.0063049
    -246.0645892156318837      0.0026155
    -245.4617343063185615      0.0054431
    -244.8588769704275876      0.0042676
    -244.2560172079921585      0.0071118
    -243.6531550189124289      0.0022921
    -243.0502904032882725     -0.0020508
    -242.4474233609865905     -0.0073586
    -241.8445538920738898     -0.0135394
    -241.2416819964503247     -0.0120043
    -240.6388076742157978     -0.0063411
    -240.0359309252371247     -0.0043186
    -239.4330517496141795      0.0029211
    -238.8301701472471166      0.0073332
    -238.2272861181359360      0.0059635
    -237.6243996623138912     -0.0202573
    -237.0215107797810106     -0.0176074
    -236.4186194704041384     -0.0066951
    -235.8157257342498667     -0.0061141
    -235.2128295713181672      0.0020017
    -234.6099309815424760      0.0001758
    -234.0070299649228502      0.0008970
    -233.4041265214924863     -0.0026079
    -232.8012206511848774     -0.0079097
    -232.1983123540000236     -0.0009727
    -231.5954016299046145     -0.0027230
    -230.9924884789319321     -0.0086706
    -230.3895729010819764     -0.0004235
    -229.7866548962549018      0.0086391
    -229.1837344644840471      0.0020488
    -228.5808116057360451     -0.0157769
    -227.9778863200108958     -0.0034712
    -227.3749586073086846     -0.0014230
    -226.7720284675960443     -0.0078471
    -226.1690959008397215      0.0197914
    -225.5661609070730265      0.0041044
    -224.9632234862293387      0.0013556
    -224.3602836383419969     -0.0035911
    -223.7573413634109727     -0.0091335
    -223.1543966613363921      0.0000987
    -222.5514495321515653     -0.0038580
    -221.9484999758565209     -0.0082088
    -221.3455479924179201     -0.0033307
    -220.7425935818025096      0.0080436
    -220.1396367440435711     -0.0058750
    -219.5366774791077944      0.0029074
    -218.9337157869619261     -0.0025953
    -218.3307516676059663      0.0001209
    -217.7277851210066331     -0.0126534
    -217.1248161472304901     -0.0002326
    -216.5218447461443816     -0.0039473
    -215.9188709178148713     -0.0214700
    -215.3158946621754524      0.0022410
    -214.7129159792260396      0.0103451
    -214.1099348689666897     -0.0064493
    -213.5069513313974028     -0.0125632
    -212.9039653664515868     -0.0022854
    -212.3009769741625234     -0.0031803
    -211.6979861544969594      0.0034704
    -211.0949929075214584     -0.0006354
    -210.4919972330695828     -0.0028339
    -209.8889991311746144      0.0011851
    -209.2859986019031169      0.0034486
    -208.6829956451552448      0.0092637
    -208.0799902609310550     -0.0027292
    -207.4769824492637440      0.0011020
    -206.8739722100867766     -0.0060995
    -206.2709595434001528      0.0010055
    -205.6679444492039011     -0.0026655
    -205.0649269274646826      0.0107303
    -204.4619069782158363      0.0037393
    -203.8588846013574880     -0.0017714
    -203.2558597969561731     -0.0030468
    -202.6528325649121030     -0.0057186
    -202.0498029052918127     -0.0045763
    -201.4467708180287104     -0.0146367
    -200.8437363031561347     -0.0179106
    -200.2406993606074650     -0.0021677
    -199.6376599903827298     -0.0043675
    -199.0346181925152109     -0.0108095
    -198.4315739669383447      0.0038187
    -197.8285273136853846      0.0074000
    -197.2254782326565135      0.0013419
    -196.6224267238850416     -0.0052363
    -196.0193727873709122     -0.0036751
    -195.4163164230808434      0.0053607
    -194.8132576310148352      0.0006219
    -194.2101964111396626      0.0106370
    -193.6071327634885506      0.0016206
    -193.0040666879616538     -0.0098059
    -192.4009981846255641     -0.0087781
    -191.7979272534469715     -0.0004629
    -191.1948538943593405      0.0047861
    -190.5917781073959532      0.0108052
    -189.9886998925234991     -0.0006813
    -189.3856192497419499     -0.0032852
    -188.7825361790513909      0.0050750
    -188.1794506803852016     -0.0022359
    -187.5763627537433536     -0.0024650
    -186.9732723991592138      0.0017736
    -186.3701796165661335     -0.0035030
    -185.7670844059974513      0.0046146
    -185.1639867674531388     -0.0028522
    -184.5608867008000686     -0.0072636
    -183.9577842061047761     -0.0021123
    -183.3546792833673464      0.0056994
    -182.7515719325211307      0.0025063
    -182.1484621535994393      0.0063246
    -181.5453499466022720     -0.0084399
    -180.9422353114298119     -0.0102589
    -180.3391182481485373     -0.0038896
    -179.7359987567252517     -0.0005310
    -179.1328768371266449      0.0051961
    -178.5297524894192804      0.0039082
    -177.9266257134367208      0.0149686
    -177.3234965092455582      0.0052627
    -176.7203648768457924     -0.0051665
    -176.1172308162041702     -0.0075467
    -175.5140943273206062     -0.0070940
    -174.9109554101285653     -0.0037019
    -174.3078140646946963      0.0021138
    -173.7046702909523219      0.0000382
    -173.1015240889014990     -0.0065162
    -172.4983754585089457     -0.0143904
    -171.8952243998411973     -0.0002150
    -171.2920709127651264      0.0032100
    -170.6889149973140434      0.0138244
    -170.0857566534879481      0.0146733
    -169.4825958812535305     -0.0027604
    -168.8794326805775086     -0.0009742
    -168.2762670515264745     -0.0020268
    -167.6730989940005543      0.0169744
    -167.0699285079997480      0.0018107
    -166.4667555935573660     -0.0143098
    -165.8635802506733796     -0.0048197
    -165.2604024792146618     -0.0020345
    -164.6572222792478044      0.0065132
    -164.0540396507727507      0.0018270
    -163.4508545937229655     -0.0043506
    -162.8476671081317875      0.0002425
    -162.2444771939658210     -0.0111279
    -161.6412848511918696     -0.0012127
    -161.0380900798098764     -0.0058070
    -160.4348928798198983     -0.0017065
    -159.8316932511886534     -0.0022523
    -159.2284911939826202     -0.0054156
    -158.6252867080354747     -0.0060002
    -158.0220797934137522      0.0065882
    -157.4188704501174243      0.0001137
    -156.8156586780799557     -0.0148652
    -156.2124444773346568     -0.0020512
    -155.6092278478814421     -0.0041063
    -155.0060087896538334     -0.0019474
    -154.4027873026518023      0.0009335
    -153.7995633868752918      0.0004820
    -153.1963370422911055      0.0116768
    -152.5931082689657501     -0.0131261
    -151.9898770667661267     -0.0069753
    -151.3866434356922070     -0.0012258
    -150.7834073758106115     -0.0043900
    -150.1801688870214093      0.0019763
    -149.5769279693912210     -0.0011004
    -148.9736846228201728     -0.0131912
    -148.3704388473415747     -0.0145366
    -147.7671906429554269     -0.0034316
    -147.1639400096283907     -0.0282945
    -146.5606869473272411     -0.0118689
    -145.9574314561185417      0.0035236
    -145.3541735358691085      0.0025770
    -144.7509131866122800      0.0019479
    -144.1476504083480279     -0.0166173
    -143.5443852010430703      0.0037842
    -142.9411175646974357     -0.0029923
    -142.3378474992777853     -0.0072632
    -141.7345750047841761     -0.0126939
    -141.1313000812165797      0.0001717
    -140.5280227285417141     -0.0074704
    -139.9247429468261430     -0.0035585
    -139.3214607359034574     -0.0027251
    -138.7181760958069390     -0.0100421
    -138.1148890265698697     -0.0113454
    -137.5115995281589676     -0.0006896
    -136.9083076005742328     -0.0067392
    -136.3050132437490731      0.0070428
    -135.7017164577167989      0.0039681
    -135.0984172424441567      0.0068705
    -134.4951155979310613      0.0027282
    -133.8918115241443161     -0.0053512
    -133.2885050211171745      0.0035336
    -132.6851960887830444     -0.0039451
    -132.0818847271086725     -0.0123961
    -131.4785709361273121      0.0011125
    -130.8752547157724280     -0.0010631
    -130.2719360661105839     -0.0075022
    -129.6686149870419058     -0.0046437
    -129.0652914785996757     -0.0002874
    -128.4619655407839502     -0.0052415
    -127.8586371735280807      0.0045135
    -127.2553063768654056     -0.0011827
    -126.6519731507959250      0.0095249
    -126.0486374952530468      0.0016044
    -125.4452994102034893      0.0073017
    -124.8419588956805484     -0.0001544
    -124.2386159516509565     -0.0037254
    -123.6352705781146710      0.0127712
    -123.0319227750384243      0.0104575
    -122.4285725424222306     -0.0028318
    -121.8252198802660899      0.0029974
    -121.2218647885034102     -0.0010164
    -120.6185072672007976      0.0031955
    -120.0151473162916460      0.0150466
    -119.4117849357427019     -0.0005939
    -118.8084201255539369     -0.0021088
    -118.2050528857253795      0.0072490
    -117.6016832162237193      0.0099527
    -116.9983111170822667      0.0036801
    -116.3949365882011477      0.0058831
    -115.7915596296469403      0.0050235
    -115.1881802413530806      0.0087996
    -114.5847984233528365      0.0038106
    -113.9814141756129544      0.0198290
    -113.3780274980668281      0.0102084
    -112.7746383907810639      0.0142128
    -112.1712468536557878      0.0199593
    -111.5678528867575494      0.0098827
    -110.9644564900198276      0.0131763
    -110.3610576634425939      0.0203642
    -109.7576564069925666      0.0091416
    -109.1542527207030275      0.0105699
    -108.5508466045406948      0.0098261
    -107.9474380584723008      0.0173955
    -107.3440270825310989      0.0199706
    -106.7406136766172580      0.0208056
    -106.1371978407640739      0.0161866
    -105.5337795749715184      0.0077727
    -104.9303588792063096      0.0090347
    -104.3269357534351940      0.0234152
    -103.7235101976914251      0.0270734
    -103.1200822119084535      0.0104034
    -102.5166517961195467      0.0014443
    -101.9132189502581554     -0.0030538
    -101.3097836743575471      0.0133474
    -100.7063459684510178      0.0029619
    -100.1029058323721443      0.0081699
     -99.4994632662207721      0.0120618
     -98.8960182699303516      0.0200742
     -98.2925708435341505      0.0093074
     -97.6891209869656052      0.0075882
     -97.0856687002579832      0.0183034
     -96.4822139833780170      0.0194262
     -95.8787568362924532      0.0133874
     -95.2752972590012348      0.0161716
     -94.6718352515043904      0.0263422
     -94.0683708138019341      0.0286429
     -93.4649039458272739      0.0174929
     -92.8614346475804240      0.0194296
     -92.2579629190613701      0.0360651
     -91.6544887602368306      0.0363919
     -91.0510121711068194      0.0319513
     -90.4475331516380550      0.0181401
     -89.8440517018637905      0.0253558
     -89.2405678217175051      0.0447982
     -88.6370815112324379      0.0328252
     -88.0335927703753214      0.0299452
     -87.4301015991129020      0.0394435
     -86.8266079974118412      0.0405086
     -86.2231119653054634      0.0400524
     -85.6196135027604726      0.0488808
     -85.0161126097435726      0.0590875
     -84.4126092862547921      0.0603458
     -83.8091035322941167      0.0603379
     -83.2055953478282504      0.0636198
     -82.6020847328571932      0.0522957
     -81.9985716873809736      0.0620616
     -81.3950562113662812      0.0739997
     -80.7915383047798343      0.0747521
     -80.1880179676216471      0.0705753
     -79.5844951998584236      0.0686037
     -78.9809700014901921      0.0925024
     -78.3774423725169100      0.0925088
     -77.7739123129053098      0.0878538
     -77.1703798226553914      0.1074293
     -76.5668449017671691      0.1020306
     -75.9633075501740507      0.1032998
     -75.3597677679093465      0.1077966
     -74.7562255549730281      0.1061778
     -74.1526809112985461      0.1192048
     -73.5491338368526328      0.1393267
     -72.9455843316685417      0.1421771
     -72.3420323957462870      0.1614484
     -71.7384780290192907      0.1556922
     -71.1349212315208490      0.1668153
     -70.5313620032176658      0.1782320
     -69.9278003440764735      0.1867745
     -69.3242362540972721      0.1993315
     -68.7206697332800331      0.2109260
     -68.1171007816580811      0.2330372
     -67.5135293990982461      0.2495157
     -66.9099555856338384      0.2525704
     -66.3063793412648437      0.2725384
     -65.7028006659579660      0.2728768
     -65.0992195597465155      0.3054312
     -64.4956360225639145      0.3429015
     -63.8920500544101628      0.3504206
     -63.2884616552519716      0.3745593
     -62.6848708251226299      0.3948174
     -62.0812775640221375      0.4336772
     -61.4776818718506419      0.4645624
     -60.8740837486414250      0.5012469
     -60.2704831943611978      0.5303613
     -59.6668802090432635      0.5650935
     -59.0632747925877553      0.6041005
     -58.4596669450612438      0.6424365
     -57.8560566664304474      0.6750190
     -57.2524439566620771      0.7250977
     -56.6488288157561399      0.7844515
     -56.0452112436793541      0.8261895
     -55.4415912404649873      0.8872666
     -54.8379688060464900      0.9392446
     -54.2343439403905734      0.9941573
     -53.6307166435305120      1.0643007
     -53.0270869154330384      1.1182582
     -52.4234547560981383      1.1683370
     -51.8198201654925299      1.2466106
     -51.2161831436162203      1.3262638
     -50.6125436904692023      1.4074950
     -50.0089018059849195      1.4588646
     -49.4052574901966466      1.5458000
     -48.8016107431043835      1.6100775
     -48.1979615646415667      1.6756259
     -47.5943099548081960      1.7411374
     -46.9906559135709827      1.8047276
     -46.3869994409632156      1.8618362
     -45.7833405369183168      1.9244634
     -45.1796792014695896      1.9618162
     -44.5760154345837378      2.0049391
     -43.9723492362607544      2.0453970
     -43.3686806064340900      2.0844285
     -42.7650095451703010      2.0878086
     -42.1613360524361056      2.1046357
     -41.5576601281316442      2.1064150
     -40.9539817722902200      2.1262836
     -40.3503009849451075      2.1444607
     -39.7466177659964472      2.1473076
     -39.1429321155108099      2.1464086
     -38.5392440334549207      2.1383028
     -37.9355535197622018      2.1388595
     -37.3318605744659422      2.1564507
     -36.7281651975661418      2.1627448
     -36.1244673890628007      2.1825814
     -35.5207671488227916      2.1779151
     -34.9170644769459528      2.1942918
     -34.3133593733324389      2.2075336
     -33.7096518380488135      2.2150812
     -33.1059418710617948      2.2361507
     -32.5022294723381009      2.2663736
     -31.8985146418444501      2.3078039
     -31.2947973796141241      2.3481202
     -30.6910776855805523      2.3623984
     -30.0873555597770199      2.4003804
     -29.4836310022035306      2.4029810
     -28.8799040127935136      2.4125471
     -28.2761745915136906      2.4284556
     -27.6724427383973328      2.4503131
     -27.0687084534111726      2.4429090
     -26.4649717365551993      2.4233723
     -25.8612325877961311      2.3956213
     -25.2574910071339680      2.3509972
     -24.6537469945354282      2.3208838
     -24.0500005500337934      2.3064725
     -23.4462516735292148      2.3219471
     -22.8425003651548266      2.3323915
     -22.2387466247109238      2.3383558
     -21.6349904522973588      2.3522434
     -21.0312318478808535      2.3611465
     -20.4274708114281154      2.3873386
     -19.8237073429058661      2.4083204
     -19.2199414423473911      2.4622960
     -18.6161731097526832      2.5061078
     -18.0124023450218971      2.5699995
     -17.4086291482215998      2.6308091
     -16.8048535192852206      2.7247555
     -16.2010754583126158      2.8394845
     -15.5972949651040782      2.9489751
     -14.9935120397594623      3.0963762
     -14.3897266822454828      3.2567439
     -13.7859388925288542      3.4614351
     -13.1821486706095818      3.7009182
     -12.5783560164876622      3.9912198
     -11.9745609301298117      4.3424907
     -11.3707634115027467      4.7542605
     -10.7669634606397508      5.2141171
     -10.1631610775408241      5.6975884
      -9.5593562621061174      6.1634746
      -8.9555490143689109      6.5457611
      -8.3517393342959245      6.8666697
      -7.7479272219204400      7.1505547
      -7.1441126771758912      7.5183077
      -6.5402957000622752      8.0103130
      -5.9364762905795949      8.6886082
      -5.3326544486945666      9.7243118
      -4.7288301744071894     11.2742071
      -4.1250034676841798     12.8499498
      -3.5211743285921044     13.3411980
      -2.9173427569978294     12.9477739
      -2.3135087529346383     12.9459114
      -1.7096723164025316     13.8339005
      -1.1058334473349412     15.2531481
      -0.5019921457984347     16.4554443
       0.1018515883068387     16.6841450
       0.7056977549143119     15.9619980
       1.3095463540905521     14.7043905
       1.9133973858355591     13.4579754
       2.5172508501493334     12.4681120
       3.1211067470318743     11.7471781
       3.7249650765497497     11.1100254
       4.3288258387695269     10.4740314
       4.9326890335580709      9.8565083
       5.5365546610485170      9.2168102
       6.1404227211742972      8.5517864
       6.7442932140019796      7.8948684
       7.3481661395315623      7.2414026
       7.9520414977630471      6.5351763
       8.5559192887630022      5.8049588
       9.1597995124648577      5.1211681
       9.7636821689351798      4.5345120
      10.3675672581739740      4.0130539
      10.9714547802478020      3.5629923
      11.5753447350901020      3.1530735
      12.1792371227674359      2.7767658
      12.7831319432798090      2.4544392
      13.3870291966272141      2.1564837
      13.9909288828762257      1.8935386
      14.5948310019602729      1.6742516
      15.1987355539459230      1.4601088
      15.8026425387666070      1.3050778
      16.4065519566220317      1.1495246
      17.0104638073790611      0.9956239
      17.6143780911042604      0.8782184
      18.2182948077976299      0.7701345
      18.8222139574591694      0.6879120
      19.4261355400888824      0.5906760
      20.0300595557533292      0.5248686
      20.6339860044525203      0.4483780
      21.2379148861864451      0.4048179
      21.8418462009551071      0.3463132
      22.4457799487585099      0.3125790
      23.0497161297297808      0.2888008
      23.6536547437357960      0.2406707
      24.2575957909096829      0.2122464
      24.8615392711848742      0.1919749
      25.4654851846279335      0.1842282
      26.0694335311723044      0.1512894
      26.6733843109511142      0.1394516
      27.2773375238977920      0.1282351
      27.8812931700123485      0.1183826
      28.4852512493613439      0.0968524
      29.0892117619447781      0.0935626
      29.6931747077626547      0.0786992
      30.2971400868815337      0.0677771
      30.9011078992348551      0.0605813
      31.5050781448891826      0.0671552
      32.1090508238445196      0.0633553
      32.7130259361674263      0.0450438
      33.3170034817913461      0.0483564
      33.9209834607162719      0.0369400
      34.5249658730753453      0.0310317
      35.1289507187354175      0.0396516
      35.7329379978296373      0.0355138
      36.3369277103579904      0.0276161
      36.9409198562539274      0.0276873
      37.5449144356505613      0.0239069
      38.1489114484813499      0.0322967
      38.7529108947462717      0.0265859
      39.3569127745119118      0.0122238
      39.9609170877782560      0.0224353
      40.5649238345453043      0.0216225
      41.1689330148796344      0.0248265
      41.7729446286481121      0.0225455
      42.3769586760504211      0.0107333
      42.9809751570200191      0.0295456
      43.5849940715568778      0.0223464
      44.1890154197275962      0.0156161
      44.7930392014655894      0.0194650
      45.3970654169039847      0.0133467
      46.0010940659096619      0.0168606
      46.6051251486157483      0.0206175
      47.2091586649556803      0.0303686
      47.8131946149960214      0.0220344
      48.4172329987367789      0.0171689
      49.0212738161779384      0.0162844
      49.6253170673860780      0.0059182
      50.2293627523612045      0.0124179
      50.8334108710367332      0.0173905
      51.4374614235458125      0.0053448
      52.0415144098218718      0.0145868
      52.6455698298649111      0.0121932
      53.2496276838080504      0.0053292
      53.8536879715181769      0.0133883
      54.4577506930618469     -0.0008882
      55.0618158485056313      0.0269596
      55.6658834377829592      0.0149191
      56.2699534610269794      0.0030803
      56.8740259181045360      0.0138919
      57.4781008091487706      0.0160427
      58.0821781341596903      0.0119604
      58.6862578930707173      0.0195342
      59.2903400860149929      0.0066610
      59.8944247128593830      0.0151544
      60.4985117737370217      0.0137562
      61.1026012685813384      0.0093028
      61.7066931975254676      0.0057743
      62.3107875604362818      0.0251801
      62.9148843574469154      0.0219000
      63.5189835885573544      0.0269460
      64.1230852537010492      0.0156295
      64.7271893529445492      0.0137740
      65.3312958863544395      0.0142811
      65.9354048538641564      0.0106511
      66.5395162554736572      0.0152146
      67.1436300912495625      0.0121914
      67.7477463611918438      0.0123359
      68.3518650653670790      0.0194013
      68.9559862037086901      0.0092971
      69.5601097762832552      0.0160121
      70.1642357831573378      0.0135893
      70.7683642241977964      0.0055162
      71.3724950995377725      0.0065674
      71.9766284091106883      0.0053029
      72.5807641529831500      0.0120005
      73.1849023311551008      0.0174731
      73.7890429436931470      0.0092214
      74.3931859904641470      0.0187608
      74.9973314716678061     -0.0024819
      75.6014793872375321      0.0108295
      76.2056297371733393      0.0155566
      76.8097825214752419      0.0084163
      77.4139377402097892      0.0248213
      78.0180953933769956      0.0115654
      78.6222554809768468      0.0059454
      79.2264180030093428      0.0283957
      79.8305829595410614      0.0185170
      80.4347503505720027      0.0245946
      81.0389201759690394      0.0317254
      81.6430924359984260      0.0211718
      82.2472671305270069      0.0185699
      82.8514442596213883      0.0233758
      83.4556238232149923      0.0161633
      84.0598058214409605      0.0186969
      84.6639902541661229      0.0082043
      85.2681771215902273      0.0091773
      85.8723664235801039      0.0292912
      86.4765581602023303      0.0110223
      87.0807523313903573      0.0131108
      87.6849489373438615      0.0206310
      88.2891479779297157      0.0097772
      88.8933494532144977      0.0190438
      89.4975533631982074      0.0464111
      90.1017597078808308      0.0204020
      90.7059684873289314      0.0111304
      91.3101797014759597      0.0160187
      91.9143933504550574      0.0158532
      92.5186094341330545      0.0201870
      93.1228279526431351      0.0077317
      93.7270489059186644      0.0169024
      94.3312722940262773      0.0144598
      94.9354981170325090      0.0196498
      95.5397263748042178      0.0034258
      96.1439570675411233      0.0114268
      96.7481901950435201      0.0059131
      97.3524257575110994      0.0153764
      97.9566637548772974      0.0031381
      98.5609041871421425      0.0166583
      99.1651470543721558      0.0093931
      99.7693923565673515      0.0035590
     100.3736400936611801      0.0122098
     100.9778902657867690      0.0129235
     101.5821428728775544     -0.0067831
     102.1863979150000858     -0.0041940
     102.7906553921543633      0.0116307
     103.3949153044069789      0.0091579
     103.9991776516247910      0.0038463
     104.6034424339409128      0.0013567
     105.2077096513553727      0.0125945
     105.8119793038681422      0.0151883
     106.4162513914792498      0.0100903
     107.0205259141886671      0.0182628
     107.6248028720629861     -0.0003883
     108.2290822651687563      0.0107300
     108.8333640933728645      0.0195240
     109.4376483568084240      0.0117661
     110.0419350554088709     -0.0022311
     110.6462241892407974      0.0015646
     111.2505157583041608      0.0142323
     111.8548097625989755      0.0087628
     112.4591062021918333      0.0029978
     113.0634050769495786      0.0204953
     113.6677063871384945      0.0152141
     114.2720101325588473      0.0197309
     114.8763163133438070      0.0079266
     115.4806249294268099      0.0073964
     116.0849359808743770      0.0120439
     116.6892494676865510      0.0103950
     117.2935653899298813      0.0171335
     117.8978837474712549      0.0075581
     118.5022045405103341     -0.0084569
     119.1065277689140061      0.0064789
     119.7108534327488627     -0.0018821
     120.3151815320148614      0.0099112
     120.9195120668451580      0.0067178
     121.5238450371066108      0.0095275
     122.1281804428658120      0.0172189
     122.7325182841227189      0.0058683
     123.3368585609439378     -0.0070132
     123.9412012732628625      0.0043420
     124.5455464211460992      0.0070988
     125.1498940045936337     -0.0014474
     125.7542440236720154      0.0046032
     126.3585964782481454      0.0192013
     126.9629513685217006      0.0110369
     127.5673086944261030      0.0107643
     128.1716684559613668      0.0120940
     128.7760306531940842     -0.0001540
     129.3803952860576487     -0.0087014
     129.9847623546186526     -0.0008959
     130.5891318588770673     -0.0095775
     131.1935037988995134     -0.0002669
     131.7978781745528067     -0.0005637
     132.4022549860366667      0.0091632
     133.0066342332179374     -0.0004833
     133.6110159162297748      0.0121299
     134.2154000350056151      0.0023699
     134.8197865896120504      0.0103730
     135.4241755800490239      0.0198673
     136.0285670063165639      0.0159448
     136.6329608684146706     -0.0121046
     137.2373571663433154     -0.0059853
     137.8417559002357109      0.0142803
     138.4461570699586161      0.0131916
     139.0505606755786800      0.0175196
     139.6549667171624662      0.0122844
     140.2593751947099179      0.0128661
     140.8637861081544997      0.0122942
     141.4681994575628039      0.0042369
     142.0726152430013656      0.0027927
     142.6770334644701848      0.0074530
     143.2814541219026978      0.0029031
     143.8858772153654968      0.0029334
     144.4903027448585817     -0.0010847
     145.0947307103818957      0.0032349
     145.6991611120020309      0.0108241
     146.3035939497190441     -0.0107922
     146.9080292235328784     -0.0070043
     147.5124669334435339      0.0195539
     148.1169070795176026      0.0114158
     148.7213496616884925      0.0069070
     149.3257946800893308      0.0023589
     149.9302421346536107      0.0077339
     150.5346920253812755     -0.0021879
     151.1391443522723534     -0.0076825
     151.7435991154599435      0.0013225
     152.3480563148109752     -0.0025419
     152.9525159504584906      0.0092168
     153.5569780223360112     -0.0034971
     154.1614425305100440     -0.0040727
     154.7659094749806457     -0.0073801
     155.3703788557477594     -0.0042090
     155.9748506728113853      0.0077137
     156.5793249263047073      0.0008084
     157.1838016160945699     -0.0038411
     157.7882807421809730      0.0006780
     158.3927623047636075      0.0001297
     158.9972463036427541      0.0161045
     159.6017327389515970      0.0041234
     160.2062216106901076      0.0027058
     160.8107129189248496     -0.0064396
     161.4152066635892595     -0.0103352
     162.0197028446833372      0.0048977
     162.6242014623402383     -0.0010289
     163.2287025164268073     -0.0071409
     163.8332060070096077      0.0095738
     164.4377119341552032     -0.0058705
     165.0422202977970301     -0.0047511
     165.6467310980682726      0.0012430
     166.2512443349022533      0.0086806
     166.8557600082990859     -0.0011639
     167.4602781183252773      0.0019282
     168.0647986649142922      0.0068479
     168.6693216481992295      0.0038092
     169.2738470681135254     -0.0006011
     169.8783749246572370     -0.0041801
     170.4829052178968141      0.0026387
     171.0874379478323988      0.0074194
     171.6919731143973422      0.0177210
     172.2965107177247717      0.0093037
     172.9010507578147156     -0.0008515
     173.5055932346671739      0.0026642
     174.1101381482821182      0.0062669
     174.7146854986596054      0.0053381
     175.3192352857995786     -0.0074974
     175.9237875097686299      0.0050909
     176.5283421705667593      0.0069269
     177.1328992682605303      0.0079930
     177.7374588027167874      0.0152899
     178.3420207740021226      0.0163127
     178.9465851822496916      0.0029025
     179.5511520273928738     -0.0038532
     180.1557213094317262     -0.0024338
     180.7602930284327556      0.0033819
     181.3648671843294551      0.0000962
     181.9694437771883315      0.0105867
     182.5740228070094702      0.0042750
     183.1786042738593210      0.0029868
     183.7831881776714340     -0.0021132
     184.3877745185122876     -0.0025086
     184.9923632963153750      0.0049241
     185.5969545112137951      0.0058684
     186.2015481632075478      0.0167148
     186.8061442522300695      0.0036930
     187.4107427783479523     -0.0019368
     188.0153437416277313      0.0015370
     188.6199471419363078     -0.0037788
     189.2245529794067807     -0.0135795
     189.8291612540391782     -0.0045806
     190.4337719658334720     -0.0025008
     191.0383851147231269      0.0057331
     191.6430007009077769      0.0082779
     192.2476187242544086     -0.0039990
     192.8522391848294717     -0.0008239
     193.4568620826330232      0.0088495
     194.0614874177315983      0.0041192
     194.6661151900586901     -0.0125658
     195.2707453996808056     -0.0112694
     195.8753780465979730     -0.0057080
     196.4800131308101925      0.0037343
     197.0846506523174355     -0.0057954
     197.6892906111197306      0.0012482
     198.2939330073502333      0.0025291
     198.8985778409422949      0.0042077
     199.5032251119625926      0.0065575
     200.1078748203444775      0.0029771
     200.7125269660879781     -0.0053597
     201.3171815493262216     -0.0082755
     201.9218385699926444     -0.0024670
     202.5264980280872464     -0.0000122
     203.1311599236765915     -0.0054247
     203.7358242567607078     -0.0052831
     204.3404910272729751     -0.0034466
     204.9451602353465773     -0.0164870
     205.5498318809149225     -0.0118046
     206.1545059641111379     -0.0033791
     206.7591824848020963     -0.0102967
     207.3638614431209533      0.0038826
     207.9685428390011168     -0.0020331
     208.5732266725091506      0.0009190
     209.1779129435785194      0.0088800
     209.7826016523423220      0.0067527
     210.3872927987340233     -0.0003942
     210.9919863826870312     -0.0107646
     211.5966824044010366     -0.0092838
     212.2013808638095327     -0.0040061
     212.8060817609790263     -0.0125528
     213.4107850957763617     -0.0047907
     214.0154908684013435     -0.0124033
     214.6201990787207308     -0.0077113
     215.2249097268011440      0.0006572
     215.8296228127091467      0.0059192
     216.4343383363781754     -0.0011844
     217.0390562978082301      0.0111763
     217.6437766971323811     -0.0097661
     218.2484995342841501     -0.0053466
     218.8532248092635086     -0.0093715
     219.4579525221369920     -0.0120388
     220.0626826729046570     -0.0020510
     220.6674152614999116      0.0007037
     221.2721502881224183      0.0046710
     221.8768877525725429      0.0017580
     222.4816276550499197      0.0055332
     223.0863699954214781      0.0059683
     223.6911147737536965     -0.0046283
     224.2958619901132806     -0.0126254
     224.9006116444335248     -0.0128899
     225.5053637368476416     -0.0062296
     226.1101182672224752     -0.0038099
     226.7148752356911814     -0.0224205
     227.3196346421871681     -0.0016914
     227.9243964867769705     -0.0014801
     228.5291607694606455      0.0022751
     229.1339274902381931      0.0096186
     229.7386966491095563     -0.0026290
     230.3434682460747922      0.0073296
     230.9482422812669995      0.0073867
     231.5530187546196714      0.0108091
     232.1577976661327511      0.0119881
     232.7625790158728023      0.0043892
     233.3673628037732612      0.0044193
     233.9721490299672837     -0.0051004
     234.5769376943217424      0.0035484
     235.1817287969697077     -0.0011058
     235.7865223378447013     -0.0117453
     236.3913183170798220     -0.0068634
     236.9961167344753505      0.0082861
     237.6009175902975699      0.0105230
     238.2057208844133527      0.0010229
     238.8105266168892626     -0.0039422
     239.4153347876587077      0.0012664
     240.0201453968548435     -0.0013643
     240.6249584444111065     -0.0126952
     241.2297739303940318     -0.0016113
     241.8345918548037048     -0.0045745
     242.4394122176400401     -0.0043816
     243.0442350188364742      0.0063623
     243.6490602585261911      0.0019057
     244.2538879367091340     -0.0044863
     244.8587180534519234     -0.0096534
     245.4635506086214036      0.0015490
     246.0683856022841383      0.0008856
     246.6732230345066910     -0.0037140
     247.2780629052890902     -0.0054625
     247.8829052146312790     -0.0077313
     248.4877499625998780      0.0064133
     249.0925971490617314      0.0082349
     249.6974467741499950      0.0071683
     250.3022988378646119     -0.0153345
     250.9071533402722025     -0.0005614
     251.5120102813062033     -0.0069612
     252.1168696609665574      0.0027247
     252.7217314793864773     -0.0017867
     253.3265957364327505      0.0037985
     253.9314624321719975      0.0017193
     254.5363315666707820     -0.0003281
     255.1412031399291038      0.0029364
     255.7460771519469347      0.0081828
     256.3509536026577393      0.0071456
     256.9558324921945882     -0.0017750
     257.5607138204910029     -0.0032436
     258.1655975876800539      0.0050183
     258.7704837936286708      0.0060039
     259.3753724384699240     -0.0028869
     259.9802635221372498     -0.0135354
     260.5851570446972687     -0.0155779
     261.1900530061499239     -0.0083615
     261.7949514064952155     -0.0015947
     262.3998522456666933     -0.0051644
     263.0047555238638779      0.0057392
     263.6096612410203193      0.0051102
     264.2145693970693969      0.0102298
     264.8194799921443519      0.0038429
     265.4243930261784499     -0.0031059
     266.0293084992383115     -0.0013728
     266.6342264113240503     -0.0009870
     267.2391467624356096     -0.0041767
     267.8440695526394393      0.0018277
     268.4489947818690894      0.0017355
     269.0539224501245599     -0.0025336
     269.6588525574724144     -0.0021591
     270.2637851039791599     -0.0097343
     270.8687200896448530      0.0013751
     271.4736575144028734      0.0005910
     272.0785973783198983      0.0028010
     272.6835396813957573      0.0058635
     273.2884844236305639     -0.0058939
     273.8934316050909388      0.0050807
     274.4983812257767681     -0.0007997
     275.1033332856880520     -0.0087967
     275.7082877847583404     -0.0038400
     276.3132447231872106     -0.0019164
     276.9182041008415922     -0.0075360
     277.5231659177880488     -0.0032931
     278.1281301740265235     -0.0033706
     278.7330968695571300      0.0060339
     279.3380660044463752     -0.0074916
     279.9430375786941454      0.0025993
     280.5480115923006110     -0.0094809
     281.1529880452657153     -0.0002348
     281.7579669375894582      0.0001942
     282.3629482693384034      0.0094314
     282.9679320405124940      0.0014097
     283.5729182511118438     -0.0017780
     284.1779069011363958      0.0038176
     284.7828979906526570      0.0080340
     285.3878915196606840      0.0150615
     285.9928874881605907     -0.0024198
     286.5978858961520928     -0.0112869
     287.2028867436355313      0.0052578
     287.8078900306771857     -0.0118334
     288.4128957572106060     -0.0106165
     289.0179039233690332     -0.0003189
     289.6229145291522968     -0.0058102
     290.2279275744272695     -0.0014857
     290.8329430593938127      0.0070643
     291.4379609839851355     -0.0041933
     292.0429813482014652     -0.0058624
     292.6480041520426312      0.0016144
     293.2530293955753109      0.0068818
     293.8580570787993906      0.0063046
     294.4630872017150409     -0.0105827
     295.0681197642555276     -0.0060975
     295.6731547666205984     -0.0121623
     296.2781922086771829     -0.0113185
     296.8832320905583515     -0.0089058
     297.4882744121975406      0.0025611
     298.0933191735947503     -0.0027440
     298.6983663748166009     -0.0044518
     299.3034160157964720      0.0085116
     299.9084680966675478      0.0113060
     300.5135226173632077      0.0020294
     301.1185795779500154      0.0000378
     301.7236389782948436      0.0005097
     302.3287008186640605      0.0008550
     302.9337650988578048      0.0004513
     303.5388318190092605      0.0039516
     304.1439009791185413      0.0025559
     304.7489725791189130     -0.0028738
     305.3540466191436167      0.0072685
     305.9591230991260886      0.0085468
     306.5642020190662720      0.0052749
     307.1692833790307873      0.0019122
     307.7743671790195776     -0.0040381
     308.3794534190326431     -0.0154651
     308.9845420991366041     -0.0045040
     309.5896332192648970     -0.0027575
     310.1947267794840286     -0.0055913
     310.7998227798606194     -0.0208899
     311.4049212202614854     -0.0034976
     312.0100221008198105      0.0008477
     312.6151254215355948      0.0127914
     313.2202311824088383     -0.0098079
     313.8253393834394274     -0.0008417
     314.4304500246274756     -0.0046222
     315.0355631060396036      0.0102902
     315.6406786276756975     -0.0047447
     316.2457965895358143     -0.0000011
     316.8509169916198971     -0.0104461
     317.4560398339945664     -0.0064591
     318.0611651166598222      0.0010234
     318.6662928395491576      0.0006313
     319.2714230027954727      0.0114316
     319.8765556063324880      0.0027293
     320.4816906502265965     -0.0071799
     321.0868281344112916     -0.0033872
     321.6919680590197004      0.0055427
     322.2971104239852025      0.0082363
     322.9022552293079116     -0.0005674
     323.5074024750543344      0.0051185
     324.1125521612909779     -0.0050889
     324.7177042878847715      0.0044241
     325.3228588549688425      0.0095812
     325.9280158624766841     -0.0031408
     326.5331753105413100     -0.0009013
     327.1383371990296496     -0.0068086
     327.7435015280082098      0.0031637
     328.3486682975436679     -0.0034199
     328.9538375076359671     -0.0038134
     329.5590091582851073      0.0100433
     330.1641832494910886      0.0171599
     330.7693597812539110     -0.0000491
     331.3745387536401950      0.0082190
     331.9797201666498268     -0.0009673
     332.5849040202829201     -0.0029162
     333.1900903145393045     -0.0099963
     333.7952790494858277     -0.0131809
     334.4004702250556420      0.0036595
     335.0056638413154815     -0.0064719
     335.6108598983318529      0.0031689
     336.2160583960381928     -0.0036627
     336.8212593344345009     -0.0026057
     337.4264627136539616      0.0049636
     338.0316685336299543     -0.0043969
     338.6368767942959721      0.0035384
     339.2420874958516492     -0.0117909
     339.8473006381638015      0.0059601
     340.4525162212325426      0.0051261
     341.0577342451909431      0.0044661
     341.6629547100390027      0.0027598
     342.2681776157102149      0.0099864
     342.8734029622711432      0.0070275
     343.4786307497216740      0.0022683
     344.0838609780619208      0.0089892
     344.6890936473583906     -0.0003024
     345.2943287576111402      0.0073628
     345.8995663087535490      0.0075012
     346.5048063009188013     -0.0088852
     347.1100487339737128     -0.0032570
     347.7152936081180314      0.0050626
     348.3205409232185161      0.0055584
     348.9257906794084647     -0.0041813
     349.5310428766211999      0.0065367
     350.1362975148567216     -0.0068672
     350.7415545941816504      0.0117938
     351.3468141145959294      0.0326671
     351.9520760761662359      0.0051470
     352.5573404787593290     -0.0028888
     353.1626073225082791      0.0064514
     353.7678766073466932      0.0085218
     354.3731483334742052      0.0009101
     354.9784225006910106      0.0001034
     355.5836991091304071      0.0038901
     356.1889781587257744     -0.0049520
     356.7942596496101260     -0.0030389
     357.3995435816505619     -0.0067834
     358.0048299549799822     -0.0031593
     358.6101187695985004     -0.0032013
     359.2154100254394962      0.0022116
     359.8207037226362104     -0.0023962
     360.4259998610554590      0.0140531
     361.0312984408303123     -0.0021942
     361.6365994619607704     -0.0000500
     362.2419029244469471      0.0160235
     362.8472088282887853      0.0098046
     363.4525171735528488      0.0047893
     364.0578279601725171      0.0056241
     364.6631411881478471     -0.0026403
     365.2684568576119091     -0.0052468
     365.8737749685648168     -0.0162826
     366.4790955208733862      0.0114659
     367.0844185146706877      0.0137291
     367.6897439499567781      0.0027884
     368.2950718267982779     -0.0042066
     368.9004021451285098     -0.0031920
     369.5057349049475874     -0.0045783
     370.1110701063219608     -0.0081416
     370.7164077493183072     -0.0108297
     371.3217478338033288     -0.0111707
     371.9270903599103804     -0.0033368
     372.5324353276393481     -0.0040427
     373.1377827369236115      0.0004430
     373.7431325878963548     -0.0064756
     374.3484848804911280     -0.0031392
     374.9538396147742674     -0.0019412
     375.5591967906793798     -0.0068123
     376.1645564083395357      0.0037723
     376.7699184676881146     -0.0039827
     377.3752829687252301      0.0097536
     377.9806499115174461     -0.0055898
     378.5860192961312691     -0.0095917
     379.1913911224335152     -0.0051480
     379.7967653904908616     -0.0119475
     380.4021421003698720      0.0025914
     381.0075212520704326     -0.0030499
     381.6129028455926573      0.0012504
     382.2182868809364891     -0.0002426
     382.8236733581684916     -0.0090232
     383.4290622772221582     -0.0173851
     384.0344536382305591     -0.0077230
     384.6398474410605672     -0.0105809
     385.2452436858453666     -0.0026375
     385.8506423725183367      0.0013622
     386.4560435011460413     -0.0041578
     387.0614470717284803     -0.0075767
     387.6668530843323310      0.0034884
     388.2722615388908025     -0.0098717
     388.8776724354707426     -0.0103805
     389.4830857740053602     -0.0105879
     390.0885015546278964     -0.0132226
     390.6939197772717307     -0.0077719
     391.2993404420034267      0.0107903
     391.9047635488230981      0.0144611
     392.5101890976640107      0.0153147
     393.1156170886594055      0.0154589
     393.7210475217427756      0.0111067
     394.3264803969805143      0.0159807
     394.9319157143726784      0.0059119
     395.5373534739193815      0.0034633
     396.1427936756205099      0.0124827
     396.7482363196093047      0.0035753
     397.3536814056858475      0.0005860
     397.9591289340501135     -0.0076273
     398.5645789046353116     -0.0048119
     399.1700313174415555     -0.0054570
     399.7754861726019726     -0.0082085
     400.3809434699834355     -0.0049705
     400.9864032096524511      0.0000876
     401.5918653916756966     -0.0105628
     402.1973300159864380     -0.0096481
     402.8027970826514093     -0.0038761
     403.4082665917370605     -0.0000282
     404.0137385431103212     -0.0105190
     404.6192129369043187     -0.0015657
     405.2246897730524893     -0.0089511
     405.8301690516213398     -0.0131010
     406.4356507726775476     -0.0135592
     407.0411349361544922     -0.0206896
     407.6466215420520598     -0.0108891
     408.2521105905035483     -0.0031280
     408.8576020813757737      0.0149602
     409.4630960148018630      0.0006036
     410.0685923907152528     -0.0014782
     410.6740912091824498     -0.0133743
     411.2795924701370041     -0.0009939
     411.8850961737119292     -0.0097401
     412.4906023198408320     -0.0093073
     413.0961109085900489     -0.0086667
     413.7016219398931867     -0.0148217
     414.3071354138832589     -0.0081115
     414.9126513304938157     -0.0170150
     415.5181696897247434     -0.0228744
     416.1236904916427193     -0.0133159
     416.7292137362476865     -0.0069561
     417.3347394235396450     -0.0099029
     417.9402675535185949     -0.0042826
     418.5457981262510998     -0.0107109
     419.1513311416706529     -0.0053360
     419.7568665999102677     -0.0121757
     420.3624045009034376     -0.0062231
     420.9679448447167829     -0.0134802
     421.5734876312836832     -0.0073617
     422.1790328606707021     -0.0145572
     422.7845805328778965     -0.0116314
     423.3901306479717732     -0.0130812
     423.9956832058857685     -0.0092751
     424.6012382066864461     -0.0122351
     425.2067956503738628     -0.0157950
     425.8123555369479050     -0.0082478
     426.4179178664086862     -0.0158672
     427.0234826388892770     -0.0224290
     427.6290498542566070     -0.0073776
     428.2346195126438033     -0.0186685
     428.8401916139176251     -0.0137888
     429.4457661582778769     -0.0073604
     430.0513431455913747     -0.0124622
     430.6569225759247388     -0.0100546
     431.2625044493444761     -0.0175309
     431.8680887657174594     -0.0211542
     432.4736755251768727     -0.0142579
     433.0792647277892797     -0.0107449
     433.6848563734880031     -0.0126812
     434.2904504622732134     -0.0082760
     434.8960469941447968     -0.0019780
     435.5016459691693171     -0.0121587
     436.1072473874133948     -0.0071612
     436.7128512487439025     -0.0117170
     437.3184575532939107     -0.0117701
     437.9240663010634762     -0.0044815
     438.5296774919859786     -0.0228126
     439.1352911261946019     -0.0123061
     439.7409072036227258     -0.0220953
     440.3465257243370274     -0.0203746
     440.9521466882707728     -0.0062164
     441.5577700955572595     -0.0203127
     442.1633959461298105     -0.0251264
     442.7690242399884823     -0.0197187
     443.3746549771997820     -0.0233754
     443.9802881577638232     -0.0178872
     444.5859237816139284     -0.0189896
     445.1915618488832820     -0.0220971
     445.7972023595718269     -0.0208769
     446.4028453136796770     -0.0176492
     447.0084907111401549     -0.0080692
     447.6141385520864446     -0.0158506
     448.2197888364519258     -0.0148652
     448.8254415643698394     -0.0184972
     449.4310967357069444     -0.0184627
     450.0367543505299182     -0.0339106
     450.6424144088386470     -0.0169416
     451.2480769106331877     -0.0242897
     451.8537418560466676     -0.0222902
     452.4594092450125231     -0.0167103
     453.0650790775307541     -0.0182208
     453.6707513536013607     -0.0170694
     454.2764260733574702     -0.0286074
     454.8821032366658983     -0.0196212
     455.4877828435933225     -0.0314879
     456.0934648942062495     -0.0312112
     456.6991493884381157     -0.0206956
     457.3048363263554847     -0.0281396
     457.9105257078917361     -0.0180890
     458.5162175331801677     -0.0173886
     459.1219118022205521     -0.0233444
     459.7276085149465530     -0.0268310
     460.3333076714245067     -0.0275560
     460.9390092717212042     -0.0167835
     461.5447133157034045     -0.0329361
     462.1504198035707418     -0.0296646
     462.7561287351902024     -0.0313555
     463.3618401106282931     -0.0382527
     463.9675539298850140     -0.0142287
     464.5732701929604218     -0.0201572
     465.1789888999875302     -0.0283476
     465.7847100508332687     -0.0270243
     466.3904336456308783     -0.0401570
     466.9961596842471181     -0.0246725
     467.6018881668816221     -0.0225666
     468.2076190934013766     -0.0370392
     468.8133524638729455     -0.0327468
     469.4190882783627785     -0.0277486
     470.0248265368044258     -0.0316403
     470.6305672391312669     -0.0239012
     471.2363103856096131     -0.0176395
     471.8420559761062805     -0.0214509
     472.4478040106212688     -0.0252479
     473.0535544891546351     -0.0350885
     473.6593074117728861     -0.0424555
     474.2650627785426423     -0.0470480
     474.8708205893307195     -0.0212815
     475.4765808442703019     -0.0221103
     476.0823435433613326     -0.0324564
     476.6881086866038117     -0.0325200
     477.2938762739312892     -0.0248072
     477.8996463054767219     -0.0323340
     478.5054187811737165     -0.0385216
     479.1111937011552300     -0.0384363
     479.7169710652883055     -0.0390048
     480.3227508737058997     -0.0453923
     480.9285331263415628     -0.0361206
     481.5343178232619152     -0.0351012
     482.1401049644668433     -0.0233926
     482.7458945499563470     -0.0291753
     483.3516865797304831     -0.0238638
     483.9574810537891949     -0.0374196
     484.5632779722657233     -0.0316353
     485.1690773350268273     -0.0324861
     485.7748791422056911     -0.0336604
     486.3806833937356942     -0.0320935
     486.9864900896834570     -0.0399035
     487.5922992300490364     -0.0427596
     488.1981108148322619     -0.0426230
     488.8039248440998676     -0.0464630
