Scan:     17      HS0033+4300 2015-10-21 +01 26 39.0
         OPTICAL                 Tb    
        km/s-LSR                 XX
    -522.5155843729883145      0.0013666
    -521.9138457716989024     -0.0252488
    -521.3121047505883325     -0.0106495
    -520.7103613096566050     -0.0145199
    -520.1086154488705233     -0.0097961
    -519.5068671681967771     -0.0120486
    -518.9051164676685630     -0.0013899
    -518.3033633472193742     -0.0162636
    -517.7016078068825209     -0.0080565
    -517.0998498466245792     -0.0203247
    -516.4980894664124662     -0.0012658
    -515.8963266662460683      0.0002667
    -515.2945614460921888      0.0017391
    -514.6927938059839107      0.0015868
    -514.0910237458549545     -0.0001033
    -513.4892512657382895      0.0030628
    -512.8874763656008327     -0.0182054
    -512.2856990454093875     -0.0007020
    -511.6839193051304164      0.0047758
    -511.0821371448307104      0.0054257
    -510.4803525644102251      0.0117522
    -509.8785655639024412     -0.0035464
    -509.2767761432738780      0.0001875
    -508.6749843025246491     -0.0084850
    -508.0731900416548115      0.0130264
    -507.4713933605976877     -0.0080540
    -506.8695942593532209     -0.0104488
    -506.2677927379549487     -0.0071215
    -505.6659887963360802     -0.0121770
    -505.0641824344965585     -0.0079240
    -504.4623736524366677     -0.0121966
    -503.8605624501229272     -0.0050434
    -503.2587488275552801     -0.0025002
    -502.6569327847338968      0.0026782
    -502.0551143215921002      0.0150251
    -501.4532934381632572     -0.0039574
    -500.8514701344139439     -0.0091978
    -500.2496444103110207      0.0003835
    -499.6478162658544306     -0.0048901
    -499.0459857010773703      0.0038614
    -498.4441527158801932     -0.0030712
    -497.8423173103292925     -0.0205300
    -497.2404794843581612     -0.0176639
    -496.6386392379334893     -0.0097881
    -496.0367965711218972      0.0059552
    -495.4349514838234541     -0.0021443
    -494.8331039760715839     -0.0056510
    -494.2312540478661731     -0.0140849
    -493.6294016991406011      0.0014286
    -493.0275469298949815      0.0153622
    -492.4256897401625679      0.0244159
    -491.8238301298434862     -0.0065639
    -491.2219680990043571     -0.0117269
    -490.6201036476118134     -0.0031823
    -490.0182367755993482      0.0074263
    -489.4163674830335253      0.0004995
    -488.8144957698144708      0.0077326
    -488.2126216360088051      0.0039229
    -487.6107450815165407     -0.0048854
    -487.0088661064044118     -0.0048887
    -486.4069847106057409      0.0087437
    -485.8051008941538953     -0.0027371
    -485.2032146569821975      0.0037314
    -484.6013259990908182     -0.0040187
    -483.9994349204795299      0.0070283
    -483.3975414211152497     -0.0167884
    -482.7956455009978640     -0.0043045
    -482.1937471601273728      0.0104759
    -481.5918463984373261     -0.0071456
    -480.9899432159941739     -0.0067050
    -480.3880376126980423      0.0009900
    -479.7861295885822983      0.0040097
    -479.1842191436136886     -0.0022291
    -478.5823062777921564     -0.0112894
    -477.9803909911176447      0.0121009
    -477.3784732835236468     -0.0006601
    -476.7765531550434730      0.0039449
    -476.1746306056438129     -0.0145600
    -475.5727056352913564     -0.0174149
    -474.9707782440194137     -0.0087050
    -474.3688484317613643      0.0006151
    -473.7669161985506321      0.0186160
    -473.1649815443538500      0.0095530
    -472.5630444691375942     -0.0059615
    -471.9611049729020920     -0.0146979
    -471.3591630556139762     -0.0016481
    -470.7572187173065004     -0.0121309
    -470.1552719579131008      0.0068847
    -469.5533227774338343     -0.0012582
    -468.9513711758685872      0.0068879
    -468.3494171532175301      0.0094324
    -467.7474607094139287     -0.0163771
    -467.1455018444911502     -0.0080587
    -466.5435405584492514      0.0100376
    -465.9415768511881879      0.0033960
    -465.3396107227746938     -0.0054987
    -464.7376421731754590      0.0080229
    -464.1356712023571731      0.0181078
    -463.5336978102865260     -0.0034135
    -462.9317219970301949     -0.0250571
    -462.3297437624881923      0.0131362
    -461.7277631066606318     -0.0002594
    -461.1257800295807101      0.0160937
    -460.5237945311818635     -0.0165613
    -459.9218066114974590     -0.0104892
    -459.3198162704608194      0.0199115
    -458.7178235081053685      0.0172217
    -458.1158283243976825     -0.0021191
    -457.5138307193045648     -0.0118146
    -456.9118306928259585     -0.0023412
    -456.3098282449286103     -0.0013974
    -455.7078233756458303     -0.0092481
    -455.1058160849109981     -0.0111433
    -454.5038063727574240     -0.0006725
    -453.9017942391517977     -0.0004295
    -453.2997796840609794      0.0085173
    -452.6977627074514317      0.0047496
    -452.0957433093898885      0.0109234
    -451.4937214897764761      0.0137532
    -450.8916972486445047     -0.0194521
    -450.2896705859605504     -0.0134520
    -449.6876415017248405     -0.0056450
    -449.0856099959371477     -0.0013665
    -448.4835760685310788     -0.0008082
    -447.8815397195065202      0.0149455
    -447.2795009488967821     -0.0037542
    -446.6774597566353577     -0.0165834
    -446.0754161427222471      0.0052394
    -445.4733701071573364      0.0090942
    -444.8713216499074292      0.0066053
    -444.2692707709724687      0.0105461
    -443.6672174703193150     -0.0004086
    -443.0651617479477409     -0.0068539
    -442.4631036038579737     -0.0168390
    -441.8610430380165326     -0.0044701
    -441.2589800503902779     -0.0067025
    -440.6569146410124631     -0.0120512
    -440.0548468098164676      0.0028601
    -439.4527765568023483      0.0025864
    -438.8507038820033017      0.0117064
    -438.2486287853196245     -0.0056723
    -437.6465512668177098     -0.0058945
    -437.0444713264311645      0.0027248
    -436.4423889641931282     -0.0022585
    -435.8403041800038409     -0.0158076
    -435.2382169739631195     -0.0063212
    -434.6361273459711470     -0.0062943
    -434.0340352960278096     -0.0120357
    -433.4319408241332212     -0.0023363
    -432.8298439302873248      0.0020135
    -432.2277446144236706     -0.0057786
    -431.6256428765753412     -0.0088275
    -431.0235387167425642      0.0004019
    -430.4214321348585486      0.0174916
    -429.8193231309234648      0.0156495
    -429.2172117049371991     -0.0048501
    -428.6150978568998084     -0.0063822
    -428.0129815867447292      0.0012865
    -427.4108628945052146      0.0102160
    -426.8087417801480115     -0.0067541
    -426.2066182436731197     -0.0158960
    -425.6044922850139756      0.0119342
    -425.0023639042370860      0.0162218
    -424.4002331012759441      0.0093987
    -423.7980998761305500     -0.0037763
    -423.1959642287675365     -0.0126157
    -422.5938261591870742     -0.0072246
    -421.9916856673889924      0.0006268
    -421.3895427533067846     -0.0041939
    -420.7873974170070710     -0.0013163
    -420.1852496583899210     -0.0101630
    -419.5830994775219551     -0.0027388
    -418.9809468743365528      0.0113109
    -418.3787918488337709      0.0079215
    -417.7766344009802992     -0.0013192
    -417.1744745307761377     -0.0204406
    -416.5723122382213433      0.0004839
    -415.9701475232824919      0.0005945
    -415.3679803859597541      0.0175851
    -414.7658108262196492     -0.0080780
    -414.1636388440624046     -0.0116019
    -413.5614644394545394     -0.0156670
    -412.9592876123961673      0.0057653
    -412.3571083628872884      0.0003461
    -411.7549266908945924     -0.0126026
    -411.1527425963847122      0.0152800
    -410.5505560793910718      0.0044612
    -409.9483671398469937     -0.0042496
    -409.3461757777859020     -0.0006564
    -408.7439819931743727     -0.0046795
    -408.1417857859791525      0.0021036
    -407.5395871562002412     -0.0117277
    -406.9373861038376958     -0.0104868
    -406.3351826288582060     -0.0004843
    -405.7329767312284616      0.0033006
    -405.1307684109817728     -0.0112449
    -404.5285576680848294      0.0007440
    -403.9263445024710109      0.0034280
    -403.3241289142070514      0.0060323
    -402.7219109032595270     -0.0103559
    -402.1196904695619878      0.0079172
    -401.5174676131475167      0.0037954
    -400.9152423340162841      0.0046195
    -400.3130146321017264     -0.0004626
    -399.7107845074037300      0.0120943
    -399.1085519599224085      0.0173360
    -398.5063169896577051      0.0003455
    -397.9040795965430561     -0.0065740
    -397.3018397806117150      0.0025745
    -396.6995975418304852      0.0025604
    -396.0973528801992529     -0.0052808
    -395.4951057956848786     -0.0083418
    -394.8928562882871915      0.0006676
    -394.2906043579730522     -0.0093934
    -393.6883500047424036      0.0051883
    -393.0860932285951890      0.0017656
    -392.4838340294982117      0.0118348
    -391.8815724074182185      0.0089322
    -391.2793083623550956      0.0015647
    -390.6770418943088998     -0.0060024
    -390.0747730032796312     -0.0017750
    -389.4725016892006693     -0.0094082
    -388.8702279520721845      0.0077596
    -388.2679517919272030     -0.0004416
    -387.6656732086993884     -0.0008206
    -387.0633922023886271     -0.0078748
    -386.4611087729949190     -0.0191315
    -385.8588229204850109     -0.0029603
    -385.2565346448255923     -0.0032411
    -384.6542439460500304      0.0035949
    -384.0519508241248445      0.0121587
    -383.4496552790170085      0.0197539
    -382.8473573107596053      0.0052975
    -382.2450569192861280      0.0123906
    -381.6427541045966905      0.0140123
    -381.0404488666578118      0.0115419
    -380.4381412055029159      0.0183384
    -379.8358311210986358      0.0040745
    -379.2335186134117748     -0.0005845
    -378.6312036824422762     -0.0108474
    -378.0288863281568297     -0.0016399
    -377.4265665505887455     -0.0021171
    -376.8242443496714600     -0.0008674
    -376.2219197254050300     -0.0117489
    -375.6195926777893987      0.0001733
    -375.0172632068245662      0.0012607
    -374.4149313124439686      0.0038022
    -373.8125969946808596      0.0029291
    -373.2102602534687890      0.0264575
    -372.6079210888408397      0.0003951
    -372.0055795007639290     -0.0060206
    -371.4032354892378862      0.0150215
    -370.8008890542295717     -0.0116306
    -370.1985401957389286     -0.0032096
    -369.5961889137326466      0.0080751
    -368.9938352082107826     -0.0037685
    -368.3914790791400264     -0.0094406
    -367.7891205265535746     -0.0080367
    -367.1867595503850339      0.0000071
    -366.5843961506342907      0.0047419
    -365.9820303272680349      0.0025398
    -365.3796620803196333     -0.0009751
    -364.7772914097557759      0.0045146
    -364.1749183155431524      0.0168842
    -363.5725427976818196      0.0012424
    -362.9701648561717207     -0.0045654
    -362.3677844909794885      0.0117279
    -361.7654017020720403      0.0056574
    -361.1630164894825157      0.0002297
    -360.5606288531444648     -0.0092954
    -359.9582387930910272     -0.0079897
    -359.3558463092557531     -0.0073121
    -358.7534514016718390      0.0133363
    -358.1510540703060883      0.0027756
    -357.5486543151583874      0.0117094
    -356.9462521361622862      0.0023314
    -356.3438475333842916      0.0099802
    -355.7414405067245298     -0.0069291
    -355.1390310562163108      0.0010888
    -354.5366191818596917      0.0018761
    -353.9342048835880519     -0.0024664
    -353.3317881614346447     -0.0012354
    -352.7293690153662737     -0.0246693
    -352.1269474453828252     -0.0084894
    -351.5245234514177923     -0.0033344
    -350.9220970335377956     -0.0038014
    -350.3196681916761577     -0.0100195
    -349.7172369257996820     -0.0087392
    -349.1148032359416220     -0.0068729
    -348.5123671220686674      0.0080363
    -347.9099285841476217      0.0096487
    -347.3074876222116245     -0.0041450
    -346.7050442361942260     -0.0056782
    -346.1025984260953692     -0.0210330
    -345.5001501919151110     -0.0055047
    -344.8976995336200844      0.0031314
    -344.2952464512437132      0.0011230
    -343.6927909446860099      0.0122680
    -343.0903330140135381      0.0010392
    -342.4878726591598479      0.0062886
    -341.8854098801247687      0.0165491
    -341.2829446769084711      0.0090827
    -340.6804770494776449     -0.0061098
    -340.0780069978321762      0.0055078
    -339.4755345219721789     -0.0085024
    -338.8730596218309756      0.0075697
    -338.2705822974419902      0.0032118
    -337.6681025487719126      0.0092039
    -337.0656203757873186      0.0086265
    -336.4631357784883221      0.0176938
    -335.8606487569081764      0.0063262
    -335.2581593109470646      0.0136317
    -334.6556674406715501      0.0014911
    -334.0531731459817593     -0.0069417
    -333.4506764269441987     -0.0066400
    -332.8481772834924186      0.0172299
    -332.2456757156596154      0.0021200
    -331.6431717233792824     -0.0067177
    -331.0406653066513627     -0.0017472
    -330.4381564654759131      0.0055744
    -329.8356451998196235      0.0027027
    -329.2331315096824937     -0.0002491
    -328.6306153950645239     -0.0195368
    -328.0280968558991503     -0.0150624
    -327.4255758922196833     -0.0023098
    -326.8230525040260659      0.0069762
    -326.2205266912184243      0.0062226
    -325.6179984538967460      0.0037841
    -325.0154677919610435      0.0186083
    -324.4129347054113168      0.0110102
    -323.8103991942476796      0.0066232
    -323.2078612584700181     -0.0095445
    -322.6053208980451927     -0.0056278
    -322.0027781129397226      0.0026560
    -321.4002329031870318      0.0013547
    -320.7976852687205565      0.0057292
    -320.1951352095734933      0.0162029
    -319.5925827256793355      0.0107598
    -318.9900278170713364     -0.0091996
    -318.3874704837162994     -0.0026653
    -317.7849107255807439     -0.0015626
    -317.1823485426648972      0.0142097
    -316.5797839350018990      0.0084958
    -315.9772169024919322     -0.0094530
    -315.3746474451683071     -0.0064687
    -314.7720755629977134      0.0080838
    -314.1695012559801512      0.0006196
    -313.5669245241156204     -0.0041744
    -312.9643453673708677     -0.0093939
    -312.3617637857125828     -0.0108620
    -311.7591797791740760      0.0029046
    -311.1565933476887267      0.0004466
    -310.5540044912565918      0.0045250
    -309.9514132098776145     -0.0061587
    -309.3488195035518515      0.0069799
    -308.7462233722127394      0.0049912
    -308.1436248158934745      0.0083131
    -307.5410238345608036      0.0078349
    -306.9384204282148403      0.0038841
    -306.3358145968221606     -0.0099025
    -305.7332063403495681      0.0057979
    -305.1305956588302593      0.0095969
    -304.5279825521977841      0.0061732
    -303.9253670205185927      0.0027563
    -303.3227490636929247      0.0075276
    -302.7201286817207233      0.0063336
    -302.1175058746352988      0.0047341
    -301.5148806423700876      0.0104353
    -300.9122529849583429     -0.0185564
    -300.3096229023335013     -0.0169161
    -299.7069903945288729      0.0011852
    -299.1043554614779509      0.0255961
    -298.5017181032138751      0.0025570
    -297.8990783197034489      0.0087097
    -297.2964361109466722     -0.0043284
    -296.6937914768769247     -0.0027275
    -296.0911444175608835      0.0118890
    -295.4884949328986181      0.0045214
    -294.8858430229566352      0.0083058
    -294.2831886876684848      0.0020289
    -293.6805319270341101      0.0146015
    -293.0778727410202009     -0.0034852
    -292.4752111296268140      0.0081624
    -291.8725470928540062      0.0100890
    -291.2698806306683537      0.0114954
    -290.6672117430699132      0.0041037
    -290.0645404300254313      0.0043098
    -289.4618666915347944     -0.0051296
    -288.8591905275981730     -0.0152868
    -288.2565119381489467      0.0132012
    -287.6538309232203119      0.0161928
    -287.0511474827790721     -0.0070372
    -286.4484616168251705      0.0020087
    -285.8457733253254105      0.0203792
    -285.2430826082463682      0.0356409
    -284.6403894656214675      0.0060468
    -284.0376938974173413     -0.0100564
    -283.4349959036007363      0.0102363
    -282.8322954842049626      0.0096115
    -282.2295926391633429     -0.0208207
    -281.6268873684759910     -0.0120870
    -281.0241796721429068     -0.0026972
    -280.4214695501307801      0.0075871
    -279.8187570024394972      0.0075224
    -279.2160420290359752      0.0155609
    -278.6133246299201005     -0.0013991
    -278.0106048050918730     -0.0070026
    -277.4078825544847859     -0.0039171
    -276.8051578781652893     -0.0109275
    -276.2024307760336796     -0.0060829
    -275.5997012481231536     -0.0184273
    -274.9969692944336543     -0.0100468
    -274.3942349148987319     -0.0027983
    -273.7914981095516964     -0.0004756
    -273.1887588783590672     -0.0163089
    -272.5860172212877615     -0.0015153
    -271.9832731383709188     -0.0099087
    -271.3805266295420893      0.0045041
    -270.7777776948012161     -0.0156459
    -270.1750263341482992     -0.0009181
    -269.5722725475833954     -0.0074113
    -268.9695163350398275     -0.0137010
    -268.3667576965509625      0.0002568
    -267.7639966320501799     -0.0186329
    -267.1612331416041002      0.0056696
    -266.5584672251129064     -0.0053106
    -265.9556988826097381      0.0122384
    -265.3529281140947091     -0.0109382
    -264.7501549195011989     -0.0137634
    -264.1473792988625178      0.0000084
    -263.5446012521122157      0.0112950
    -262.9418207792500084      0.0075710
    -262.3390378803094336      0.0069398
    -261.7362525552571242     -0.0130089
    -261.1334648040597699     -0.0081709
    -260.5306746266841174      0.0023701
    -259.9278820231634199      0.0016783
    -259.3250869934644243      0.0044841
    -258.7222895375538769      0.0176790
    -258.1194896554316642      0.0030354
    -257.5166873470979567     -0.0102809
    -256.9138826125192736     -0.0115774
    -256.3110754516624752     -0.0179811
    -255.7082658645608433     -0.0056353
    -255.1054538511810108      0.0085797
    -254.5026394114564710      0.0085047
    -253.8998225454537589     -0.0156294
    -253.2970032531063396     -0.0081238
    -252.6941815344142128     -0.0030775
    -252.0913573893773219      0.0116380
    -251.4885308179624133     -0.0084337
    -250.8857018201362621     -0.0199109
    -250.2828703959320933     -0.0247956
    -249.6800365453165966     -0.0004186
    -249.0772002682565471      0.0158753
    -248.4743615647519164     -0.0126678
    -247.8715204347694225      0.0039592
    -247.2686768783423759     -0.0152153
    -246.6658308954041559     -0.0134000
    -246.0629824859548194     -0.0109061
    -245.4601316499943096     -0.0023263
    -244.8572783874894014     -0.0011256
    -244.2544226984400666      0.0032849
    -243.6515645828462766      0.0057823
    -243.0487040406415247      0.0016938
    -242.4458410718923176      0.0156561
    -241.8429756764988667      0.0076089
    -241.2401078544611153     -0.0050641
    -240.6372376058123734      0.0035424
    -240.0343649305193594      0.0018329
    -239.4314898285487629     -0.0000071
    -238.8286122999006409     -0.0038405
    -238.2257323445749364     -0.0058960
    -237.6228499625051143     -0.0224300
    -237.0199651537244279     -0.0066409
    -236.4170779181996238     -0.0115417
    -235.8141882559307021     -0.0094501
    -235.2112961668843525     -0.0071968
    -234.6084016510605750      0.0067455
    -234.0055047084261446      0.0049534
    -233.4026053390142863     -0.0003424
    -232.7997035427251546      0.0035284
    -232.1967993196253417      0.0029842
    -231.5938926696482554     -0.0139723
    -230.9909835928272059     -0.0075567
    -230.3880720890955729      0.0004627
    -229.7851581584866949     -0.0103032
    -229.1822418009339799     -0.0056160
    -228.5793230164707381     -0.0016472
    -227.9764018050636594     -0.0046552
    -227.3734781666794618      0.0131597
    -226.7705521013181453      0.0048528
    -226.1676236089797101     -0.0196978
    -225.5646926896309026     -0.0153516
    -224.9617593432716944     -0.0105045
    -224.3588235699020856      0.0047028
    -223.7558853694555125      0.0106367
    -223.1529447419319467      0.0069894
    -222.5500016873646985      0.0116287
    -221.9470562056872325      0.0070477
    -221.3441082968994920      0.0073133
    -220.7411579610015337     -0.0023111
    -220.1382051979933294      0.0077059
    -219.5352500078082585     -0.0059869
    -218.9322923904464062      0.0126321
    -218.3293323459077442      0.0031113
    -217.7263698741922440      0.0023358
    -217.1234049752666806     -0.0023101
    -216.5204376490976870     -0.0130610
    -215.9174678957186302     -0.0028518
    -215.3144957150629182      0.0033772
    -214.7115211071638043      0.0086368
    -214.1085440719547250     -0.0014542
    -213.5055646094689621      0.0027532
    -212.9025827196732905      0.0012392
    -212.2995984025343716     -0.0024748
    -211.6966116580855157      0.0014014
    -211.0936224862601023      0.0017852
    -210.4906308870582166     -0.0044717
    -209.8876368604797733     -0.0079921
    -209.2846404064915475      0.0050679
    -208.6816415250935108      0.0235895
    -208.0786402162857200     -0.0058746
    -207.4756364800014978     -0.0007464
    -206.8726303163074931     -0.0031394
    -206.2696217251038888     -0.0058421
    -205.6666107064238531      0.0056677
    -205.0635972602341894     -0.0030583
    -204.4605813865348409     -0.0119052
    -203.8575630852925826      0.0023137
    -203.2545423565073861     -0.0131277
    -202.6515192001792514     -0.0089840
    -202.0484936162748966     -0.0022076
    -201.4454656047610683     -0.0040518
    -200.8424351656709632     -0.0104676
    -200.2394022989381028     -0.0088479
    -199.6363670045624588      0.0175163
    -199.0333292825773128      0.0166356
    -198.4302891328828196     -0.0061690
    -197.8272465555455142      0.0151149
    -197.2242015504988615     -0.0032184
    -196.6211541177428614     -0.0152413
    -196.0181042572775141      0.0083020
    -195.4150519690695091     -0.0051033
    -194.8119972531188751      0.0044999
    -194.2089401093923300      0.0003233
    -193.6058805378898455     -0.0115754
    -193.0028185385781683     -0.0044862
    -192.3997541114572698     -0.0068308
    -191.7966872565271785     -0.0083638
    -191.1936179737546126      0.0051842
    -190.5905462631395437      0.0017663
    -189.9874721246486899      0.0051644
    -189.3843955582487979      0.0081647
    -188.7813165639731494      0.0113183
    -188.1782351417884058      0.0013704
    -187.5751512916613422     -0.0062177
    -186.9720650136252118     -0.0173788
    -186.3689763076134795     -0.0074179
    -185.7658851736260885      0.0067721
    -185.1627916116298422      0.0092145
    -184.5596956216579088     -0.0033166
    -183.9565972036771200     -0.0141276
    -183.3534963576541372     -0.0055899
    -182.7503930836222139      0.0023532
    -182.1472873814815614     -0.0104513
    -181.5441792512987149     -0.0072102
    -180.9410686930070824      0.0131591
    -180.3379557066400025      0.0072692
    -179.7348402921308832     -0.0094673
    -179.1317224494797244     -0.0113708
    -178.5286021787197797      0.0099289
    -177.9254794797845136      0.0149593
    -177.3223543526406445      0.0208688
    -176.7192267973547644      0.0111369
    -176.1160968138269709     -0.0028724
    -175.5129644020905459      0.0043255
    -174.9098295621122645     -0.0196368
    -174.3066922938920698     -0.0044441
    -173.7035525973967083      0.0031774
    -173.1004104726594619      0.0059010
    -172.4972659195804567      0.0028320
    -171.8941189382262564      0.0082783
    -171.2909695285303542      0.0185901
    -170.6878176905259465      0.0032393
    -170.0846634241465267      0.0161326
    -169.4815067293920947      0.0001778
    -168.8783476062626505      0.0031131
    -168.2751860547248839     -0.0170048
    -167.6720220748120767      0.0040784
    -167.0688556664243833     -0.0085017
    -166.4656868296283960     -0.0036723
    -165.8625155643908045      0.0028829
    -165.2593418706450734     -0.0149017
    -164.6561657484577097     -0.0029406
    -164.0529871977289247     -0.0019702
    -163.4498062185252536      0.0134501
    -162.8466228107801612      0.0054294
    -162.2434369744935907      0.0073616
    -161.6402487096323171      0.0165922
    -161.0370580161963119      0.0046790
    -160.4338648941855467     -0.0016130
    -159.8306693435667967      0.0029202
    -159.2274713643067230      0.0039543
    -158.6242709564386644      0.0039108
    -158.0210681199293106     -0.0001166
    -157.4178628547786616      0.0114535
    -156.8146551609534072      0.0090799
    -156.2114450384202939      0.0119530
    -155.6082324871793503     -0.0014045
    -155.0050175072305194     -0.0068210
    -154.4018000985405195      0.0032670
    -153.7985802611094073      0.0150896
    -153.1953579949038442      0.0029691
    -152.5921332999238587      0.0080044
    -151.9889061761694222     -0.0004912
    -151.3856766236072815      0.0035616
    -150.7824446422041831      0.0018137
    -150.1792102319600133      0.0069452
    -149.5759733928749142      0.0199697
    -148.9727341249488006      0.0108269
    -148.3694924281150804      0.0038011
    -147.7662483023738389      0.0011584
    -147.1630017477583010      0.0118487
    -146.5597527642019031     -0.0000263
    -145.9565013517046737      0.0018812
    -145.3532475102332739     -0.0010145
    -144.7499912398210711      0.0129788
    -144.1467325404347264      0.0145634
    -143.5434714120076762      0.0060629
    -142.9402078546064843      0.0076011
    -142.3369418681645868      0.0023437
    -141.7336734526820123      0.0031704
    -141.1304026081587040     -0.0024407
    -140.5271293345614367     -0.0046812
    -139.9238536318569004      0.0049805
    -139.3205755000450949      0.0079449
    -138.7172949391593022      0.0185117
    -138.1140119490996767      0.0115707
    -137.5107265299327821      0.0027109
    -136.9074386815920548      0.0119497
    -136.3041484040774947      0.0150230
    -135.7008556973558200      0.0148019
    -135.0975605614602841      0.0149596
    -134.4942629963243803      0.0213799
    -133.8909630019813619      0.0143249
    -133.2876605783646369      0.0171282
    -132.6843557255074870      0.0204061
    -132.0810484433766874      0.0289566
    -131.4777387319388993      0.0309622
    -130.8744265911941511      0.0292776
    -130.2711120211424429      0.0232493
    -129.6677950217504645      0.0477352
    -129.0644755929849623      0.0472024
    -128.4611537348791899      0.0511059
    -127.8578294473998938      0.0648511
    -127.2545027305137779      0.0734022
    -126.6511735842208424      0.0558213
    -126.0478420085210871      0.0656810
    -125.4445080033479343      0.0514603
    -124.8411715687679617      0.0577013
    -124.2378327046813240      0.0766150
    -123.6344914111213029      0.0835816
    -123.0311476880878843      0.0968796
    -122.4278015355145186      0.0757217
    -121.8244529534344736      0.0927742
    -121.2211019418144815      0.0950710
    -120.6177485006212464      0.0839586
    -120.0143926298880501      0.1074413
    -119.4110343295483432      0.1086942
    -118.8076735996021114      0.1133966
    -118.2043104400493547      0.0973384
    -117.6009448508900874      0.0967439
    -116.9975768320577174      0.1152666
    -116.3942063835855407      0.1404009
    -115.7908335054069937      0.1250514
    -115.1874581975886400      0.1284185
    -114.5840804600306342      0.1304574
    -113.9807002927662580      0.1325928
    -113.3773176957954973      0.1357799
    -112.7739326690518027      0.1284953
    -112.1705452125684559      0.1434532
    -111.5671553262788649      0.1288904
    -110.9637630102163541      0.1371003
    -110.3603682643475992      0.1249981
    -109.7569710886726426      0.1365536
    -109.1535714831581743      0.1415019
    -108.5501694477709123      0.1293299
    -107.9467649825441384      0.1168553
    -107.3433580874445710      0.1169742
    -106.7399487624389280      0.1191346
    -106.1365370075272239      0.1209918
    -105.5331228227094300      0.1233309
    -104.9297062079189971      0.1158032
    -104.3262871632224886      0.1371680
    -103.7228656885200451      0.1360399
    -103.1194417838449766      0.1386382
    -102.5160154491972690      0.1342164
    -101.9125866845103303      0.1276829
    -101.3091554898174849      0.1154867
    -100.7057218650854225      0.1250527
    -100.1022858102808470      0.1256154
     -99.4988473254370973      0.1399155
     -98.8954064104875386      0.1281888
     -98.2919630654322276      0.1105794
     -97.6885172902711361      0.1099259
     -97.0850690850042639      0.1219008
     -96.4816184495650333      0.1247187
     -95.8781653839867545      0.1333553
     -95.2747098882361314      0.1084210
     -94.6712519622798823      0.1110320
     -94.0677916061512747      0.1232626
     -93.4643288197837876      0.1212387
     -92.8608636032106460      0.0996789
     -92.2573959563653005      0.1084144
     -91.6539258792810756      0.1184709
     -91.0504533719246183      0.1130536
     -90.4469784342627037      0.1152505
     -89.8435010662953175      0.1185780
     -89.2400212680224456      0.1168920
     -88.6365390394108061      0.1415352
     -88.0330543804604133      0.1131574
     -87.4295672911379711      0.1261546
     -86.8260777714101835      0.1094867
     -86.2225858213436425      0.1248872
     -85.6190914408385026      0.1186815
     -85.0155946299280174      0.1154587
     -84.4120953885789191      0.1201873
     -83.8085937167579260      0.1158828
     -83.2050896144983341      0.1226343
     -82.6015830817335370      0.1112051
     -81.9980741184968451      0.1165699
     -81.3945627247217089      0.1241799
     -80.7910489004413819      0.1201521
     -80.1875326456558639      0.1198390
     -79.5840139602653238      0.1372895
     -78.9804928443363110      0.1484057
     -78.3769692978022761      0.1534530
     -77.7734433206965008      0.1591488
     -77.1699149129524073      0.1567567
     -76.5663840746032633      0.1648911
     -75.9628508056158154      0.1678175
     -75.3593151059567816      0.1663246
     -74.7557769756261195      0.1717564
     -74.1522364145906039      0.1860707
     -73.5486934228834741      0.2050240
     -72.9451480004714483      0.2175127
     -72.3416001473212873      0.2193069
     -71.7380498633996666      0.2442099
     -71.1344971487398539      0.2526126
     -70.5309420033086241      0.2611095
     -69.9273844271059346      0.2666736
     -69.3238244200652218      0.2625456
     -68.7202619822197676      0.2602552
     -68.1166971135363184      0.2849925
     -67.5131298140148459      0.3022850
     -66.9095600836553359      0.2765054
     -66.3059879223912532      0.3025220
     -65.7024133302225977      0.3108963
     -65.0988363071826370      0.3112905
     -64.4952568532047934      0.3139962
     -63.8916749682890952      0.3328004
     -63.2880906524355211      0.3400803
     -62.6845039056107964      0.3431164
     -62.0809147277816464      0.3551398
     -61.4773231189813387      0.3444262
     -60.8737290791765915      0.3731655
     -60.2701326083341229      0.3884816
     -59.6665337064872290      0.3774143
     -59.0629323735360430      0.3972797
     -58.4593286095471356      0.4049650
     -57.8557224144872322      0.4234813
     -57.2521137883230296      0.4136589
     -56.6485027310545561      0.4254389
     -56.0448892425819380      0.4406349
     -55.4412733230383097      0.4333420
     -54.8376549723238327      0.4369179
     -54.2340341904717960      0.4462554
     -53.6304109774156075      0.4667459
     -53.0267853331552885      0.4729972
     -52.4231572576575502      0.4698661
     -51.8195267509556743      0.4755629
     -51.2158938130163719      0.4832290
     -50.6122584438396501      0.5041867
     -50.0086206433589382      0.5277508
     -49.4049804115742432      0.5355600
     -48.8013377485188400      0.5485412
     -48.1976926541261719      0.5903749
     -47.5940451284295065      0.6130601
     -46.9903951713622874      0.6380691
     -46.3867427829245145      0.6715622
     -45.7830879631494696      0.7114618
     -45.1794307119373002      0.7886704
     -44.5757710293545770      0.8283316
     -43.9721089153347293      0.8860808
     -43.3684443699110389      0.9614857
     -42.7647773929836674      1.0391108
     -42.1611079846524532      1.1579992
     -41.5574361447842620      1.2859762
     -40.9537618734789532      1.4601885
     -40.3500851706366603      1.6432800
     -39.7464060362574045      1.8792919
     -39.1427244703744535      2.1315756
     -38.5390404729212364      2.4310672
     -37.9353540438977745      2.7243874
     -37.3316651832707649      2.9337702
     -36.7279738910735034      3.0719817
     -36.1242801672726941      3.1384430
     -35.5205840118350693      3.1925199
     -34.9168854247606077      3.1659820
     -34.3131844060493307      3.0928309
     -33.7094809556346604      2.9545560
     -33.1057750735498786      2.7914526
     -32.5020667597617035      2.5968685
     -31.8983560142701350      2.3999486
     -31.2946428370418950      2.2559230
     -30.6909272280769763      2.1457431
     -30.0872091873753860      2.0416222
     -29.4834887148705498      1.9872483
     -28.8797658105624677      1.9759126
     -28.2760404744844323      1.9825356
     -27.6723127066031473      2.0164959
     -27.0685825068520565      2.0624225
     -26.4648498752644414      2.1111326
     -25.8611148118402916      2.2495146
     -25.2573773165130540      2.4107549
     -24.6536373893160068      2.5599930
     -24.0498950301825758      2.7392268
     -23.4461502391793388      2.8993928
     -22.8424030162064398      2.9924870
     -22.2386533612971604      2.9937451
     -21.6349012744182261      2.9466412
     -21.0311467555696261      2.8351135
     -20.4273898047180822      2.7012923
     -19.8236304218635873      2.6149428
     -19.2198686069728737      2.5443478
     -18.6161043600459237      2.4834833
     -18.0123376810827516      2.4599245
     -17.4085685700500612      2.4857056
     -16.8047970269478597      2.4705708
     -16.2010230517428653      2.5256915
     -15.5972466444017908      2.5536678
     -14.9934678049579180      2.5965307
     -14.3896865333779687      2.6392024
     -13.7859028296286521      2.7007401
     -13.1821166937432590      2.7302628
     -12.5783281256552186      2.7996161
     -11.9745371253645292      2.8727672
     -11.3707436928379124      2.9510136
     -10.7669478281086466      3.0551810
     -10.1631495311434517      3.1638410
      -9.5593488019090422      3.2958171
      -8.9555456404054183      3.4842176
      -8.3517400465992964      3.6867743
      -7.7479320205239599      3.9623179
      -7.1441215621128418      4.2813945
      -6.5403086713659437      4.6967263
      -5.9364933482832631      5.1485496
      -5.3326755928315182      5.6615691
      -4.7288554050107070      6.2386785
      -4.1250327847875479      6.9038787
      -3.5212077321953230      7.6605592
      -2.9173802471674661      8.4971695
      -2.3135503296706927      9.4560699
      -1.7097179797715711     10.4761333
      -1.1058831974035335     11.6823740
      -0.5020459825332957     13.0751104
       0.1017936648391417     14.6718721
       0.7056357446804952     16.2500648
       1.3094802570240480     17.6243305
       1.9133272020029355     18.7221489
       2.5171765794174559     19.4854202
       3.1210283894673099     19.3272152
       3.7248826320859307     17.7511559
       4.3287393072733193     14.9309359
       4.9325984150960416     11.8496380
       5.5364599555540979      9.1433983
       6.1403239286474900      7.1482172
       6.7441903343762153      5.7088637
       7.3480591728068418      4.6730475
       7.9519304438728033      3.8865454
       8.5558041476406679      3.2933311
       9.1596802841769982      2.7894163
       9.7635588534152316      2.3963392
      10.3674398553553679      2.0704710
      10.9713232901305382      1.7756802
      11.5752091576076115      1.5406361
      12.1790974579197204      1.3171000
      12.7829881910002978      1.1441892
      13.3868813569159144      0.9881054
      13.9907769555999959      0.8638241
      14.5946749871856820      0.7443950
      15.1985754516729745      0.6540846
      15.8024783489287337      0.5509089
      16.4063836791526612      0.4833306
      17.0102914422781950      0.4261661
      17.6142016383053353      0.3652795
      18.2181142672340712      0.3340395
      18.8220293291975516      0.2826080
      19.4259468240626347      0.2507187
      20.0298667518958879      0.2252647
      20.6337891127638784      0.2151850
      21.2377139066000389      0.1929072
      21.8416411334709402      0.1560964
      22.4455707933765787      0.1448080
      23.0495028863169544      0.1313817
      23.6534374123586346      0.1177383
      24.2573743715016192      0.1054454
      24.8613137636793482      0.0846293
      25.4652555889583780      0.0762396
      26.0691998474052831      0.0901430
      26.6731465390200562      0.0703600
      27.2770956637361373      0.0715492
      27.8810472216200900      0.0646148
      28.4850012127384886      0.0542147
      29.0889576369581846      0.0467632
      29.6929164944788901      0.0419687
      30.2968777851674709      0.0233089
      30.9008415091570576      0.0262966
      31.5048076663810832      0.0406159
      32.1087762569061184      0.0322805
      32.7127472806655959      0.0335337
      33.3167207377260723      0.0259196
      33.9206966281541327      0.0427192
      34.5246749518831919      0.0211373
      35.1286557089132643      0.0259165
      35.7326388993774771      0.0163914
      36.3366245231426959      0.0065034
      36.9406125803420551      0.0137429
      37.5446030709755547      0.0223215
      38.1485959949766311      0.0012802
      38.7525913524118621      0.0084719
      39.3565891433477901      0.0099483
      39.9605893677178514      0.0021562
      40.5645920255220673      0.0060898
      41.1685971168935581      0.0286578
      41.7726046416991892      0.0242537
      42.3766146000720951      0.0110406
      42.9806269919457122      0.0065642
      43.5846418173866041      0.0194693
      44.1886590764613416      0.0201904
      44.7926787690367902      0.0243200
      45.3967008952460844      0.0306925
      46.0007254550226463      0.0238126
      46.6047524484330538      0.0072950
      47.2087818755438775      0.0151894
      47.8128137362885468      0.0059891
      48.4168480306670546      0.0007422
      49.0208847587459715      0.0050781
      49.6249239205253048      0.0117871
      50.2289655160050472      0.0088089
      50.8330095451852060      0.0102876
      51.4370560081323376      0.0018935
      52.0411049048464420      0.0031757
      52.6451562353275264      0.0059300
      53.2492099996421686      0.0013252
      53.8532661976572129      0.0149889
      54.4573248295723644      0.0118720
      55.0613858952545030      0.0121386
      55.6654493948367559     -0.0011759
      56.2695153282525524     -0.0057218
      56.8735836955684562     -0.0014058
      57.4776544967179177      0.0080833
      58.0817277318340430     -0.0108968
      58.6858034008502969      0.0062177
      59.2898815037666509      0.0006539
      59.8939620406496900      0.0023081
      60.4980450115659849     -0.0064212
      61.1021304163823800     -0.0113484
      61.7062182551654601     -0.0075804
      62.3103085280483597     -0.0083616
      62.9144012348979373     -0.0014473
      63.5184963757807566      0.0028499
      64.1225939506968245     -0.0033922
      64.7266939597127191      0.0063237
      65.3307964027618482     -0.0081870
      65.9349012799773675     -0.0051067
      66.5390085912926992     -0.0098933
      67.1431183367078432      0.0015011
      67.7472305162227997     -0.0014704
      68.3513451299707100     -0.0015384
      68.9554621778184327      0.0034201
      69.5595816598991092      0.0127330
      70.1637035761461760     -0.0022324
      70.7678279266261825     -0.0033826
      71.3719547113391286      0.0021338
      71.9760839302850428      0.0002188
      72.5802155834638967     -0.0092565
      73.1843496709422681     -0.0007844
      73.7884861927201570      0.0067043
      74.3926251487975492     -0.0090715
      74.9967665391744873     -0.0043148
      75.6009103638509146     -0.0231991
      76.2050566229600150      0.0052879
      76.8092053163686046     -0.0063416
      77.4133564441433037      0.0013383
      78.0175100062840841     -0.0078337
      78.6216660029240728     -0.0162769
      79.2258244339301427     -0.0066564
      79.8299852993688859     -0.0108652
      80.4341485992402596     -0.0085452
      81.0383143335442924     -0.0010969
      81.6424825024140972     -0.0092056
      82.2466531057165753      0.0083697
      82.8508261435182618     -0.0034450
      83.4550016158857346     -0.0039094
      84.0591795227524301     -0.0088834
      84.6633598641849119     -0.0008846
      85.2675426402497436     -0.0098186
      85.8717278508137838     -0.0117266
      86.4759154960101881     -0.0070463
      87.0801055757723788     -0.0055663
      87.6842980901669193     -0.0031625
      88.2884930392603877     -0.0031492
      88.8926904229861918     -0.0078399
      89.4968902413443743     -0.0146735
      90.1010924944014562      0.0082998
      90.7052971821574801      0.0139158
      91.3095043046124033      0.0035755
      91.9137138618328180      0.0135439
      92.5179258537521463      0.0049904
      93.1221402805035439     -0.0004981
      93.7263571419538692      0.0068343
      94.3305764382362355     -0.0102072
      94.9347981692840932     -0.0130250
      95.5390223351640202     -0.0061591
      96.1432489358759739      0.0006717
      96.7474779714199968     -0.0160296
      97.3517094418626527      0.0031618
      97.9559433471373495     -0.0090775
      98.5601796873106650     -0.0005898
      99.1644184624491913     -0.0078511
      99.7686596724197585     -0.0032405
     100.3729033173555081     -0.0102954
     100.9771493972564684     -0.0045939
     101.5813979121225969     -0.0057277
     102.1856488619539363      0.0028453
     102.7899022467504437     -0.0033536
     103.3941580666452751     -0.0006633
     103.9984163214387536      0.0003050
     104.6026770113305417     -0.0071796
     105.2069401363206396     -0.0071137
     105.8112056963425118     -0.0048282
     106.4154736913961443      0.0092283
     107.0197441216146643      0.0070210
     107.6240169869314940     -0.0123951
     108.2282922873466759     -0.0112558
     108.8325700228601676     -0.0220490
     109.4368501936051246     -0.0160812
     110.0411327995149691      0.0030979
     110.6454178405896869      0.0189460
     111.2497053168293206      0.0067403
     111.8539952283669692      0.0018628
     112.4582875750695052      0.0017112
     113.0625823570035067     -0.0021899
     113.6668795742355371      0.0001339
     114.2711792266990187      0.0094131
     114.8754813144605436      0.0031320
     115.4797858375866468     -0.0034126
     116.0840927959442013      0.0003896
     116.6884021896663768     -0.0137964
     117.2927140187531165     -0.0037928
     117.8970282832044774     -0.0058433
     118.5013449830204024     -0.0090251
     119.1056641182009486      0.0076721
     119.7099856888126368      0.0246987
     120.3143096948554955      0.0014855
     120.9186361363295106      0.0060901
     121.5229650132346819     -0.0079647
     122.1272963255710238     -0.0070292
     122.7316300734716634      0.0052853
     123.3359662568034594     -0.0034446
     123.9403048756329611     -0.0063127
     124.5446459300267890     -0.0116206
     125.1489894199183368     -0.0018228
     125.7533353454407461     -0.0088128
     126.3576837064608895      0.0045788
     126.9620345030453166      0.0068511
     127.5663877352606050      0.0056050
     128.1707434031067692     -0.0078338
     128.7751015065837805     -0.0004171
     129.3794620456251039      0.0029812
     129.9838250203638381     -0.0154439
     130.5881904308000117     -0.0130725
     131.1925582769336245     -0.0035867
     131.7969285586980845     -0.0124325
     132.4013012762265475      0.0100433
     133.0056764294524498     -0.0096988
     133.6100540184423551     -0.0031703
     134.2144340431962348      0.0071044
     134.8188165037141175      0.0127332
     135.4232014000625668     -0.0029185
     136.0275887321750474      0.0026583
     136.6319785000514742     -0.0068532
     137.2363707038250595      0.0165872
     137.8407653434292115     -0.0065062
     138.4451624189304653      0.0204629
     139.0495619302623140     -0.0140861
     139.6539638774912646     -0.0051636
     140.2583682606174023     -0.0034267
     140.8627750797071769      0.0004213
     141.4671843346941102      0.0041286
     142.0715960256447374      0.0035122
     142.6760101525590869      0.0015499
     143.2804267154371303     -0.0043996
     143.8848457143454311     -0.0008407
     144.4892671492839895      0.0064051
     145.0936910201862702     -0.0037598
     145.6981173271187799      0.0066902
     146.3025460701481393      0.0003116
     146.9069772492077846     -0.0134204
     147.5114108643642510      0.0066727
     148.1158469156175670     -0.0024103
     148.7202854030342394     -0.0116065
     149.3247263264811977      0.0030655
     149.9291696861581613     -0.0088108
     150.5336154819319177     -0.0036301
     151.1380637139356509      0.0110728
     151.7425143821027973      0.0039628
     152.3469674864333285     -0.0162639
     152.9514230270604003     -0.0125994
     153.5558810038508568      0.0091529
     154.1603414168713186      0.0069623
     154.7648042661882926     -0.0023716
     155.3692695517352433     -0.0058640
     155.9737372735787346     -0.0098316
     156.5782074317853301      0.0003152
     157.1826800262884376      0.0021422
     157.7871550570880856      0.0100182
     158.3916325242508663     -0.0187630
     158.9961124277767510     -0.0118939
     159.6005947676656831     -0.0054216
     160.2050795439843398      0.0047642
     160.8095667566660723     -0.0057514
     161.4140564057775009      0.0001423
     162.0185484913851610     -0.0018821
     162.6230430133558968     -0.0094697
     163.2275399718228641      0.0025144
     163.8320393667861197     -0.0067130
     164.4365411982455782     -0.0079424
     165.0410454662012683      0.0141468
     165.6455521707197818     -0.0092497
     166.2500613117345267     -0.0157909
     166.8545728893120952     -0.0148886
     167.4590869034524303     -0.0071035
     168.0636033541555889     -0.0160564
     168.6681222414881347     -0.0072646
     169.2726435654500392      0.0124119
     169.8771673260413024     -0.0114052
     170.4816935232619528     -0.0179167
     171.0862221571119619      0.0081454
     171.6907532276579218     -0.0003718
     172.2952867348998325      0.0154237
     172.8998226787711019      0.0014686
     173.5043610594714494     -0.0156929
     174.1089018768011556     -0.0036152
     174.7134451309599683      0.0164223
     175.3179908218146750      0.0013553
     175.9225389494984881      0.0056648
     176.5270895139448157      0.0072444
     177.1316425151536293      0.0110150
     177.7361979532580847      0.0049142
     178.3407558281250544     -0.0087586
     178.9453161398876659     -0.0093909
     179.5498788884793555     -0.0093208
     180.1544440739666868      0.0070183
     180.7590116963496314     -0.0222433
     181.3635817556948098     -0.0082673
     181.9681542518690662      0.0093297
     182.5727291850054996      0.0148073
     183.1773065551041668     -0.0117797
     183.7818863622316314      0.0093145
     184.3864686062547094      0.0083453
     184.9910532873065563      0.0003998
     185.5956404053206086     -0.0055465
     186.2002299604300219     -0.0135171
     186.8048219525682327     -0.0265757
     187.4094163817352126      0.0014519
     188.0140132479974966     -0.0159604
     188.6186125512885781      0.0034366
     189.2232142917415842      0.0216375
     189.8278184692899231      0.0110644
     190.4324250839335946      0.0141738
     191.0370341357391624      0.0066807
     191.6416456247066833     -0.0112626
     192.2462595509026642     -0.0022907
     192.8508759141939777     -0.0056261
     193.4554947147803716     -0.0085113
     194.0601159525286334     -0.0081886
     194.6647396275053836      0.0026978
     195.2693657397106222     -0.0027844
     195.8739942892108843     -0.0050157
     196.4786252759396348     -0.0065662
     197.0832587000300009      0.0087640
     197.6878945614154190      0.0146531
     198.2925328600959176      0.0079679
     198.8971735960714113     -0.0184155
     199.5018167694750844     -0.0138029
     200.1064623801738094     -0.0076132
     200.7111104283007137      0.0077824
     201.3157609137892337     -0.0040251
     201.9204138367059329     -0.0149054
     202.5250691970508115     -0.0078972
     203.1297269948238693     -0.0017279
     203.7343872300251064      0.0053766
     204.3390499027211149     -0.0028453
     204.9437150129118663     -0.0028779
     205.5483825605973323     -0.0088704
     206.1530525457775411      0.0032890
     206.7577249684525214     -0.0019932
     207.3623998287553718     -0.0076290
     207.9670771265529936      0.0008960
     208.5717568619119220      0.0162203
     209.1764390348987206      0.0003740
     209.7811236454468258     -0.0003693
     210.3858106936228296      0.0046402
     210.9905001794266752      0.0127078
     211.5951921028584479      0.0095422
     212.1998864639846829     -0.0016162
     212.8045832628053233      0.0045860
     213.4092824992538624     -0.0037867
     214.0139841734634274      0.0022301
     214.6186882853008626     -0.0022062
     215.2233948349658874      0.0028094
     215.8281038223253461      0.0150485
     216.4328152474458307     -0.0065411
     217.0375291103939048     -0.0052803
     217.6422454111029765     -0.0128604
     218.2469641495731025     -0.0014022
     218.8516853259373534     -0.0037531
     219.4564089401291938      0.0146460
     220.0611349921486237     -0.0074143
     220.6658634819955864      0.0106605
     221.2705944098033228     -0.0136608
     221.8753277754386488      0.0006613
     222.4800635790346348      0.0108710
     223.0848018205248309     -0.0088752
     223.6895424999091517      0.0064791
     224.2942856173207815      0.0017464
     224.8990311726930997      0.0027105
     225.5037791660261348      0.0053334
     226.1085295973864504      0.0008382
     226.7132824667075113      0.0048275
     227.3180377740558527      0.0016353
     227.9227955194980382      0.0120442
     228.5275557029675042      0.0086449
     229.1323183245308428      0.0036003
     229.7370833841879971      0.0022541
     230.3418508819390524      0.0087585
     230.9466208177839235     -0.0008560
     231.5513931917226955     -0.0056226
     232.1561680038883821      0.0178566
     232.7609452541479982      0.0041845
     233.3657249426345572     -0.0003139
     233.9705070692815241     -0.0015846
     234.5752916341554908      0.0017019
     235.1800786371898937      0.0116845
     235.7848680785178317     -0.0106792
     236.3896599580727695     -0.0026377
     236.9944542759212709      0.0071270
     237.5992510319967437     -0.0068020
     238.2040502264323436      0.0016589
     238.8088518590949150     -0.0060078
     239.4136559301176419     -0.0177847
     240.0184624395004676     -0.0063638
     240.6232713872434203      0.0110960
     241.2280827732799366     -0.0012095
     241.8328965977431153      0.0135268
     242.4377128606330132      0.0025495
     243.0425315618830098      0.0030457
     243.6473527016262892      0.0027344
     244.2521762797296674     -0.0116432
     244.8570022963263000     -0.0001351
     245.4618307514161870      0.0011227
     246.0666616449327933      0.0014091
     246.6714949770091891     -0.0026755
     247.2763307475122758     -0.0122568
     247.8811689566417726     -0.0021462
     248.4860096042645523     -0.0023748
     249.0908526904470932     -0.0161023
     249.6956982151895090     -0.0071853
     250.3005461785582781     -0.0130454
     250.9053965805534574     -0.0055709
     251.5102494211084547     -0.0049560
     252.1151047002898622     -0.0064615
     252.7199624181642150      0.0021403
     253.3248225746649496      0.0025555
     253.9296851698586579      0.0000156
     254.5345502038118752      0.0142107
     255.1394176763914743     -0.0124719
     255.7442875876641040      0.0069098
     256.3491599376961858      0.0057241
     256.9540347264878051      0.0002526
     257.5589119541055538      0.0046703
     258.1637916204161911      0.0061653
     258.7686737255529579     -0.0123839
     259.3735582695158541     -0.0150076
     259.9784452522382594     -0.0269743
     260.5833346738533010     -0.0023292
     261.1882265342944152     -0.0016502
     261.7931208336282225     -0.0020208
     262.3980175718547230     -0.0109612
     263.0029167489738597     -0.0019315
     263.6078183649856328     -0.0076099
     264.2127224198900421     -0.0019283
     264.8176289138203288     -0.0053360
     265.4225378466431948      0.0074773
     266.0274492184253177     -0.0000754
     266.6323630292332609     -0.0049355
     267.2372792790669678     -0.0000872
     267.8421979678599314      0.0044172
     268.4471190957452222      0.0037619
     269.0520426625897699      0.0071646
     269.6569686685932083      0.0127116
     270.2618971136224673     -0.0070785
     270.8668279976775466     -0.0119180
     271.4717613209580804     -0.0004897
     272.0766970832644347     -0.0009326
     272.6816352847297367      0.0291301
     273.2865759253539295      0.0161739
     273.8915190051370132      0.0142005
     274.4964645240791015     -0.0078713
     275.1014124822467011      0.0106987
     275.7063628796396983      0.0026632
     276.3113157161917002     -0.0007081
     276.9162709920357770      0.0023508
     277.5212287071053083      0.0057260
     278.1261888614669715      0.0075958
     278.7311514550540323     -0.0060734
     279.3361164879997887      0.0099806
     279.9410839602376200      0.0220209
     280.5460538717674694      0.0020232
     281.1510262226559576      0.0019165
     281.7560010129031411      0.0101454
     282.3609782425089065      0.0165633
     282.9659579115398174      0.0045583
     283.5709400199294237      0.0149501
     284.1759245677441754      0.0072454
     284.7809115549842431      0.0053439
     285.3859009817159631      0.0128041
     285.9908928478063217      0.0162209
     286.5958871534550667     -0.0027932
     287.2008838985290140      0.0044637
     287.8058830831612340      0.0019636
     288.4108847072852768      0.0002646
     289.0158887709675923     -0.0073495
     289.6208952741417306      0.0084984
     290.2259042169407621      0.0059921
     290.8309155992981232     -0.0034792
     291.4359294212138138     -0.0069896
     292.0409456827543977     -0.0011464
     292.6459643839198748      0.0020837
     293.2509855247102450      0.0032764
     293.8560091051255654     -0.0056005
     294.4610351252322857      0.0025984
     295.0660635850305766      0.0061329
     295.6710944845202107      0.0002472
     296.2761278237013585     -0.0122960
     296.8811636026405836     -0.0120630
     297.4862018212712655      0.0069506
     298.0912424797264748     -0.0117516
     298.6962855778732546     -0.0005105
     299.3013311158446186      0.0098120
     299.9063790935739462      0.0008267
     300.5114295111944784      0.0138514
     301.1164823685730880      0.0040654
     301.7215376657762818      0.0099952
     302.3265954028706233      0.0089879
     302.9316555798561126      0.0050961
     303.5367181967328065     -0.0002598
     304.1417832535006482     -0.0045198
     304.7468507501596946      0.0148976
     305.3519206867764524     -0.0068803
     305.9569930632843580     -0.0020950
     306.5620678798166523      0.0027713
     307.1671451363066012      0.0013116
     307.7722248327543753      0.0019993
     308.3773069692263107     -0.0116721
     308.9823915457226917     -0.0162780
     309.5874785622432910     -0.0196359
     310.1925680187882222      0.0073277
     310.7976599154906125      0.0055084
     311.4027542521507144      0.0004245
     312.0078510289682185     -0.0029056
     312.6129502458766751     -0.0150745
     313.2180519029425341     -0.0248122
     313.8231560000992886      0.0137575
     314.4282625374133886      0.0109027
     315.0333715149515683      0.0081392
     315.6384829326472072     -0.0109609
     316.2435967905002485     -0.0227241
     316.8487130885773126     -0.0070236
     317.4538318268783428      0.0128745
     318.0589530054034526      0.0040832
     318.6640766242190921     -0.0000839
     319.2692026833252612      0.0123189
     319.8743311826555100      0.0079695
     320.4794621223429090      0.0215914
     321.0845955023208376      0.0157889
     321.6897313225893527      0.0095148
     322.2948695832149610      0.0130868
     322.9000102842643400      0.0124992
     323.5051534256043055      0.0035644
     324.1102990073679280      0.0008740
     324.7154470295552642     -0.0100802
     325.3205974921663142     -0.0136846
     325.9257503951345711      0.0014714
     326.5309057385930487     -0.0015997
     327.1360635225418036      0.0196512
     327.7412237469807792      0.0098572
     328.3463864118435254     -0.0057438
     328.9515515172631126      0.0080105
     329.5567190631729204      0.0035748
     330.1618890496396261     -0.0055738
     330.7670614766631729      0.0083273
     331.3722363441769971     -0.0112484
     331.9774136523807897      0.0078003
     332.5825934010748597      0.0293258
     333.1877755904588980      0.0101528
     333.7929602204663411     -0.0120576
     334.3981472910306820     -0.0088132
     335.0033368023514981      0.0120508
     335.6085287542957190     -0.0014367
     336.2137231469299650      0.0037385
     336.8189199802541793      0.0005705
     337.4241192542683621     -0.0086295
     338.0293209690391336     -0.0269072
     338.6345251244998167     -0.0049280
     339.2397317207836522     -0.0200856
     339.8449407578240198      0.0057846
     340.4501522356208625      0.0117264
     341.0553661542409145     -0.0022358
     341.6605825136840622     -0.0018541
     342.2658013139502486      0.0031404
     342.8710225551062081      0.0187545
     343.4762462370852063      0.0107223
     344.0814723599539207      0.0099580
     344.6867009236457307      0.0024357
     345.2919319282938204     -0.0078693
     345.8971653738981900      0.0021695
     346.5024012603921619      0.0037737
     347.1076395878424137     -0.0070843
     347.7128803562488883     -0.0109856
     348.3181235656115859     -0.0136877
     348.9233692159971838      0.0062802
     349.5286173074055114      0.0056505
     350.1338678398366824      0.0040008
     350.7391208132906968      0.0102325
     351.3443762277674978      0.0083341
     351.9496340833337058      0.0126673
     352.5548943799893209     -0.0157315
     353.1601571177341725     -0.0087309
     353.7654222966351085      0.0001684
     354.3706899166253947      0.0075013
     354.9759599777715948      0.0086907
     355.5812324800072020      0.0078874
     356.1865074234654003      0.0125230
     356.7917848081460193     -0.0017816
     357.3970646339826089      0.0036649
     358.0023469010416761      0.0154645
     358.6076316093898981      0.0114810
     359.2129187588940340     -0.0024954
     359.8182083496872110     -0.0017470
     360.4235003817695429      0.0020365
     361.0287948550743522      0.0023713
     361.6340917697348232      0.0110532
     362.2393911257509558     -0.0088108
     362.8446929230561295     -0.0015892
     363.4499971617169649      0.0142523
     364.0553038417334619      0.0160207
     364.6606129631056774      0.0029515
     365.2659245259000613      0.0001348
     365.8712385301166137     -0.0017849
     366.4765549756888845     -0.0073046
     367.0818738627498874     -0.0145739
     367.6871951912996792      0.0037568
     368.2925189612716963      0.0101993
     368.8978451726659387      0.0001164
     369.5031738256155336     -0.0061378
     370.1085049201204811     -0.0042064
     370.7138384560476538     -0.0101800
     371.3191744335967428     -0.0017006
     371.9245128527011843     -0.0105069
     372.5298537132943579     -0.0160589
     373.1351970155761251      0.0019505
     373.7405427593466243      0.0142143
     374.3458909448056033      0.0000711
     374.9512415718864418     -0.0122608
     375.5565946405893101      0.0095140
     376.1619501509806014     -0.0028398
     376.7673081029938089     -0.0028403
     377.3726684967621168      0.0092547
     377.9780313321523408     -0.0080288
     378.5833966093641152      0.0021101
     379.1887643281978626      0.0058895
     379.7941344888532171      0.0021365
     380.3995070912636720      0.0005644
     381.0048821354291135     -0.0089604
     381.6102596213496554     -0.0035394
     382.2156395490918044      0.0148532
     382.8210219187221242      0.0150719
     383.4264067301074874      0.0051935
     384.0317939833811351     -0.0048140
     384.6371836785428400     -0.0112512
     385.2425758155262656      0.0025842
     385.8479703944643688      0.0052581
     386.4533674152907565      0.0161673
     387.0587668780052581      0.0066581
     387.6641687826745510      0.0087876
     388.2695731292985784     -0.0065318
     388.8749799179439606      0.0074987
     389.4803891485440772     -0.0004999
     390.0858008210989283      0.0044770
     390.6912149356750774     -0.0051916
     391.2966314923392019     -0.0060355
     391.9020504909580609      0.0118887
     392.5074719317313452      0.0034214
     393.1128958145259276     -0.0090881
     393.7183221393418648      0.0188876
     394.3237509063788480      0.0081878
     394.9291821154371291     -0.0031642
     395.5346157666498925      0.0237612
     396.1400518600836449      0.0243011
     396.7454903956053158      0.0032377
     397.3509313732814690     -0.0040353
     397.9563747931785542     -0.0033187
     398.5618206552967990     -0.0024560
     399.1672689596359760     -0.0005126
     399.7727197061961419      0.0225079
     400.3781728949774674      0.0135255
     400.9836285260462887      0.0069132
     401.5890865994027195     -0.0114780
     402.1945471150467597      0.0093890
     402.8000100729784094      0.0030869
     403.4054754732641186      0.0020710
     404.0109433159040577      0.0072006
     404.6164136008316632      0.0072440
     405.2218863281798349     -0.0032244
     405.8273614978822934     -0.0187590
     406.4328391100054318     -0.0216947
     407.0383191644827434     -0.0020128
     407.6438016614473554     -0.0108016
     408.2492866008326473     -0.0111369
     408.8547739827052965      0.0092831
     409.4602638069986256     -0.0184017
     410.0657560737792551     -0.0013819
     410.6712507831137486     -0.0176260
     411.2767479349355426     -0.0042268
     411.8822475292446939     -0.0132271
     412.4877495661742159     -0.0094213
     413.0932540455909816     -0.0089348
     413.6987609676282887     -0.0139453
     414.3042703322193461      0.0039993
     414.9097821394309449     -0.0235991
     415.5152963892629145     -0.0105940
     416.1208130817152551     -0.0085956
     416.7263322168547006     -0.0075488
     417.3318537946145170     -0.0202311
     417.9373778150613248      0.0079073
     418.5429042782616307     -0.0081482
     419.1484331840824780     -0.0086193
     419.7539645326568234     -0.0092103
     420.3594983239847807     -0.0025629
     420.9650345580662929     -0.0124688
     421.5705732349013601      0.0043750
     422.1761143544899255     -0.0241081
     422.7816579168987232     -0.0082312
     423.3872039221275827     -0.0213542
     423.9927523701766745     -0.0025330
     424.5983032610457713     -0.0243866
     425.2038565948016640     -0.0218289
     425.8094123713776185     -0.0055449
     426.4149705909068757     -0.0157846
     427.0205312532562516     -0.0003598
     427.6260943585588734      0.0011843
     428.2316599068147980     -0.0063755
     428.8372278979573480      0.0017524
     429.4427983321198212      0.0131752
     430.0483712092355404      0.0158910
     430.6539465293045055      0.0180276
     431.2595242924599006      0.0030495
     431.8651044985685417      0.0026327
     432.4706871476969923     -0.0166143
     433.0762722399118161     -0.0031269
     433.6818597751465063     -0.0244568
     434.2874497534676266     -0.0095257
     434.8930421749416837      0.0009440
     435.4986370394356072     -0.0018940
     436.1042343471490312      0.0014935
     436.7098340978823217     -0.0109609
     437.3154362918351126     -0.0034071
     437.9210409289408972     -0.0066417
     438.5266480092661823     -0.0132568
     439.1322575327444611     -0.0181103
     439.7378694994422972     -0.0009818
     440.3434839093596338      0.0084606
     440.9491007624964709      0.0019808
     441.5547200589194290      0.0031870
     442.1603417985620013      0.0057830
     442.7659659815571445     -0.0021694
     443.3715926078384655     -0.0127512
     443.9772216774057938     -0.0070337
     444.5828531902592999     -0.0144862
     445.1884871465320543     -0.0212202
     445.7941235461574365      0.0032128
     446.3997623891355033      0.0103697
     447.0054036754661979      0.0003897
     447.6110474052161976      0.0062131
     448.2166935784520092      0.0084740
     448.8223421950404486      0.0060432
     449.4279932551146430      0.0026662
     450.0336467586080857     -0.0021365
     450.6393027055873972     -0.0105625
     451.2449610961190842      0.0040005
     451.8506219300699627      0.0005157
     452.4562852075732167     -0.0094921
     453.0619509286288462     -0.0005848
     453.6676190932368513     -0.0077282
     454.2732897013972320      0.0239225
     454.8789627531765518      0.0083705
     455.4846382485082472     -0.0006360
     456.0903161874588818     -0.0223129
     456.6959965700283988      0.0046304
     457.3016793962169118      0.0195407
     457.9073646660909844      0.0094002
     458.5130523795838826      0.0159956
     459.1187425368289041      0.0210839
     459.7244351376929217      0.0131279
     460.3301301823088920      0.0145835
     460.9358276706770425      0.0030494
     461.5415276027972027      0.0052707
     462.1472299786694293     -0.0050100
     462.7529347982937793     -0.0120696
     463.3586420616701957     -0.0019628
     463.9643517689318060     -0.0114510
     464.5700639199454258     -0.0127885
     465.1757785147777895      0.0179358
     465.7814955534952901      0.0041873
     466.3872150360314777      0.0047493
     466.9929369624528590      0.0218774
     467.5986613328259978      0.0010029
     468.2043881470178235      0.0020059
     468.8101174051613498      0.0006180
     469.4158491072566903     -0.0034643
     470.0215832533038451     -0.0102843
     470.6273198433027005     -0.0039148
     471.2330588772533702     -0.0136775
     471.8388003552223608     -0.0113952
     472.4445442772097294      0.0100220
     473.0502906432154191      0.0210906
     473.6560394532394866      0.0024740
     474.2617907073483821      0.0147759
     474.8675444055422759     -0.0021622
     475.4733005477544339      0.0121910
     476.0790591341180971     -0.0010893
     476.6848201645667018     -0.0028592
     477.2905836391001912      0.0034501
     477.8963495578517495      0.0144712
     478.5021179206881925      0.0199016
     479.1078887277426475     -0.0061399
     479.7136619790151713      0.0088040
     480.3194376744391434      0.0082048
     480.9252158140812412     -0.0050545
     481.5309963979412942     -0.0019892
     482.1367794260860364      0.0146888
     482.7425648984488475      0.0004961
     483.3483528150961774     -0.0006217
     483.9541431760281398     -0.0152095
     484.5599359813112983     -0.0177399
     485.1657312308790893     -0.0000648
     485.7715289247980195     -0.0094142
     486.3773290630015822     -0.0117389
     486.9831316456229047      0.0061127
     487.5889366726619301      0.0005445
     488.1947441440521516     -0.0033577
     488.8005540597935124      0.0002813
