Scan:     21      HS0058+4213 2015-10-21 +02 12 01.0
         OPTICAL                 Tb    
        km/s-LSR                 XX
    -522.5148566676751898     -0.0031195
    -521.9131189242052642      0.0049602
    -521.3113787610139980      0.0150610
    -520.7096361779018707     -0.0065890
    -520.1078911750017824      0.0036384
    -519.5061437522473398     -0.0086696
    -518.9043939095719224      0.0008625
    -518.3026416470420372      0.0129654
    -517.7008869645579807      0.0053991
    -517.0991298622193426     -0.0117589
    -516.4973703399266469     -0.0105136
    -515.8956083976795526     -0.0013095
    -515.2938440355114835      0.0020945
    -514.6920772533226227      0.0019050
    -514.0903080511461667     -0.0096282
    -513.4885364289490326     -0.0013358
    -512.8867623867974999      0.0034033
    -512.2849859245252446      0.0169403
    -511.6832070422655079     -0.0010545
    -511.0814257399516691     -0.0150319
    -510.4796420175171079     -0.0200581
    -509.8778558749951912     -0.0140177
    -509.2760673123525521     -0.0019024
    -508.6742763296558678     -0.0115381
    -508.0724829267385871     -0.0022877
    -507.4706871037338942      0.0134845
    -506.8688888605086618      0.0062578
    -506.2670881971295671      0.0097855
    -505.6652851135963829     -0.0013485
    -505.0634796097761523     -0.0063869
    -504.4616716858019458     -0.0047885
    -503.8598613415073260     -0.0163857
    -503.2580485770588439      0.0038172
    -502.6562333922565813     -0.0183145
    -502.0544157872338360      0.0035880
    -501.4525957618906773      0.0058233
    -500.8507733161939086     -0.0099125
    -500.2489484502432902      0.0028703
    -499.6471211638724412     -0.0098111
    -499.0452914572144891     -0.0085468
    -498.4434593301363066     -0.0132197
    -497.8416247827377106     -0.0079999
    -497.2397878149188841     -0.0118767
    -496.6379484266133204      0.0104557
    -496.0361066179540330      0.0057223
    -495.4342623888079515     -0.0064136
    -494.8324157392416396     -0.0108338
    -494.2305666691884767      0.0075439
    -493.6287151786485765     -0.0125738
    -493.0268612676218822     -0.0196788
    -492.4250049360417734     -0.0155942
    -491.8231461839748704     -0.0030495
    -491.2212850113212994     -0.0023676
    -490.6194214181476809     -0.0138058
    -490.0175554043208308      0.0116630
    -489.4156869700071297     -0.0097030
    -488.8138161150402539     -0.0066150
    -488.2119428394534566     -0.0160392
    -487.6100671432466811     -0.0108518
    -487.0081890263534206     -0.0110282
    -486.4063084888402386      0.0055666
    -485.8044255306072046      0.0207574
    -485.2025401517543628      0.0100362
    -484.6006523521483018      0.0005095
    -483.9987621318225592     -0.0104634
    -483.3968694907769645      0.0011566
    -482.7949744289450678      0.0078229
    -482.1930769463933757     -0.0138073
    -481.5911770429887042     -0.0072320
    -480.9892747188642943     -0.0028185
    -480.3873699739535255     -0.0087770
    -479.7854628081565806     -0.0069799
    -479.1835532215399098     -0.0038648
    -478.5816412140703733     -0.0013282
    -477.9797267857479142      0.0054166
    -477.3778099365059120      0.0026655
    -476.7758906664111009      0.0161175
    -476.1739689753634366      0.0155336
    -475.5720448634295394      0.0011250
    -474.9701183305761560     -0.0116520
    -474.3681893767035262      0.0148472
    -473.7662580019113534      0.0017296
    -473.1643242060997636      0.0076769
    -472.5623879893022377     -0.0173406
    -471.9604493514852948     -0.0102538
    -471.3585082926823020      0.0016815
    -470.7565648128266957      0.0157627
    -470.1546189118519123      0.0082029
    -469.5526705898577688     -0.0098953
    -468.9507198467444482      0.0040924
    -468.3487666825784572      0.0033383
    -467.7468110972600925      0.0017842
    -467.1448530908224370      0.0158912
    -466.5428926632656612     -0.0059277
    -465.9409298145230878     -0.0060034
    -465.3389645446280269      0.0125290
    -464.7369968534807185      0.0054629
    -464.1350267412141193     -0.0015068
    -463.5330542076619622     -0.0034112
    -462.9310792529240075      0.0028396
    -462.3291018769670586     -0.0036184
    -461.7271220796578746      0.0085688
    -461.1251398611630066      0.0074002
    -460.5231552212825932     -0.0199921
    -459.9211681601831856     -0.0085999
    -459.3191786776982894     -0.0008855
    -458.7171867739611457     -0.0093224
    -458.1151924488384566     -0.0134973
    -457.5131957022970255      0.0007001
    -456.9111965344367263      0.0070142
    -456.3091949451576852     -0.0006722
    -455.7071909344932124      0.0032153
    -455.1051845023766305     -0.0068697
    -454.5031756488746737     -0.0040760
    -453.9011643738873545      0.0016450
    -453.2991506774147297     -0.0019999
    -452.6971345595233629     -0.0050243
    -452.0951160200468166     -0.0096111
    -451.4930950591515852     -0.0072748
    -450.8910716766378641      0.0048360
    -450.2890458726720908      0.0102488
    -449.6870176471544482      0.0003775
    -449.0849869999851194      0.0180084
    -448.4829539312971747      0.0174688
    -447.8809184409907971      0.0086428
    -447.2788805290991831      0.0211585
    -446.6768401955226295     -0.0061280
    -446.0747974403608964     -0.0028809
    -445.4727522635141668      0.0049086
    -444.8707046650156940     -0.0051505
    -444.2686546448321678      0.0020405
    -443.6666022029303917      0.0031983
    -443.0645473393435623     -0.0129873
    -442.4624900539718624     -0.0098088
    -441.8604303469152228      0.0042165
    -441.2583682180736560      0.0022494
    -440.6563036674805289      0.0000996
    -440.0542366951025315     -0.0063929
    -439.4521673008731000      0.0027543
    -438.8500954848921083      0.0032999
    -438.2480212470263723      0.0130038
    -437.6459445873425125      0.0015617
    -437.0438655057739084      0.0097671
    -436.4417840023539270      0.0075692
    -435.8397000770824548      0.0038512
    -435.2376137298264211      0.0146776
    -434.6355249607190103      0.0095424
    -434.0334337696269245     -0.0031529
    -433.4313401566169546     -0.0021855
    -432.8292441216223665     -0.0133005
    -432.2271456646765273     -0.0124241
    -431.6250447857460131      0.0045249
    -431.0229414847644875      0.0284117
    -430.4208357617983438      0.0129587
    -429.8187276167477648      0.0139396
    -429.2166170497126814     -0.0103320
    -428.6145040605598524     -0.0041594
    -428.0123886493892087      0.0021839
    -427.4102708161008195     -0.0074638
    -426.8081505606614314      0.0070766
    -426.2060278831376650      0.0077995
    -425.6039027834629564     -0.0034292
    -425.0017752616371922      0.0005393
    -424.3996453176271757     -0.0208575
    -423.7975129514662171      0.0001161
    -423.1953781631208926      0.0092096
    -422.5932409525248090     -0.0124089
    -421.9911013197444163      0.0132225
    -421.3889592646467008      0.0053437
    -420.7868147873646194     -0.0048476
    -420.1846678877651584     -0.0061566
    -419.5825185659481917      0.0143646
    -418.9803668218137886      0.0062132
    -418.3782126553286957     -0.0031914
    -417.7760560665595335     -0.0023004
    -417.1738970553730042     -0.0043416
    -416.5717356219024623      0.0008489
    -415.9695717660146101      0.0142412
    -415.3674054877760682      0.0095302
    -414.7652367870870762      0.0013963
    -414.1630656640472807     -0.0000254
    -413.5608921185902886      0.0018706
    -412.9587161506161692      0.0117141
    -412.3565377602248532      0.0036688
    -411.7543569473163529     -0.0040473
    -411.1521737119573459      0.0182695
    -410.5499880540812683     -0.0016292
    -409.9477999737213167     -0.0066687
    -409.3456094708110413      0.0013426
    -408.7434165453170181      0.0117208
    -408.1412211973059243      0.0071612
    -407.5390234266778293     -0.0003643
    -406.9368232334994104     -0.0096612
    -406.3346206176707369      0.0003214
    -405.7324155792584293      0.0048853
    -405.1302081182291204      0.0125388
    -404.5279982344829932     -0.0056378
    -403.9257859281531751     -0.0043797
    -403.3235711990733421     -0.0009084
    -402.7213540473431976     -0.0063408
    -402.1191344728629815     -0.0119228
    -401.5169124756992574      0.0013951
    -400.9146880558187149      0.0065635
    -400.3124612131215372     -0.0054993
    -399.7102319477075412      0.0050349
    -399.1080002594769098      0.0042528
    -398.5057661484961500     -0.0083461
    -397.9035296146321343      0.0002854
    -397.3012906580181038      0.0073293
    -396.6990492785540710      0.0039407
    -396.0968054762068391     -0.0082664
    -395.4945592510096617     -0.0096137
    -394.8923106028959751     -0.0042850
    -394.2900595319323429      0.0049272
    -393.6878060380189481     -0.0089961
    -393.0855501211890441      0.0094020
    -392.4832917814425741     -0.0047573
    -391.8810310187130881     -0.0037639
    -391.2787678330337258     -0.0004565
    -390.6765022243048406      0.0054147
    -390.0742341926593895     -0.0005677
    -389.4719637379309916     -0.0086432
    -388.8696908602195208      0.0025671
    -388.2674155594917238      0.0158949
    -387.6651378356143596      0.0055170
    -387.0628576887207259     -0.0074029
    -386.4605751187108922     -0.0165778
    -385.8582901256513651      0.0138285
    -385.2560027094090174      0.0177565
    -384.6537128700837798      0.0061564
    -384.0514206075757784      0.0022409
    -383.4491259219182666      0.0147981
    -382.8468288131113013      0.0005367
    -382.2445292810882052     -0.0021099
    -381.6422273258823452     -0.0164317
    -381.0399229473939045     -0.0113605
    -380.4376161457558965     -0.0022712
    -379.8353069208020543     -0.0193622
    -379.2329952726320812      0.0068246
    -378.6306812011795841     -0.0113569
    -378.0283647063777721      0.0039192
    -377.4260457883266895      0.0155920
    -376.8237244469264056      0.0015045
    -376.2214006822101737      0.0015117
    -375.6190744941114872      0.0090002
    -375.0167458826635993     -0.0215123
    -374.4144148478665102     -0.0079894
    -373.8120813896204027      0.0041305
    -373.2097455080250370      0.0057950
    -372.6074072029140893      0.0080650
    -372.0050664744539404      0.0059635
    -371.4027233224782094     -0.0057186
    -370.8003777470867135      0.0017429
    -370.1980297482128321      0.0050101
    -369.5956793257900586     -0.0016053
    -368.9933264798849564     -0.0024523
    -368.3909712104310188     -0.0119199
    -367.7886135174613855     -0.0017329
    -367.1862534009096635     -0.0039925
    -366.5838908608089355     -0.0030421
    -365.9815258971594290     -0.0023548
    -365.3791585098277892      0.0092325
    -364.7767886989473141     -0.0061730
    -364.1744164643847625      0.0039707
    -363.5720418062400654     -0.0056528
    -362.9696647243467282      0.0121064
    -362.3672852188712454     -0.0162199
    -361.7649032896804329     -0.0099379
    -361.1625189367742905     -0.0014196
    -360.5601321601861287     -0.0023554
    -359.9577429597828200      0.0012202
    -359.3553513357306883     -0.0132583
    -358.7529572878301565      0.0033200
    -358.1505608162143517     -0.0035123
    -357.5481619208166535     -0.0031971
    -356.9457606015704414      0.0118699
    -356.3433568585423359     -0.0103754
    -355.7409506916325768      0.0094205
    -355.1385421009076140      0.0006877
    -354.5361310863008839      0.0010438
    -353.9337176478457536      0.0102698
    -353.3313017854756026     -0.0117607
    -352.7288834992236843      0.0010857
    -352.1264627890234920      0.0045673
    -351.5240396548749686     -0.0079232
    -350.9216140968114246     -0.0007691
    -350.3191861147330428     -0.0090151
    -349.7167557087396403     -0.0059434
    -349.1143228786980899     -0.0050104
    -348.5118876246748982      0.0008753
    -347.9094499466368688     -0.0092265
    -347.3070098445173812     -0.0096951
    -346.7045673184163661     -0.0202368
    -346.1021223681673291     -0.0020341
    -345.4996749938700873      0.0001968
    -344.8972251954581338      0.0100495
    -344.2947729729647790     -0.0068878
    -343.6923183263567694      0.0029201
    -343.0898612555673708     -0.0069505
    -342.4874017606300072     -0.0041160
    -341.8849398415113683     -0.0060327
    -341.2824754982447075     -0.0192803
    -340.6800087307301510     -0.0183092
    -340.0775395390343760     -0.0047212
    -339.4750679231572690      0.0144780
    -338.8725938829325059      0.0020901
    -338.2701174185263540      0.0081309
    -337.6676385298058563      0.0085369
    -337.0651572168042094     -0.0057357
    -336.4626734794881600      0.0013026
    -335.8601873178909614     -0.0101210
    -335.2576987319793602     -0.0109090
    -334.6552077216534258     -0.0070606
    -334.0527142870463990      0.0102458
    -333.4502184279917856     -0.0050469
    -332.8477201445895162     -0.0007661
    -332.2452194367396032     -0.0129501
    -331.6427163045087809     -0.0073086
    -331.0402107478636822     -0.0014967
    -330.4377027667044331      0.0079338
    -329.8351923611309076      0.0123283
    -329.2326795310432885     -0.0082368
    -328.6301642765080828      0.0080235
    -328.0276465974254734      0.0006785
    -327.4251264938620238     -0.0092916
    -326.8226039657511706     -0.0061062
    -326.2200790130596033     -0.0079079
    -325.6175516358206323      0.0027159
    -325.0150218340010042      0.0134309
    -324.4124896076006621     -0.0096327
    -323.8099549565530424     -0.0015693
    -323.2074178809248224     -0.0092655
    -322.6048783806159577     -0.0046138
    -322.0023364556931824     -0.0034409
    -321.3997921060898193     -0.0092193
    -320.7972453317726718     -0.0068742
    -320.1946961328082466     -0.0152954
    -319.5921445090634165     -0.0071790
    -318.9895904606713657      0.0028207
    -318.3870339874655429     -0.0077205
    -317.7844750895792458     -0.0153768
    -317.1819137669126007      0.0144417
    -316.5793500193989303     -0.0047115
    -315.9767838471381651     -0.0142505
    -315.3742152499971780     -0.0188875
    -314.7716442281090394      0.0103746
    -314.1690707813074255      0.0120699
    -313.5664949096920964     -0.0014774
    -312.9639166132297987      0.0056587
    -312.3613358918206586      0.0112419
    -311.7587527455314103      0.0130580
    -311.1561671742952058      0.0044117
    -310.5535791782120896     -0.0022623
    -309.9509887570823139     -0.0103846
    -309.3483959110723163     -0.0187548
    -308.7458006400489126     -0.0009817
    -308.1432029440121028     -0.0085223
    -307.5406028230285642     -0.0044098
    -306.9380002769650559      0.0082540
    -306.3353953059213950      0.0020610
    -305.7327879097645678     -0.0124366
    -305.1301780886275878     -0.0038904
    -304.5275658423774416      0.0308352
    -303.9249511710140155     -0.0012270
    -303.3223340745706764      0.0044245
    -302.7197145529474938      0.0046075
    -302.1170926062776516     -0.0180051
    -301.5144682343615159     -0.0116272
    -300.9118414373654105     -0.0086307
    -300.3092122151561512     -0.0067673
    -299.7065805677339085     -0.0102043
    -299.1039464951318223      0.0023297
    -298.5013099972500754      0.0031151
    -297.8986710741885418      0.0070889
    -297.2960297258473474      0.0246819
    -296.6933859522598027      0.0262737
    -296.0907397533926542      0.0130499
    -295.4880911291792245      0.0000272
    -294.8854400796861910     -0.0145760
    -294.2827866048469332     -0.0103719
    -293.6801307046947045     -0.0061192
    -293.0774723791629981     -0.0198184
    -292.4748116282851242      0.0027419
    -291.8721484519944056      0.0153757
    -291.2694828503242661      0.0131340
    -290.6668148232412818     -0.0094121
    -290.0641443707121994     -0.0055093
    -289.4614714927703858      0.0057188
    -288.8587961893159104      0.0012675
    -288.2561184604487039      0.0114764
    -287.6534383060355253      0.0258678
    -287.0507557261429952      0.0005569
    -286.4480707207711703     -0.0098742
    -285.8453832898201199     -0.0074081
    -285.2426934333564077      0.0029312
    -284.6400011512802166      0.0130085
    -284.0373064436914206     -0.0034803
    -283.4346093104235251      0.0183093
    -282.8319097516430816     -0.0075375
    -282.2292077672168489     -0.0029752
    -281.6265033571447702     -0.0107778
    -281.0237965214270162      0.0003268
    -280.4210872600301627      0.0006749
    -279.8183755729875202     -0.0026479
    -279.2156614601992715      0.0032712
    -278.6129449217652905     -0.0037357
    -278.0102259576188999      0.0049638
    -277.4075045676603963      0.0238930
    -276.8047807520227934     -0.0156142
    -276.2020545105398242     -0.0108124
    -275.5993258433443884      0.0121400
    -274.9965947503035295     -0.0111108
    -274.3938612315170644     -0.0089877
    -273.7911252868851193     -0.0103404
    -273.1883869163744407      0.0003017
    -272.5856461200515355      0.0026067
    -271.9829028978166434     -0.0008708
    -271.3801572497362713     -0.0031765
    -270.7774091757105452      0.0067921
    -270.1746586758393960      0.0018670
    -269.5719057500228359     -0.0074785
    -268.9691503982277254     -0.0012200
    -268.3663926205206280     -0.0037951
    -267.7636324168016131      0.0007406
    -267.1608697871371874      0.0038175
    -266.5581047314277043     -0.0094123
    -265.9553372497395571     -0.0093214
    -265.3525673420395492     -0.0154492
    -264.7497950082278066     -0.0039872
    -264.1470202484042034      0.0076242
    -263.5442430624687518     -0.0085603
    -262.9414634504882429     -0.0109557
    -262.3386814123626323      0.0060604
    -261.7358969481919075      0.0042759
    -261.1331100578428277     -0.0131652
    -260.5303207413154496      0.0043982
    -259.9275289986763937      0.0141637
    -259.3247348298256725      0.0092015
    -258.7219382348299632     -0.0035884
    -258.1191392135560818     -0.0017100
    -257.5163377661372124      0.0122601
    -256.9135338924068606      0.0038148
    -256.3107275924982105     -0.0068618
    -255.7079188663446985     -0.0091871
    -255.1051077138131973     -0.0014179
    -254.5022941350700592      0.0025724
    -253.8994781299822137     -0.0133479
    -253.2966596985829426     -0.0298549
    -252.6938388408389642     -0.0208632
    -252.0910155567502215      0.0127007
    -251.4881898463167715      0.0203365
    -250.8853617094387403      0.0038068
    -250.2825311462492550      0.0030218
    -249.6796981565819351     -0.0023435
    -249.0768627405033158      0.0017984
    -248.4740248979801152      0.0131876
    -247.8711846290456435      0.0081580
    -247.2683419336332804     -0.0021871
    -246.6654968116765190     -0.0033283
    -246.0626492632751479     -0.0165721
    -245.4597992883293784      0.0005140
    -244.8569468869057175      0.0036734
    -244.2540920588711231      0.0050535
    -243.6512348043253269     -0.0024307
    -243.0483751232351324     -0.0173076
    -242.4455130154673839     -0.0035182
    -241.8426484811884905      0.0209412
    -241.2397815202320146      0.0106128
    -240.6369121326978302      0.0066938
    -240.0340403184528100     -0.0013422
    -239.4311660775967994     -0.0064342
    -238.8282894100965166      0.0048052
    -238.2254103158188059      0.0017134
    -237.6225287949301048      0.0068176
    -237.0196448472307225      0.0036492
    -236.4167584728870395     -0.0133052
    -235.8138696716993934     -0.0046603
    -235.2109784438341649     -0.0036238
    -234.6080847891915653     -0.0087968
    -234.0051887077049457     -0.0085187
    -233.4022901994409267     -0.0137885
    -232.7993892643329445      0.0097030
    -232.1964859024475345      0.0189644
    -231.5935801136183159      0.0165315
    -230.9906718980116693     -0.0000133
    -230.3877612555277494     -0.0078659
    -229.7848481860667107     -0.0000962
    -229.1819326897617088      0.0039950
    -228.5790147665128700      0.0023851
    -227.9760944163535044     -0.0052091
    -227.3731716391837097      0.0076260
    -226.7702464351033882      0.0121113
    -226.1673188039794127      0.0059699
    -225.5643887459115717     -0.0125342
    -224.9614562608666120      0.0065146
    -224.3585213487114061      0.0138665
    -223.7555840095790813     -0.0104377
    -223.1526442433365105     -0.0086665
    -222.5497020500502856      0.0019389
    -221.9467574296537862     -0.0045256
    -221.3438103822136043     -0.0045999
    -220.7408609076631762     -0.0020327
    -220.1379090059026851     -0.0086358
    -219.5349546770652012     -0.0120256
    -218.9319979210508791     -0.0003637
    -218.3290387378597472     -0.0014130
    -217.7260771274918341     -0.0057459
    -217.1231130899138009     -0.0108558
    -216.5201466251589295      0.0016581
    -215.9171777330941495     -0.0261419
    -215.3142064138525029     -0.0041717
    -214.7112326673009761      0.0001104
    -214.1082564935393009     -0.0004093
    -213.5052778924010966     -0.0009668
    -212.9022968640195188      0.0253691
    -212.2993134083280040      0.0161961
    -211.6963275252599885      0.0151256
    -211.0933392148820076      0.0044245
    -210.4903484770941873      0.0181175
    -209.8873553119631765      0.0087869
    -209.2843597194223548      0.0194127
    -208.6813616995050040      0.0052193
    -208.0783612521445889     -0.0049806
    -207.4753583773410810      0.0221920
    -206.8723530750944803      0.0154003
    -206.2693453453715051      0.0162203
    -205.6663351882054656     -0.0098950
    -205.0633226034632060      0.0036019
    -204.4603075913111354      0.0096576
    -203.8572901516161266      0.0013182
    -203.2542702843116160     -0.0017246
    -202.6512479895307308      0.0053775
    -202.0482232671070619     -0.0123603
    -201.4451961171737366     -0.0231389
    -200.8421665395643458     -0.0162766
    -200.2391345344120452     -0.0058005
    -199.6361001016501859      0.0002628
    -199.0330632411790077      0.0099146
    -198.4300239530983276      0.0001400
    -197.8269822372750184      0.0105830
    -197.2239380938421789      0.0134225
    -196.6208915226667102      0.0075254
    -196.0178425238151760     -0.0154593
    -195.4147910971877309     -0.0113262
    -194.8117372428842202     -0.0049228
    -194.2086809607714599      0.0166309
    -193.6056222508827886      0.0108258
    -193.0025611132515166      0.0183745
    -192.3994975477444598      0.0069631
    -191.7964315544614635     -0.0064119
    -191.1933631333359926      0.0030280
    -190.5902922844013005      0.0109138
    -189.9872190075908520     -0.0085461
    -189.3841433028380550     -0.0155127
    -188.7810651702760651      0.0141887
    -188.1779846097384166      0.0085648
    -187.5749016213583218      0.0187944
    -186.9718162049693149      0.0183440
    -186.3687283607045231     -0.0119189
    -185.7656380884641010      0.0097678
    -185.1625453881814849      0.0027625
    -184.5594502599565487      0.0032213
    -183.9563527036894186      0.0103653
    -183.3532527194466581     -0.0038851
    -182.7501503070951401      0.0076920
    -182.1470454667679917      0.0025950
    -181.5439381983653959     -0.0059332
    -180.9408285018207323      0.0010234
    -180.3377163772338747     -0.0107609
    -179.7346018245050061     -0.0078055
    -179.1314848436673230     -0.0106626
    -178.5283654346543756      0.0039383
    -177.9252435975659239     -0.0099378
    -177.3221193322688691      0.0033656
    -176.7189926387632113      0.0090822
    -176.1158635170822038      0.0171952
    -175.5127319671593398      0.0059518
    -174.9095979890611261      0.0100282
    -174.3064615826544355      0.0219998
    -173.7033227480391702      0.0152735
    -173.1001814851819915     -0.0022214
    -172.4970377939498007      0.0064100
    -171.8938916745090069      0.0037842
    -171.2907431266598905      0.0016963
    -170.6875921505355791      0.0078738
    -170.0844387460362555      0.0035735
    -169.4812829132284833      0.0055042
    -168.8781246520456989      0.0059125
    -168.2749639623880000     -0.0018962
    -167.6718008444218526     -0.0028268
    -167.0686352979475373      0.0021478
    -166.4654673231314916      0.0034077
    -165.8622969197739963      0.0190607
    -165.2591240880414887      0.0059510
    -164.6559488277675030     -0.0034671
    -164.0527711390519414     -0.0203097
    -163.4495910218282120      0.0142501
    -162.8464084760297510      0.0110563
    -162.2432235017231505      0.0026624
    -161.6400360988417901     -0.0002522
    -161.0368462674522902     -0.0106629
    -160.4336540074214952      0.0060961
    -159.8304593188492220     -0.0057215
    -159.2272622016689638      0.0012116
    -158.6240626558141287     -0.0017688
    -158.0208606813845336     -0.0052802
    -157.4176562782138262     -0.0034449
    -156.8144494464683874      0.0195137
    -156.2112401859484976      0.0165164
    -155.6080284968206229      0.0142118
    -155.0048143789515507      0.0143816
    -154.4015978323080844      0.0049995
    -153.7983788569900412      0.0161851
    -153.1951574528642936     -0.0054839
    -152.5919336199973770     -0.0018061
    -151.9887073583227561      0.0032258
    -151.3854786678736843      0.0027195
    -150.7822475486169083      0.0070672
    -150.1790140004858642     -0.0020572
    -149.5757780235803693      0.0033167
    -148.9725396177340428      0.0006038
    -148.3692987830799837     -0.0022852
    -147.7660555194850929      0.0032162
    -147.1628098270159057      0.0125452
    -146.5595617056724507      0.0031370
    -145.9563111553215720      0.0122562
    -145.3530581760631151      0.0160624
    -144.7498027677972630      0.0206473
    -144.1465449306238042     -0.0035109
    -143.5432846644096969      0.0034367
    -142.9400219692214478      0.0195629
    -142.3367568450257465      0.0055821
    -141.7334892917560865      0.0148340
    -141.1302193094790312      0.0233769
    -140.5269468980613681      0.0109524
    -139.9236720576363382      0.0218906
    -139.3203947880707574      0.0210404
    -138.7171150894311609      0.0079932
    -138.1138329616843237     -0.0033533
    -137.5105484047636253      0.0123975
    -136.9072614187024044      0.0162685
    -136.3039720034673223      0.0135881
    -135.7006801590584359      0.0256856
    -135.0973858854424066      0.0197812
    -134.4940891826525444      0.0160131
    -133.8907900505890041      0.0054620
    -133.2874884893183491      0.0076796
    -132.6841844988072694     -0.0127787
    -132.0808780789559478      0.0089140
    -131.4775692298975116      0.0126916
    -130.8742579514655517      0.0095291
    -130.2709442437931671      0.0004020
    -129.6676281067472587      0.0079633
    -129.0643095403943903      0.0081913
    -128.4609885446679698      0.0216057
    -127.8576651195347154      0.0205561
    -127.2543392650612333      0.0129824
    -126.6510109811476497      0.0234129
    -126.0476802678605139      0.0067920
    -125.4443471250999806      0.0200332
    -124.8410115529326561      0.0344044
    -124.2376735513252015      0.0102655
    -123.6343331201778000      0.0109680
    -123.0309902595903111      0.0234740
    -122.4276449694295792      0.0190804
    -121.8242972498287315      0.0261518
    -121.2209471006213590      0.0260358
    -120.6175945219406032      0.0295509
    -120.0142395136866043      0.0317607
    -119.4108820757927987      0.0203086
    -118.8075222083923421      0.0224070
    -118.2041599112854868      0.0264742
    -117.6007951846386987      0.0229420
    -116.9974280283188079      0.0117550
    -116.3940584423591105      0.0402699
    -115.7906864267596063      0.0172826
    -115.1873119814204500      0.0298401
    -114.5839351064415013      0.0305935
    -113.9805558016895901      0.0322016
    -113.3771740672645905      0.0473714
    -112.7737899030666568      0.0564011
    -112.1704033091623529      0.0378595
    -111.5670142854851150      0.0577897
    -110.9636228319683511      0.0433789
    -110.3602289487119350      0.0320501
    -109.7568326355827253      0.0520966
    -109.1534338927138776      0.0565909
    -108.5500327199056585      0.0509420
    -107.9466291173244912      0.0645899
    -107.3432230848372768      0.0696777
    -106.7398146224439586      0.0511462
    -106.1364037301778609      0.0449459
    -105.5329904079723917      0.0558758
    -104.9295746558608471      0.0689291
    -104.3261564737766776      0.0480508
    -103.7227358617864184      0.0507200
    -103.1193128197569564      0.0740178
    -102.5158873477881372      0.0661983
    -101.9124594458133970      0.0722285
    -101.3090291137661580      0.0776147
    -100.7055963517462800      0.0612228
    -100.1021611596539032      0.0655056
     -99.4987235375223094      0.0797016
     -98.8952834852516673      0.0880405
     -98.2918410029750902      0.0736567
     -97.6883960905594506      0.0816749
     -97.0849487480047628      0.0819011
     -96.4814989753442944      0.1006657
     -95.8780467724781857      0.0934055
     -95.2745921395063249      0.0797324
     -94.6711350762955419      0.0949937
     -94.0676755829456823      0.1012731
     -93.4642136593902109      0.1010215
     -92.8607493055625355      0.1207464
     -92.2572825215625159      0.1133982
     -91.6538133072237429      0.1302498
     -91.0503416627126256      0.1193154
     -90.4468675878294590      0.1195940
     -89.8433910827073703      0.1306983
     -89.2399121472798100      0.1389683
     -88.6364307814802146      0.1385953
     -88.0329469853751192      0.1380872
     -87.4294607588980028      0.1486002
     -86.8259721020821047      0.1515107
     -86.2224810148276077      0.1465662
     -85.6189874972010472      0.1483074
     -85.0154915492024514      0.1312313
     -84.4119931706986648      0.1565506
     -83.8084923617895612      0.1481532
     -83.2049891224085485      0.1658564
     -82.6014834525889370      0.1577812
     -81.9979753522308386      0.1661410
     -81.3944648214008595      0.1795797
     -80.7909518600657037      0.1833648
     -80.1874364681587934      0.1836731
     -79.5839186457467065      0.1771906
     -78.9803983927295832      0.1886067
     -78.3768757091740014      0.1847981
     -77.7733505950133690      0.1898705
     -77.1698230502477287      0.1977591
     -76.5662930749103197      0.1809209
     -75.9627606688680430      0.2076773
     -75.3592258322207300      0.1922089
     -74.7556885648352534      0.2273338
     -74.1521488668780222      0.2368646
     -73.5486067381493456      0.2385700
     -72.9450621787490689      0.2454498
     -72.3415151885773327      0.2543610
     -71.7379657677340106      0.2779722
     -71.1344139161525248      0.2748148
     -70.5308596337330158      0.3179457
     -69.9273029205753431      0.3460993
     -69.3237437765796471      0.3956358
     -68.7201822018125057      0.4432157
     -68.1166181962073409      0.4986188
     -67.5130517597641528      0.5518102
     -66.9094828924829699      0.6629658
     -66.3059115942971857      0.7716466
     -65.7023378652733925      0.9081036
     -65.0987617052784486      1.1025276
     -64.4951831144454815      1.3595604
     -63.8916020926413637      1.7551738
     -63.2880186399326661      2.2853663
     -62.6844327562528036      3.0750456
     -62.0808444415685159      4.1694126
     -61.4772536959130704      5.7335000
     -60.8736605192531997      7.9015784
     -60.2700649115888893     10.5115614
     -59.6664668728535688     13.2816801
     -59.0628664031471047     15.7526646
     -58.4592635023696374     17.4826546
     -57.8556581704545962     18.2785912
     -57.2520504075018408     18.2173862
     -56.6484402134115115     17.6072159
     -56.0448275882168900     16.8182716
     -55.4412125318514200     16.2065792
     -54.8375950444149467     15.9976749
     -54.2339751258076177     16.1223946
     -53.6303527759628764     16.1056080
     -53.0267279949472794     15.3049755
     -52.4231007827275377     13.5104380
     -51.8194711393036656     11.1517687
     -51.2158390645757962      8.7836437
     -50.6122045586770852      6.8273315
     -50.0085676215076589      5.4213805
     -49.4049282530009677      4.4798346
     -48.8012864532568500      3.8939137
     -48.1976422221421714      3.4909809
     -47.5939955597568058      3.1939147
     -46.9903464660008652      2.9339483
     -46.3866949409076597      2.7401850
     -45.7830409844771964      2.5947616
     -45.1793845965763126      2.4824734
     -44.5757257773714386      2.3917563
     -43.9720645266628765      2.3165100
     -43.3684008446170424      2.2451770
     -42.7647347310342383      2.1926575
     -42.1610661860808733      2.1437900
     -41.5573952095905383      2.1022036
     -40.9537218016630788      2.1030483
     -40.3500459622319312      2.0802758
     -39.7463676912305246      2.0697243
     -39.1426869887587117      2.0870509
     -38.5390038546833509      2.1066279
     -37.9353182891043090      2.1260309
     -37.3316302919217264      2.1658828
     -36.7279398631688849      2.2096403
     -36.1242470028457774      2.2271438
     -35.5205517108192836      2.3150980
     -34.9168539872225381      2.3696420
     -34.3131538319223921      2.4557233
     -33.7094512450187054      2.5560842
     -33.1057462263783435      2.6211760
     -32.5020387761011591      2.6748378
     -31.8983288941205814      2.7420607
     -31.2946165803700467      2.7891891
     -30.6909018349161187      2.8709836
     -30.0871846576922302      2.9560127
     -29.4834650487316665      3.0301981
     -28.8797430079345752      3.1018903
     -28.2760185354008087      3.1879485
     -27.6722916310637999      3.2765296
     -27.0685622948236961      3.4179432
     -26.4648305268469173      3.5358062
     -25.8610963269337581      3.6758633
     -25.2573596951840749      3.8205571
     -24.6536206315312967      3.9524362
     -24.0498791360087090      4.0812974
     -23.4461352086163082      4.1838322
     -22.8423888491876816      4.2127695
     -22.2386400579225310      4.2155657
     -21.6348888346211474      4.1738586
     -21.0311351793833872      4.0474100
     -20.4273790921426794      3.8953385
     -19.8236205729323132      3.7176137
     -19.2198596217190030      3.5510058
     -18.6160962384028927      3.3524468
     -18.0123304231171240      3.1782944
     -17.4085621757285587      2.9964468
     -16.8047914963037641      2.8342843
     -16.2010183847096094      2.7224128
     -15.5972428411125090      2.6193659
     -14.9934648653793268      2.5499737
     -14.3896844574434972      2.5370953
     -13.7859016174381583      2.5383430
     -13.1821163451968886      2.5478890
     -12.5783286408195369      2.5509801
     -11.9745385042395398      2.5974844
     -11.3707459354901790      2.6884348
     -10.7669509344383201      2.7733438
     -10.1631535012503811      2.8787544
      -9.5593536357599458      3.0252576
      -8.9555513380002960      3.1966414
      -8.3517466079714318      3.3762228
      -7.7479394456400694      3.5811064
      -7.1441298510062099      3.8344460
      -6.5403178240365678      4.1054487
      -5.9365033647644285      4.3804865
      -5.3326864731232249      4.7636900
      -4.7288671490796714      5.1717510
      -4.1250453927003363      5.6246157
      -3.5212212038853696      6.1482344
      -2.9173945827013372      6.8031673
      -2.3135655290151051      7.5892963
      -1.7097340429598082      8.5177860
      -1.1059001244688789      9.5379591
      -0.5020637734091823     10.5711155
       0.1017750100195793     11.7146664
       0.7056162260836752     12.8988609
       1.3094598745168362     13.9663715
       1.9133059555853316     14.8894835
       2.5171544691560266     15.7466383
       3.1210054152954885     16.2597618
       3.7248587940037177     15.7267141
       4.3287146052807142     14.3345613
       4.9325728492596115     12.7367744
       5.5364335257407093     11.1899872
       6.1402966349237085      9.7160168
       6.7441621767420417      8.3545437
       7.3480301511291417      7.0553303
       7.9519005583512792      5.8861794
       8.5557733981421826      4.9054580
       9.1596486707015554      4.1171217
       9.7635263759628295      3.4796579
      10.3674065139925720      2.9486384
      10.9712890846576503      2.5076554
      11.5751740881577625      2.1518514
      12.1790615244929121      1.8678330
      12.7829513935299630      1.6072147
      13.3868436954686185      1.3723058
      13.9907384301757425      1.1964697
      14.5946355977844711      1.0116377
      15.1985351981616663      0.8701240
      15.8024372313738990      0.7631059
      16.4063416975542999      0.6655348
      17.0102485966363091      0.5642384
      17.6141579286199210      0.5011685
      18.2180696935051358      0.4453499
      18.8219838913585207      0.3781626
      19.4259005221135048      0.3330907
      20.0298195859032298      0.2631566
      20.6337410826611318      0.2189159
      21.2376650123871933      0.2093049
      21.8415913751480026      0.1829941
      22.4455201709435457      0.1670537
      23.0494513997738295      0.1517166
      23.6533850616388470      0.1409050
      24.2573211566717397      0.1201605
      24.8612596846728060      0.0955114
      25.4652006458417404      0.0822749
      26.0691440401119827      0.0828414
      26.6730898675500967      0.0750171
      27.2770381280895187      0.0471024
      27.8809888217968123      0.0391993
      28.4849419487385411      0.0442297
      29.0888975087815815      0.0406490
      29.6928555020590608      0.0383372
      30.2968159286375460      0.0296037
      30.9007787883173357      0.0265198
      31.5047440813647022      0.0305105
      32.1087118076465075      0.0378808
      32.7126819671627516      0.0292364
      33.3166545599800017      0.0217932
      33.9206295861648357      0.0177765
      34.5246070456506615      0.0298729
      35.1285869384375076      0.0155611
      35.7325692645919233      0.0102721
      36.3365540241139158      0.0185487
      36.9405412170700487      0.0136996
      37.5445308433271876      0.0135251
      38.1485229030184740      0.0188236
      38.7525173962104574      0.0000342
      39.3565143227700247      0.0174723
      39.9605136828303031      0.0073667
      40.5645154763247220      0.0062348
      41.1685197033864085     -0.0015735
      41.7725263638822497      0.0069179
      42.3765354578787878      0.0048834
      42.9805469854426150     -0.0111092
      43.5845609465071391      0.0121783
      44.1885773411389522     -0.0027532
      44.7925961694045967     -0.0046011
      45.3966174312375301     -0.0082478
      46.0006411265711677      0.0133302
      46.6046672556052073      0.0020585
      47.2086958182731067      0.0132363
      47.8127268145748374      0.0144903
      48.4167602445769774      0.0226178
      49.0207961082129700      0.0183425
      49.6248344056159425     -0.0063589
      50.2288751365861827      0.0056040
      50.8329183013899737     -0.0088925
      51.4369638998941738     -0.0120835
      52.0410119320987903     -0.0145284
      52.6450623981369432     -0.0052041
      53.2491152979420832     -0.0073732
      53.8531706315807597      0.0032615
      54.4572283989198525     -0.0029161
      55.0612886001590596     -0.0046077
      55.6653512352318174      0.0096559
      56.2694163041381117     -0.0114307
      56.8734838069445274     -0.0063309
      57.4775537435844797     -0.0010748
      58.0816261141911170      0.0049096
      58.6857009186312908     -0.0060758
      59.2897781570381568      0.0136513
      59.8938578293451371      0.0057071
      60.4979399356187955      0.0032280
      61.1020244759256954      0.0098107
      61.7061114501992805      0.0148279
      62.3102008584395364      0.0005030
      62.9142927007130481      0.0003611
      63.5183869770198086      0.0150706
      64.1224836873598178     -0.0018855
      64.7265828317330687     -0.0096277
      65.3306844102061319     -0.0031028
      65.9347884227790217     -0.0028577
      66.5388948694517097      0.0148189
      67.1430037502242385      0.0110129
      67.7471150651631291      0.0062404
      68.3512288142018321      0.0015985
      68.9553449974069395     -0.0044794
      69.5594636148449723      0.0081105
      70.1635846664493954     -0.0032241
      70.7677081522867866     -0.0006823
      71.3718340722905253      0.0067904
      71.9759624265272322     -0.0035941
      72.5800932150634566      0.0006689
      73.1842264377660570     -0.0149026
      73.7883620949013164     -0.0158699
      74.3925001862029660      0.0026016
      74.9966407118706826      0.0023878
      75.6007836718379167      0.0018528
      76.2049290661712462      0.0106963
      76.8090768948706426      0.0077981
      77.4132271578695708     -0.0144185
      78.0173798553011437      0.0011327
      78.6215349870987978     -0.0105360
      79.2256925533956888     -0.0039436
      79.8298525539920831     -0.0000292
      80.4340149891542495     -0.0192986
      81.0381798586825113     -0.0029293
      81.6423471627100099      0.0031668
      82.2465169012367170      0.0157454
      82.8506890741960547      0.0015951
      83.4548636817877707      0.0207020
      84.0590407238121315      0.0056819
      84.6632202004688281     -0.0008810
      85.2674021115581979     -0.0173471
      85.8715864573464813     -0.0086391
      86.4757732376339874     -0.0012992
      87.0799624525538434      0.0012569
      87.6841541021060351      0.0054906
      88.2883481862906052     -0.0052314
      88.8925447051740889     -0.0051066
      89.4967436586233589     -0.0094053
      90.1009450467715425     -0.0021168
      90.7051488696186539      0.0061555
      91.3093551271646930      0.0163894
      91.9135638194761952      0.0134475
      92.5177749464866395      0.0167410
      93.1219885083291246     -0.0002284
      93.7262045048039738     -0.0024166
      94.3304229361774418      0.0036455
      94.9346438022498376     -0.0072470
      95.5388671031542742     -0.0049499
      96.1430928388907802      0.0002172
      96.7473210094593270     -0.0017968
      97.3515516149265068     -0.0045573
      97.9557846552257416     -0.0073781
      98.5600201304235952     -0.0057081
      99.1642580405200675      0.0039475
      99.7684983855151728      0.0029064
     100.3727411654754604     -0.0046117
     100.9769863802678032      0.0013603
     101.5812340301584840      0.0028522
     102.1854841149477551     -0.0067433
     102.7897366347688006      0.0008570
     103.3939915894884933      0.0189875
     103.9982489793064673     -0.0036938
     104.6025088041562299     -0.0122458
     105.2067710639711748      0.0020005
     105.8110357589510073      0.0060954
     106.4153028889626000      0.0127994
     107.0195724540725024     -0.0108371
     107.6238444542141792     -0.0154267
     108.2281188895207436      0.0011688
     108.8323957599921954      0.0047492
     109.4366750656285490     -0.0034707
     110.0409568063632122     -0.0113555
     110.6452409823293550     -0.0004362
     111.2495275934603711     -0.0049676
     111.8538166397562890      0.0066513
     112.4581081213502216     -0.0056284
     113.0624020381756338     -0.0143787
     113.6666983901659052     -0.0129213
     114.2709971775207975     -0.0109736
     114.8752984001071411     -0.0106036
     115.4796020579914995      0.0052652
     116.0839081511739010      0.0015692
     116.6882166797208953     -0.0064766
     117.2925276435659043     -0.0208710
     117.8968410427755202     -0.0069444
     118.5011568774162924     -0.0010946
     119.1054751473550795     -0.0138447
     119.7097958527250370     -0.0232143
     120.3141189935261508     -0.0155407
     120.9184445697584351      0.0013628
     121.5227725813552979      0.0011703
     122.1271030284498949     -0.0010652
     122.7314359110422401     -0.0023582
     123.3357712291322770      0.0068529
     123.9401089827200622     -0.0040811
     124.5444491717390179     -0.0079455
     125.1487917963888208      0.0003852
     125.7531368565363579     -0.0213260
     126.3574843522481785     -0.0201195
     126.9618342835908891     -0.0049882
     127.5661866504313053      0.0029231
     128.1705414529691609     -0.0021007
     128.7748986910047506      0.0038950
     129.3792583648043149      0.0167390
     129.9836204741681911      0.0132382
     130.5879850192294782     -0.0009340
     131.1923519999882330      0.0090413
     131.7967214163778067     -0.0063275
     132.4010932685314117     -0.0103605
     133.0054675563824560     -0.0282727
     133.6098442799974464     -0.0231687
     134.2142234393099045      0.0082458
     134.8186050343863656      0.0001892
     135.4229890652933648     -0.0046315
     136.0273755319643953     -0.0085861
     136.6317644344659357     -0.0011356
     137.2361557727980710     -0.0057324
     137.8405495469608013     -0.0019895
     138.4449457569540414      0.0039012
     139.0493444028444685      0.0095491
     139.6537454846319690     -0.0058654
     140.2581490023166282      0.0106626
     140.8625549558984460     -0.0124067
     141.4669633453773940     -0.0018799
     142.0713741708865427     -0.0153514
     142.6757874322263149      0.0093595
     143.2802031296629366      0.0031263
     143.8846212629966317      0.0111242
     144.4890418323606411      0.0025143
     145.0934648377549081     -0.0073391
     145.6978902791794042      0.0075435
     146.3023181567007782     -0.0000506
     146.9067484701858177     -0.0248029
     147.5111812198342705     -0.0036939
     148.1156164054464455     -0.0022371
     148.7200540272220053     -0.0005919
     149.3244940852275136     -0.0198300
     149.9289365791967441     -0.0140975
     150.5333815094625152      0.0045358
     151.1378288758251074      0.0020475
     151.7422786783511128      0.0042067
     152.3467309171070951      0.0052857
     152.9511855920264622     -0.0053824
     153.5556427032423414     -0.0021510
     154.1601022506216623     -0.0033878
     154.7645642342974952     -0.0063051
     155.3690286542032766     -0.0073129
     155.9734955104056269     -0.0137458
     156.5779648029045177     -0.0085094
     157.1824365316999206     -0.0034632
     157.7869106968584560     -0.0075445
     158.3913872983135036     -0.0046137
     158.9958663361982190      0.0215713
     159.6003478103795032      0.0035113
     160.2048317209904269      0.0058589
     160.8093180679644263     -0.0175476
     161.4138068513681219      0.0041948
     162.0182980712015137     -0.0092871
     162.6227917274645449     -0.0072448
     163.2272878202238360      0.0010505
     163.8317863494127948     -0.0021840
     164.4362873151645488     -0.0079754
     165.0407907173459705      0.0008616
     165.6452965560236237     -0.0160512
     166.2498048312641004     -0.0028905
     166.8543155430673721      0.0068930
     167.4588286914334390     -0.0250618
     168.0633442763623293     -0.0137288
     168.6678622979206068      0.0044317
     169.2723827560416510      0.0077332
     169.8769056507920823      0.0079380
     170.4814309821718723     -0.0129098
     171.0859587501810779     -0.0088753
     171.6904889549527411      0.0098790
     172.2950215962872278      0.0087657
     172.8995566743842289      0.0022577
     173.5040941891771809      0.0083711
     174.1086341406660551     -0.0158626
     174.7131765289174155     -0.0025987
     175.3177213538647266      0.0025435
     175.9222686157077078     -0.0080545
     176.5268183142466114     -0.0026656
     177.1313704496145931     -0.0054409
     177.7359250217450608      0.0110732
     178.3404820307711702     -0.0032034
     178.9450414765598225     -0.0058608
     179.5496033592440881      0.0128737
     180.1541676788240238      0.0076709
     180.7587344352330092      0.0139473
     181.3633036286042000      0.0006972
     181.9678752588044404     -0.0053551
     182.5724493260335066     -0.0027127
     183.1770258301581862     -0.0185151
     183.7816047712450995     -0.0259599
     184.3861861492941898     -0.0067593
     184.9907699643720775     -0.0109745
     185.5953562164121422     -0.0047279
     186.1999449054810043      0.0028079
     186.8045360316452275      0.0150743
     187.4091295947716560      0.0043034
     188.0137255949268251     -0.0018505
     188.6183240323105110      0.0061381
     189.2229249066564023      0.0132836
     189.8275282181641899      0.0034206
     190.4321339667673101      0.0043584
     191.0367421525323550     -0.0072623
     191.6413527754593247     -0.0044111
     192.2459658354816270      0.0054835
     192.8505813327323892     -0.0149719
     193.4551992671450762     -0.0109601
     194.0598196388528152     -0.0098385
     194.6644424477224504     -0.0044289
     195.2690676938871377     -0.0014225
     195.8736953772137213     -0.0141343
     196.4783254978353852     -0.0096034
     197.0829580558186365     -0.0045357
     197.6875930509638124     -0.0194390
     198.2922304835371676      0.0032473
     198.8968703534055464      0.0037056
     199.5015126606355409      0.0022214
     200.1061574051605874      0.0118448
     200.7108045871138131      0.0142403
     201.3154542064286545     -0.0075600
     201.9201062631716752     -0.0308619
     202.5247607573428752     -0.0213766
     203.1294176888756908     -0.0015168
     203.7340770579032494      0.0212701
     204.3387388643590157      0.0122236
     204.9434031083760601      0.0046097
     205.5480697897547202      0.0133574
     206.1527389086947153     -0.0193219
     206.7574104651959885     -0.0115321
     207.3620844591920331     -0.0115496
     207.9667608907494127     -0.0025923
     208.5714397598680421     -0.0013934
     209.1761210665480348     -0.0112054
     209.7808048108559262     -0.0068857
     210.3854909927250958      0.0180185
     210.9901796122887276     -0.0119973
     211.5948706694136661      0.0084755
     212.1995641642330668      0.0111251
     212.8042600966803377      0.0081074
     213.4089584668886346      0.0047096
     214.0136592746582380     -0.0134911
     214.6183625202554310      0.0091077
     215.2230682035470579     -0.0020888
     215.8277763245331471      0.0015772
     216.4324868833468258     -0.0161091
     217.0371998799215021      0.0027134
     217.6419153142572043      0.0028486
     218.2466331863539324     -0.0057182
     218.8513534962782217      0.0036323
     219.4560762440967210     -0.0004424
     220.0608014297427530     -0.0054265
     220.6655290532163747     -0.0119981
     221.2702591145841211      0.0046038
     221.8749916138460492     -0.0045965
     222.4797265509355668      0.0121562
     223.0844639259858013      0.0036263
     223.6892037389967243      0.0006154
     224.2939459899683641     -0.0103810
     224.8986906789007776     -0.0058668
     225.5034378057272875      0.0021180
     226.1081873706476699      0.0054506
     226.7129393734622056      0.0022930
     227.3176938143706138      0.0101244
     227.9224506933062742     -0.0118183
     228.5272100102692150     -0.0011763
     229.1319717653925920     -0.0037029
     229.7367359584766859     -0.0078143
     230.3415025897212161     -0.0047901
     230.9462716590595903      0.0100146
     231.5510431664918087      0.0097603
     232.1558171120844349      0.0078492
     232.7605934958374974      0.0000238
     233.3653723177509960     -0.0037228
     233.9701535778248740     -0.0132966
     234.5749372761257803      0.0005623
     235.1797234126536580     -0.0035185
     235.7845119874085071     -0.0068778
     236.3893030003237925     -0.0056825
     236.9940964515326414      0.0071497
     237.5988923411015890     -0.0016035
     238.2036906688975364     -0.0075627
     238.8084914349870473     -0.0130689
     239.4132946393701218     -0.0035586
     240.0181002821132665     -0.0117364
     240.6229083632165953     -0.0117695
     241.2277188826134307     -0.0053756
     241.8325318404369852     -0.0050231
     242.4373472366206386     -0.0079495
     243.0421650712975463      0.0030650
     243.6469853442680460      0.0075854
     244.2518080557983353      0.0040324
     244.8566332056887518     -0.0095556
     245.4614607940058875      0.0164482
     246.0662908208828412      0.0205858
     246.6711232861864573      0.0032407
     247.2759581901164552     -0.0137856
     247.8807955324066086     -0.0014196
     248.4856353133897073      0.0078032
     249.0904775327994685      0.0089832
     249.6953221908356682      0.0038004
     250.3001692874316575      0.0047237
     250.9050188226540570      0.0039646
     251.5098707965028382      0.0133349
     252.1147252089114374     -0.0080909
     252.7195820600129821      0.0016956
     253.3244413496744016      0.0084867
     253.9293030780953018      0.0027979
     254.5341672452091757      0.0157852
     255.1390338509494597     -0.0043057
     255.7439028955158165     -0.0158191
     256.3487743787085833      0.0080331
     256.9536483006608591     -0.0002350
     257.5585246613726440      0.0066426
     258.1634034608439379      0.0046773
     258.7682846992079249      0.0025482
     259.3731683762649141      0.0030540
     259.9780544922144827     -0.0036785
     260.5829430469236172      0.0004409
     261.1878340405253880      0.0156053
     261.7927274729532883      0.0067129
     262.3976233442738248     -0.0001229
     263.0025216544870545      0.0025218
     263.6074224035929205     -0.0029589
     264.2123255916579865      0.0036482
     264.8172312186158024     -0.0116129
     265.4221392845327614     -0.0063751
     266.0270497894089203     -0.0031307
     266.6319627333109565     -0.0001454
     267.2368781161721358      0.0094725
     267.8417959379926288      0.0160981
     268.4467161989054489      0.0095619
     269.0516388988440895      0.0204465
     269.6565640378750572     -0.0152855
     270.2614916158652818     -0.0040339
     270.8664216330143972      0.0210829
     271.4713540892558967      0.0212181
     272.0762889845897234      0.0113638
     272.6812263190825547     -0.0065370
     273.2861660926676564      0.0039409
     273.8911083054783262      0.0083159
     274.4960529573813801     -0.0000626
     275.1010000485098317      0.0054437
     275.7059495787972878     -0.0002112
     276.3109015483102553     -0.0007502
     276.9158559571151841      0.0002469
     277.5208128051456811     -0.0005144
     278.1257720924016894     -0.0008775
     278.7307338189497727     -0.0006961
     279.3356979847898742      0.0040932
     279.9406645899220507      0.0001610
     280.5456336343463022      0.0143566
     281.1506051181957559      0.0077176
     281.7555790413372279      0.0036978
     282.3605554038373953      0.0017599
     282.9655342056962013      0.0231967
     283.5705154469801528     -0.0000291
     284.1754991276227429      0.0072331
     284.7804852477570989      0.0058774
     285.3854738073166573      0.0019889
     285.9904648062348542      0.0116648
     286.5954582447113808      0.0086691
     287.2004541226797301     -0.0015675
     287.8054524401397885     -0.0078669
     288.4104531970250491      0.0093139
     289.0154563934686394      0.0102533
     289.6204620295371228     -0.0080991
     290.2254701050308086      0.0006089
     290.8304806202160080      0.0032489
     291.4354935748929165      0.0182235
     292.0405089692613387      0.0289639
     292.6455268031214700      0.0130142
     293.2505470766731150     -0.0000096
     293.8555697899162169     -0.0009407
     294.4605949427176483      0.0030621
     295.0656225352771003     -0.0019707
     295.6706525674615023      0.0092114
     296.2756850394039247      0.0246941
     296.8807199510378041      0.0038037
     297.4857573024296471      0.0134838
     298.0907970935130038      0.0122024
     298.6958393243544378      0.0018483
     299.3008839950204560     -0.0017741
     299.9059311054444947     -0.0035314
     300.5109806557597381      0.0007079
     301.1160326457663814      0.0199569
     301.7210870757308498      0.0122841
     302.3261439454532820      0.0160820
     302.9312032550669187      0.0093920
     303.5362650045717032      0.0006456
     304.1413291939010719     -0.0033674
     304.7463958232548293     -0.0004937
     305.3514648924331141     -0.0008095
     305.9565364016357307     -0.0040247
     306.5616103507294952     -0.0174241
     307.1666867397809710      0.0193602
     307.7717655688568357     -0.0060506
     308.3768468378904117      0.0063075
     308.9819305470148265      0.0141245
     309.5870166960969527      0.0153213
     310.1921052852034677      0.0296380
     310.7971963144008214      0.0098255
     311.4022897836225070      0.0067258
     312.0073856930015381      0.0165186
     312.6124840424715217      0.0176914
     313.2175848320323439      0.0247724
     313.8226880617506254      0.0071141
     314.4277937316263092      0.0049546
     315.0329018415928886      0.0127215
     315.6380123917169271      0.0147525
     316.2431253821314954      0.0006779
     316.8482408127035796      0.0276722
     317.4533586834995731      0.0147477
     318.0584789944530257      0.0057280
     318.6636017457636854     -0.0202575
     319.2687269372983110     -0.0088348
     319.8738545690569595      0.0089370
     320.4789846412392649      0.0015666
     321.0841171535790295      0.0010554
     321.6892521063425079     -0.0065172
     322.2943894993966296      0.0136747
     322.8995293328743514      0.0132475
     323.5046716066427166      0.0017701
     324.1098163207682319      0.0016841
     324.7149634753173473      0.0018019
     325.3201130702902333      0.0048284
     325.9252651057534536     -0.0088156
     326.5304195815737671      0.0021165
     327.1355764978843581     -0.0036400
     327.7407358546186629     -0.0009164
     328.3458976519098087     -0.0012876
     328.9510618896246115     -0.0097162
     329.5562285678297485      0.0079403
     330.1613976866582902     -0.0133471
     330.7665692459771094     -0.0029122
     331.3717432459193333      0.0104440
     331.9769196863518346     -0.0018607
     332.5820985674077406      0.0094692
     333.1872798890204876      0.0042648
     333.7924636512566394      0.0057245
     334.3976498542493232     -0.0017299
     335.0028384977322844      0.0063990
     335.6080295819718344     -0.0093925
     336.2132231068347323     -0.0241623
     336.8184190724542759     -0.0169371
     337.4236174786971674     -0.0105135
     338.0288183256965908      0.0093496
     338.6340216134525463      0.0173419
     339.2392273419650905      0.0135068
     339.8444355112341668      0.0141580
     340.4496461212597183      0.0084425
     341.0548591721084790     -0.0006528
     341.6600746637137718     -0.0027464
     342.2652925961421033      0.0077458
     342.8705129694601510      0.0085734
     343.4757357836013512     -0.0000459
     344.0809610386322106     -0.0058163
     344.6861887345527293     -0.0146515
     345.2914188713629073     -0.0200059
     345.8966514490628015     -0.0017444
     346.5018864677189754      0.0132502
     347.1071239273313722      0.0096769
     347.7123638278333715      0.0132763
     348.3176061693583279      0.0104757
     348.9228509518393935     -0.0143485
     349.5280981753433593      0.0045118
     350.1333478398700549     -0.0035305
     350.7385999454196508      0.0158533
     351.3438544919920332     -0.0049613
     351.9491114796538227      0.0106855
     352.5543709084049055      0.0003091
     353.1596327781788318     -0.0015643
     353.7648970891753493      0.0077327
     354.3701638411945964     -0.0091373
     354.9754330343033075      0.0006827
     355.5807046687010597     -0.0107528
     356.1859787441215417     -0.0139760
     356.7912552608312353      0.0163622
     357.3965342186968428     -0.0055162
     358.0018156177849278      0.0142567
     358.6070994580289835      0.0223468
     359.2123857395620803      0.0095463
     359.8176744623177683      0.0039577
     360.4229656263625543      0.0069517
     361.0282592316963246     -0.0014007
     361.6335552783192497      0.0024221
     362.2388537662977797     -0.0198973
     362.8441546954989008     -0.0081909
     363.4494580661887539     -0.0098862
     364.0547638781010846      0.0005756
     364.6600721314356974     -0.0048268
     365.2653828261259150     -0.0043812
     365.8706959622383579     -0.0093709
     366.4760115397730260      0.0106922
     367.0813295587299763      0.0133158
     367.6866500191756018      0.0041249
     368.2919729209769457     -0.0079922
     368.8972982643336422     -0.0131191
     369.5026260491790708     -0.0023400
     370.1079562754467247      0.0054568
     370.7132889433363516      0.0041835
     371.3186240527147106      0.0101250
     371.9239616036484790     -0.0032361
     372.5293015961376000     -0.0018333
     373.1346440301820166     -0.0099451
     373.7399889058483495      0.0032373
     374.3453362230700918     -0.0020585
     374.9506859819803140      0.0104283
     375.5560381825123955     -0.0140549
     376.1613928246664500     -0.0103607
     376.7667499085089844      0.0098846
     377.3721094339734350      0.0156936
     377.9774714012594927      0.0085674
     378.5828358101674667     -0.0024413
     379.1882026608305409     -0.0029221
     379.7935719531820382     -0.0055497
     380.3989436873551995     -0.0097024
     381.0043178632168406      0.0078870
     381.6096944809001457     -0.0298487
     382.2150735404715647     -0.0186394
     382.8204550417314636     -0.0145032
     383.4258389848795900     -0.0105106
     384.0312253698493805      0.0080687
     384.6366141967072849     -0.0068727
     385.2420054653868533     -0.0102600
     385.8473991759545925     -0.0149954
     386.4527953284770661     -0.0061235
     387.0581939228877673     -0.0029185
     387.6635949592532029      0.0119620
     388.2689984375733729     -0.0028642
     388.8744043578483343     -0.0163797
     389.4798127200115232      0.0057114
     390.0852235242625738      0.0112786
     390.6906367704683021      0.0105850
     391.2960524586954421     -0.0068480
     391.9014705890104437     -0.0067441
     392.5068911613467435     -0.0008346
     393.1123141757710187      0.0124460
     393.7177396322165350      0.0048553
     394.3231675308165336      0.0167499
     394.9285978715044507      0.0182395
     395.5340306542802296      0.0020916
     396.1394658792104337      0.0163053
     396.7449035462951201      0.0061658
     397.3503436556008523     -0.0027362
     397.9557862069945031     -0.0185641
     398.5612312006757065     -0.0047989
     399.1666786365113353      0.0005176
     399.7721285145680099     -0.0016072
     400.3775808349122940      0.0029275
     400.9830355974776239     -0.0137284
     401.5884928023971270     -0.0063812
     402.1939524494709985     -0.0062159
     402.7994145389656637      0.0032034
     403.4048790706813179      0.0121854
     404.0103460447512020      0.0024301
     404.6158154612417661     -0.0092135
     405.2212873200198828     -0.0024004
     405.8267616212187363     -0.0146047
     406.4322383647052561     -0.0227259
     407.0377175507455831     -0.0186142
     407.6431991790735196     -0.0104082
     408.2486832498887566     -0.0199639
     408.8541697631912371     -0.0267510
     409.4596587189145112     -0.0009408
     410.0651501171250857      0.0010160
     410.6706439578228469      0.0090044
     411.2761402410080223      0.0019247
     411.8816389667470048     -0.0116312
     412.4871401349732878      0.0031166
     413.0926437458199985      0.0101035
     413.6981497992205732     -0.0057394
     414.3036582951750120     -0.0003991
     414.9091692337498785     -0.0188509
     415.5146826149451726     -0.0108314
     416.1201984387608945     -0.0080071
     416.7257167051304805      0.0166610
     417.3312374143201851      0.0048646
     417.9367605660638105      0.0027158
     418.5422861605609341     -0.0074053
     419.1478141976784855     -0.0047175
     419.7533446775495918      0.0040053
     420.3588776001743668      0.0068985
     420.9644129654860194     -0.0090584
     421.5699507736178475     -0.0127304
     422.1754910244366670      0.0000709
     422.7810337181421687      0.0038005
     423.3865788546012254     -0.0109693
     423.9921264339470781     -0.0024390
     424.5976764560464289     -0.0107753
     425.2032289210324620     -0.0068344
     425.8087838288386138     -0.0198084
     426.4143411795314478     -0.0151603
     427.0199009731776414     -0.0186262
     427.6254632096438968      0.0016498
     428.2310278891300186      0.0009149
     428.8365950114362022      0.0020600
     429.4421645768288727     -0.0027394
     430.0477365850416049     -0.0022433
     430.6533110363407673     -0.0015551
     431.2588879305932323      0.0175703
     431.8644672678655070      0.0030901
     432.4700490482241548      0.0015907
     433.0756332715361054      0.0075450
     433.6812199379344293      0.0075207
     434.2868090473525626     -0.0114081
     434.8924005999236897     -0.0067925
     435.4979945955811900     -0.0076422
     436.1035910343251203     -0.0063828
     436.7091899162220443     -0.0190371
     437.3147912412719052      0.0079268
     437.9203950094747029     -0.0004687
     438.5260012208305511      0.0246677
     439.1316098753393362     -0.0002997
     439.7372209731341854     -0.0091987
     440.3428345140820284     -0.0224057
     440.9484504983159354     -0.0115953
     441.5540689257693998     -0.0122488
     442.1596897965089852     -0.0075356
     442.7653131104680710      0.0059342
     443.3709388677132779      0.0022527
     443.9765670683777330      0.0191127
     444.5821977122616886      0.0005484
     445.1878307994983857     -0.0151319
     445.7934663300877105     -0.0188892
     446.3991043040962268     -0.0096302
     447.0047447213908640     -0.0074001
     447.6103875821047495      0.0099941
     448.2160328863045038     -0.0020688
     448.8216806338568290     -0.0047742
     449.4273308248950798      0.0000160
     450.0329834593524652      0.0105308
     450.6386385372956056     -0.0056881
     451.2442960587246716     -0.0035037
     451.8499560236394927      0.0032681
     452.4556184320400689      0.0204209
     453.0612832839931343      0.0153020
     453.6669505794984616     -0.0147239
     454.2726203185562213     -0.0008251
     454.8782925012328633      0.0052032
     455.4839671273953741      0.0018459
     456.0896441972433877      0.0085743
     456.6953237106436632      0.0035130
     457.3010056677296120     -0.0107957
     457.9066900684343864     -0.0170996
     458.5123769128247204     -0.0081065
     459.1180662009005005     -0.0036015
     459.7237579325952765     -0.0110201
     460.3294521081086259      0.0013980
     460.9351487272409713      0.0079238
     461.5408477901253264      0.0066665
     462.1465492968283684      0.0022338
     462.7522532472169701     -0.0040832
     463.3579596414241450      0.0073087
     463.9636684793833865     -0.0018621
     464.5693797612278786      0.0015586
     465.1750934868244372     -0.0135198
     465.7808096562395690      0.0034968
     466.3865282696065719     -0.0002121
     466.9922493267921482      0.0066760
     467.5979728278629750      0.0051109
     468.2036987728189388      0.0088670
     468.8094271617267736     -0.0040382
     469.4151579945197454      0.0136616
     470.0208912712645315      0.0061350
     470.6266269919610750     -0.0165580
     471.2323651566093758     -0.0107948
     471.8381057653426751     -0.0068612
     472.4438488179610545      0.0156357
     473.0495943146644322      0.0168763
     473.6553422553195105      0.0039444
     474.2610926400595872      0.0038822
     474.8668454689511123     -0.0023598
     475.4726007417943947     -0.0131975
     476.0783584587891255      0.0079356
     476.6841186198687979     -0.0008235
     477.2898812250999754     -0.0108151
     477.8956462744159808     -0.0056571
     478.5014137678835482      0.0079613
     479.1071837055691276      0.0024266
     479.7129560874062122      0.0152456
     480.3187309134613088      0.0090328
     480.9245081836678537      0.0069718
     481.5302878981590879     -0.0029105
     482.1360700568017137     -0.0033346
     482.7418546597955356     -0.0070290
     483.3476417070074262      0.0145443
     483.9534311985039494     -0.0022318
     484.5592231342849914      0.0011146
     485.1650175144173431      0.0036425
     485.7708143388342705     -0.0016573
     486.3766136076023372      0.0046679
     486.9824153207881636      0.0213542
     487.5882194782585657      0.0025733
     488.1940260801467844     -0.0163280
     488.7998351264526491     -0.0070241
