Scan:    454      HS0137+2329 2015-10-24 +05 38 57.0
         OPTICAL                 Tb    
        km/s-LSR                 I
    -522.5281296257466011      0.0038978
    -521.9263765229377441      0.0192286
    -521.3246210001414056      0.0084894
    -520.7228630574572890     -0.0005065
    -520.1211026947855771      0.0052094
    -519.5193399121263838     -0.0051411
    -518.9175747094797089      0.0041989
    -518.3158070868454388      0.0024722
    -517.7140370441570667      0.0025203
    -517.1122645814144789      0.0063781
    -516.5104896985845926      0.0113706
    -515.9087123957338008     -0.0013249
    -515.3069326727957105     -0.0010272
    -514.7051505297700942      0.0036025
    -514.1033659665906725      0.0020272
    -513.5015789833237250      0.0060058
    -512.8997895799028583      0.0107684
    -512.2979977562947624      0.0083162
    -511.6962035124993236      0.0055204
    -511.0944068485500225      0.0005312
    -510.4926077644133784     -0.0062153
    -509.8908062600562516      0.0027087
    -509.2890023354453319     -0.0133114
    -508.6871959906138159      0.0101695
    -508.0853872255285637      0.0108558
    -507.4835760401562084      0.0008715
    -506.8817624344301294      0.0012238
    -506.2799464084502574     -0.0015400
    -505.6781279621832823      0.0008139
    -505.0763070955626404     -0.0008809
    -504.4744838085882748      0.0011027
    -503.8726581012602992     -0.0009407
    -503.2708299735454034      0.0090461
    -502.6689994254434737     -0.0030324
    -502.0671664568880601     -0.0028952
    -501.4653310679457263     -0.0099419
    -500.8634932585831052     -0.0057263
    -500.2616530287670571     -0.0083578
    -499.6598103784974114      0.0026117
    -499.0579653077409716     -0.0039381
    -498.4561178164977377     -0.0003149
    -497.8542679046678927      0.0001624
    -497.2524155723844501     -0.0098759
    -496.6505608195809600      0.0042370
    -496.0487036461908019     -0.0020124
    -495.4468440522472861     -0.0026321
    -494.8449820377171022      0.0007365
    -494.2431176026003072     -0.0055088
    -493.6412507468635340      0.0056622
    -493.0393814704735860     -0.0040357
    -492.4375097734636597     -0.0001239
    -491.8356356558338121      0.0069173
    -491.2337591175174225      0.0044793
    -490.6318801585146048      0.0088808
    -490.0299987787919349     -0.0030601
    -489.4281149783827800      0.0100643
    -488.8262287572538298      0.0015364
    -488.2243401153052673     -0.0048513
    -487.6224490526702198     -0.0050260
    -487.0205555692487565     -0.0065719
    -486.4186596650409911     -0.0103713
    -485.8167613400468099     -0.0078749
    -485.2148605942330164      0.0033108
    -484.6129574275663003      0.0010119
    -484.0110518400799720     -0.0000531
    -483.4091438317073539      0.0049904
    -482.8072334024818701      0.0063330
    -482.2053205523702104      0.0059271
    -481.6034052813390645      0.0041241
    -481.0014875894216857      0.0105255
    -480.3995674765515105      0.0038329
    -479.7976449427285957      0.0009277
    -479.1957199879528275      0.0024113
    -478.5937926121578130     -0.0061433
    -477.9918628154100020      0.0036178
    -477.3899305976761411      0.0041613
    -476.7879959589229770     -0.0026704
    -476.1860588991170857      0.0089006
    -475.5841194182585809      0.0064518
    -474.9821775163475763      0.0041948
    -474.3802331933838445      0.0085806
    -473.7782864492343720      0.0112399
    -473.1763372840322290      0.0054891
    -472.5743856977442761     -0.0110892
    -471.9724316903037789     -0.0071674
    -471.3704752616775409      0.0011479
    -470.7685164119320689     -0.0006279
    -470.1665551409676027      0.0013104
    -469.5645914488507060      0.0021067
    -468.9626253354481378      0.0056486
    -468.3606568008597719      0.0121296
    -467.7586858450524119     -0.0033869
    -467.1567124679927474      0.0012058
    -466.5547366696474683     -0.0031898
    -465.9527584500165744      0.0004635
    -465.3507778091000091     -0.0080313
    -464.7487947468978859      0.0020558
    -464.1468092632770208     -0.0025354
    -463.5448213583705410     -0.0049444
    -462.9428310321451931     -0.0060422
    -462.3408382845010465     -0.0014366
    -461.7388431155047215      0.0060204
    -461.1368455250897114      0.0013375
    -460.5348455132892127     -0.0133876
    -459.9328430800367187     -0.0023408
    -459.3308382252988054      0.0032556
    -458.7288309491422069      0.0153271
    -458.1268212515003597      0.0055794
    -457.5248091324064035      0.0003595
    -456.9227945917938882     -0.0028487
    -456.3207776296627571      0.0071498
    -455.7187582460130102     -0.0016550
    -455.1167364408114508      0.0035340
    -454.5147122139914018     -0.0154758
    -453.9126855656527937     -0.0080114
    -453.3106564957290061     -0.0067677
    -452.7086250041867288      0.0047322
    -452.1065910910260186      0.0028258
    -451.5045547562469324     -0.0007771
    -450.9025159998159893      0.0031325
    -450.3004748217001065      0.0045675
    -449.6984312218992272      0.0109579
    -449.0963852004133514     -0.0017597
    -448.4943367572423654     -0.0014771
    -447.8922858923532431      0.0060940
    -447.2902326057123901      0.0090229
    -446.6881768973532871      0.0055610
    -446.0861187672093138      0.0056987
    -445.4840582152804700      0.0081748
    -444.8819952415001922      0.0063672
    -444.2799298459683541      0.0090852
    -443.6778620286183923     -0.0083180
    -443.0757917894502498     -0.0012784
    -442.4737191283974198     -0.0013720
    -441.8716440454930989     -0.0126113
    -441.2695665407040906     -0.0044024
    -440.6674866140303948     -0.0046508
    -440.0654042653720808      0.0016320
    -439.4633194948623895      0.0014290
    -438.8612323024013904      0.0112279
    -438.2591426879890832      0.0004724
    -437.6570506515922716     -0.0004795
    -437.0549561932108418      0.0043071
    -436.4528593128448506     -0.0059371
    -435.8507600104610447     -0.0037473
    -435.2486582859927466     -0.0018442
    -434.6465541395399441     -0.0004318
    -434.0444475710360166      0.0061564
    -433.4423385804475970      0.0118786
    -432.8402271678081092     -0.0073912
    -432.2381133330176226     -0.0009855
    -431.6359970761427007     -0.0077554
    -431.0338783971168368      0.0037374
    -430.4317572959066638     -0.0017653
    -429.8296337726120555      0.0047186
    -429.2275078270999984      0.0085858
    -428.6253794594368856      0.0088138
    -428.0232486695229568     -0.0026180
    -427.4211154574246621      0.0051201
    -426.8189798231089185      0.0153281
    -426.2168417665089919      0.0069137
    -425.6147012876249960     -0.0026400
    -425.0125583864901841     -0.0007654
    -424.4104130630711893      0.0100745
    -423.8082653173680683      0.0116729
    -423.2061151493143143      0.0047978
    -422.6039625589431807     -0.0030465
    -422.0018075462213005     -0.0048082
    -421.3996501111487873     -0.0056276
    -420.7974902536256536     -0.0065142
    -420.1953279737851972     -0.0072571
    -419.5931632714941770     -0.0121398
    -418.9909961468191568     -0.0109682
    -418.3888265996936298      0.0037053
    -417.7866546301175390     -0.0153369
    -417.1844802380909414     -0.0028638
    -416.5823034235472164      0.0028733
    -415.9801241864864210     -0.0132260
    -415.3779425269417516     -0.0037858
    -414.7757584448800117     -0.0020891
    -414.1735719403011444      0.0051124
    -413.5713830131386430      0.0024225
    -412.9691916634257041      0.0001877
    -412.3669978911291309     -0.0027905
    -411.7648016962155566     -0.0076485
    -411.1626030786518413     -0.0060558
    -410.5604020385376884     -0.0072060
    -409.9581985757399707     -0.0028201
    -409.3559926903253086     -0.0000473
    -408.7537843821938850      0.0034737
    -408.1515736514121500      0.0030162
    -407.5493604979136535      0.0022825
    -406.9471449216983387      0.0071319
    -406.3449269227329523      0.0047702
    -405.7427065010174374     -0.0063467
    -405.1404836565851610     -0.0002928
    -404.5382583893694459      0.0017529
    -403.9360306993704057      0.0015017
    -403.3338005865547302     -0.0085693
    -402.7315680509556728     -0.0085308
    -402.1293330925066130     -0.0065781
    -401.5270957111411008      0.0033664
    -400.9248559069922067     -0.0055056
    -400.3226136799268033     -0.0056198
    -399.7203690300113976     -0.0136525
    -399.1181219571795395     -0.0105073
    -398.5158724614311723     -0.0015493
    -397.9136205427330424     -0.0038017
    -397.3113662010850931     -0.0046260
    -396.7091094364540709      0.0000615
    -396.1068502488732292      0.0078629
    -395.5045886383093148      0.0121909
    -394.9023246047290741     -0.0015367
    -394.3000581481324502      0.0089997
    -393.6977892684861899     -0.0050291
    -393.0955179657902931     -0.0044331
    -392.4932442400447599      0.0093086
    -391.8909680911497162      0.0031586
    -391.2886895192382894     -0.0059069
    -390.6864085242106626      0.0072934
    -390.0841251060335821      0.0090208
    -389.4818392647402447     -0.0055415
    -388.8795510002641436      0.0028395
    -388.2772603126385320     -0.0024669
    -387.6749672018301567     -0.0079000
    -387.0726716678057642     -0.0071570
    -386.4703737105652408      0.0085574
    -385.8680733301419536     -0.0047556
    -385.2657705264360857     -0.0045946
    -384.6634652995141437     -0.0121925
    -384.0611576493095640      0.0064849
    -383.4588475757890365      0.0105550
    -382.8565350790191246      0.0106623
    -382.2542201588335615      0.0014932
    -381.6519028153985573      0.0006525
    -381.0495830486144655     -0.0044089
    -380.4472608584811155     -0.0055851
    -379.8449362449652540      0.0086233
    -379.2426092080669378      0.0064280
    -378.6402797477861668      0.0050589
    -378.0379478640563207      0.0040655
    -377.4356135568442028     -0.0045146
    -376.8332768262495165      0.0007615
    -376.2309376722058119     -0.0060817
    -375.6285960946464684     -0.0044131
    -375.0262520936381065      0.0143675
    -374.4239056691141627      0.0001321
    -373.8215568210745801     -0.0017988
    -373.2192055494861052     -0.0080316
    -372.6168518542821175      0.0016120
    -372.0144957355958582     -0.0027293
    -371.4121371933273963     -0.0071851
    -370.8097762274767888     -0.0070471
    -370.2074128380106686     -0.0061074
    -369.6050470248957822      0.0120272
    -369.0026787881987502      0.0104839
    -368.4003081278196987     -0.0042145
    -367.7979350437253174     -0.0091552
    -367.1955595359821700     -0.0081891
    -366.5931816045569462     -0.0174737
    -365.9908012494497598      0.0003738
    -365.3884184705939902      0.0059049
    -364.7860332679895805     -0.0020483
    -364.1836456416698411      0.0030548
    -363.5812555915349549     -0.0052052
    -362.9788631175849218     -0.0089826
    -362.3764682199195590     -0.0096559
    -361.7740708984056823      0.0022773
    -361.1716711530767157     -0.0121037
    -360.5692689838992919     -0.0097368
    -359.9668643908734111     -0.0040627
    -359.3644573739990733      0.0030266
    -358.7620479331430943      0.0072171
    -358.1596360684720253      0.0021455
    -357.5572217798858787     -0.0058420
    -356.9548050673515149     -0.0073798
    -356.3523859309020168     -0.0002421
    -355.7499643704709911     -0.0057975
    -355.1475403860584379     -0.0132014
    -354.5451139776974969      0.0005054
    -353.9426851452551546     -0.0073744
    -353.3402538888312279     -0.0075427
    -352.7378202084257737      0.0023736
    -352.1353841039387476     -0.0110124
    -351.5329455754036871     -0.0043996
    -350.9305046227871117     -0.0000468
    -350.3280612460558814     -0.0121055
    -349.7256154452431360     -0.0004172
    -349.1231672202824825     -0.0005491
    -348.5207165712070605      0.0009924
    -347.9182634980169269     -0.0118837
    -347.3158080006454611     -0.0062493
    -346.7133500790927201      0.0003915
    -346.1108897333254504      0.0043441
    -345.5084269633768486      0.0020163
    -344.9059617692137181     -0.0046054
    -344.3034941507694384     -0.0057090
    -343.7010241081105733     -0.0026661
    -343.0985516411705589      0.0001533
    -342.4960767499827057      0.0140494
    -341.8935994344805067      0.0086739
    -341.2911196946637915      0.0001312
    -340.6886375305326737      0.0025565
    -340.0861529420871534     -0.0069538
    -339.4836659291939895     -0.0061440
    -338.8811764920197902     -0.0095429
    -338.2786846304313144     -0.0076488
    -337.6761903444618156     -0.0096625
    -337.0736936340780403     -0.0041171
    -336.4711944992799886      0.0077514
    -335.8686929400344070     -0.0006117
    -335.2661889563412387     -0.0109406
    -334.6636825481006667     -0.0002428
    -334.0611737154458751     -0.0010256
    -333.4586624583101298     -0.0027908
    -332.8561487766270943     -0.0098617
    -332.2536326704299086     -0.0046412
    -331.6511141396852054      0.0006595
    -331.0485931843932690     -0.0165057
    -330.4460698044872515     -0.0040217
    -329.8435440000005201      0.0039747
    -329.2410157709331884     -0.0008588
    -328.6384851172518324     -0.0115891
    -328.0359520389231420      0.0022490
    -327.4334165359805979     -0.0058503
    -326.8308786083574660     -0.0077456
    -326.2283382560871132      0.0043055
    -325.6257954791028624      0.0163364
    -325.0232502773382635      0.0022416
    -324.4207026509596403      0.0011422
    -323.8181525998006691     -0.0045984
    -323.2156001239278567      0.0037637
    -322.6130452232746961      0.0061446
    -322.0104878978410738      0.0095812
    -321.4079281476271035      0.0139429
    -320.8053659725994748      0.0133199
    -320.2028013726915674     -0.0046376
    -319.6002343480033119      0.0003842
    -318.9976648984680310     -0.0001836
    -318.3950930240857815      0.0075984
    -317.7925187247900567      0.0141281
    -317.1899420006473633      0.0016974
    -316.5873628515578275     -0.0009583
    -315.9847812775548164     -0.0089056
    -315.3821972785383423      0.0013105
    -314.7796108546417031      0.0043740
    -314.1770220057649681     -0.0020232
    -313.5744307319413906     -0.0013522
    -312.9718370330710968      0.0003267
    -312.3692409092207640     -0.0014935
    -311.7666423603570820      0.0057881
    -311.1640413864134302     -0.0045668
    -310.5614379873898088     -0.0032949
    -309.9588321633528381      0.0095467
    -309.3562239142026442     -0.0028547
    -308.7536132399724238      0.0032364
    -308.1510001406290939      0.0033413
    -307.5483846161391739      0.0044650
    -306.9457666665027773      0.0003161
    -306.3431462917531007      0.0104343
    -305.7405234917238204      0.0030828
    -305.1378982665813169      0.0125767
    -304.5352706162590266      0.0072510
    -303.9326405406903291     -0.0000935
    -303.3300080399085346     -0.0042029
    -302.7273731138804465      0.0000837
    -302.1247357625726977      0.0037768
    -301.5220959859852314      0.0104979
    -300.9194537840848511      0.0100508
    -300.3168091569381772      0.0054709
    -299.7141621044452222      0.0049182
    -299.1115126266060997     -0.0004759
    -298.5088607234540063      0.0138353
    -297.9062063949224353      0.0020948
    -297.3035496410113296     -0.0036608
    -296.7008904617207463     -0.0065970
    -296.0982288569508114      0.0067979
    -295.4955648268347090      0.0009679
    -294.8928983712725085     -0.0009087
    -294.2902294902642097     -0.0015959
    -293.6875581837766163     -0.0020580
    -293.0848844518096143     -0.0004820
    -292.4822082943632608      0.0191774
    -291.8795297113710490      0.0029858
    -291.2768487028329218     -0.0014299
    -290.6741652688153863      0.0092736
    -290.0714794092186821      0.0032825
    -289.4687911240760627     -0.0002646
    -288.8661004133542178      0.0020665
    -288.2634072770199509     -0.0022245
    -287.6607117150731483      0.0056232
    -287.0580137275139236      0.0027836
    -286.4553133142422325     -0.0011241
    -285.8526104753914296      0.0111343
    -285.2499052108615842      0.0000559
    -284.6471975206193861     -0.0026057
    -284.0444874046980885      0.0021222
    -283.4417748630644951      0.0025481
    -282.8390598957186057      0.0040425
    -282.2363425025937431      0.0009904
    -281.6336226836900209     -0.0003557
    -281.0309004390407495     -0.0064104
    -280.4281757686125047     -0.0039633
    -279.8254486723720333     -0.0006741
    -279.2227191503193922     -0.0072787
    -278.6199872024545812     -0.0002546
    -278.0172528287442901     -0.0027380
    -277.4145160291552656      0.0006847
    -276.8117768036209441      0.0034318
    -276.2090351522743390      0.0114833
    -275.6062910750158039      0.0093112
    -275.0035445718452252      0.0041064
    -274.4007956427292925     -0.0034026
    -273.7980442876680058      0.0002350
    -273.1952905066614221     -0.0024139
    -272.5925342996429777      0.0069933
    -271.9897756666126156     -0.0049742
    -271.3870146076036463     -0.0124799
    -270.7842511225828162     -0.0025772
    -270.1814852115168151     -0.0102959
    -269.5787168744055862     -0.0040139
    -268.9759461112491863      0.0023035
    -268.3731729219811655      0.0085590
    -267.7703973066346066     -0.0020806
    -267.1676192651096926     -0.0040136
    -266.5648387975396645      0.0141476
    -265.9620559038246483      0.0070483
    -265.3592705839312202      0.0025455
    -264.7564828378928610      0.0160128
    -264.1536926656428932     -0.0018149
    -263.5509000672146271     -0.0004625
    -262.9481050425747526     -0.0101235
    -262.3453075916567059      0.0038027
    -261.7425077145603609      0.0032518
    -261.1397054111858438      0.0041611
    -260.5369006815332114      0.0081650
    -259.9340935256357170      0.0052858
    -259.3312839433934300      0.0104836
    -258.7284719348730277      0.0027249
    -258.1256575000078897     -0.0093466
    -257.5228406387315090     -0.0069849
    -256.9200213511435891      0.0070638
    -256.3171996372109902     -0.0025839
    -255.7143754968671487     -0.0030605
    -255.1115489301452612     -0.0161602
    -254.5087199369787925     -0.0128603
    -253.9058885174010243      0.0063184
    -253.3030546713787032      0.0054747
    -252.7002183988119270     -0.0028274
    -252.0973796998671617      0.0158436
    -251.4945385743779696      0.0159222
    -250.8916950224109144      0.0166294
    -250.2888490439327143     -0.0043166
    -249.6860006389101159     -0.0017628
    -249.0831498073430623     -0.0061189
    -248.4802965491982718      0.0056595
    -247.8774408644425193     -0.0049198
    -247.2745827531423402      0.0086396
    -246.6717222152311990      0.0026883
    -246.0688592506757288     -0.0055746
    -245.4659938595092967     -0.0126966
    -244.8631260416985640      0.0087532
    -244.2602557972102773      0.0002987
    -243.6573831260111547      0.0000502
    -243.0545080281011678     -0.0013868
    -242.4516305035136554      0.0056702
    -241.8487505522152503      0.0024768
    -241.2458681741727560      0.0153685
    -240.6429833693861156      0.0033082
    -240.0400961377887938     -0.0040656
    -239.4372064794472976     -0.0035147
    -238.8343143942951485      0.0005288
    -238.2314198822657261     -0.0079314
    -237.6285229434921860     -0.0028678
    -237.0256235778413725     -0.0037612
    -236.4227217853465959      0.0057001
    -235.8198175660077993      0.0007179
    -235.2169109197585328     -0.0029391
    -234.6140018465986259     -0.0044520
    -234.0110903465282490      0.0054740
    -233.4081764194806965     -0.0083423
    -232.8052600655559274     -0.0002114
    -232.2023412846540111     -0.0037123
    -231.5994200767750044      0.0095231
    -230.9964964418855971      0.0052331
    -230.3935703800190424      0.0089035
    -229.7906418911421440      0.0054798
    -229.1877109752215347     -0.0030864
    -228.5847776321906792     -0.0109860
    -227.9818418621827050      0.0081652
    -227.3789036650644846      0.0130397
    -226.7759630408692999      0.0004538
    -226.1730199895638691     -0.0037211
    -225.5700745111482206     -0.0077021
    -224.9671266055889873     -0.0033987
    -224.3641762728196909     -0.0086156
    -223.7612235129401199      0.0055268
    -223.1582683258837392      0.0050490
    -222.5553107116505487      0.0011936
    -221.9523506701739564     -0.0019141
    -221.3493882014873009     -0.0027088
    -220.7464233055905254     -0.0037535
    -220.1434559824170947     -0.0047439
    -219.5404862319336985      0.0080893
    -218.9375140542069289      0.0025226
    -218.3345394491701938     -0.0058844
    -217.7315624168568036      0.0027858
    -217.1285829572001944      0.0080095
    -216.5256010702003380     -0.0025066
    -215.9226167558572058      0.0013480
    -215.3196300141376298      0.0123000
    -214.7166408449749326      0.0086696
    -214.1136492484689882      0.0090663
    -213.5106552245532612      0.0089053
    -212.9076587731944414      0.0026920
    -212.3046598943925289     -0.0076663
    -211.7016585881475521     -0.0028550
    -211.0986548544262007     -0.0084833
    -210.4956486932284747     -0.0059977
    -209.8926401044545287      0.0005181
    -209.2896290882374899     -0.0069512
    -208.6866156444775413     -0.0018255
    -208.0835997731746545      0.0051055
    -207.4805814742954908     -0.0061553
    -206.8775607478734457     -0.0057686
    -206.2745375938418988     -0.0039337
    -205.6715120122008500      0.0039868
    -205.0684840028836788     -0.0036206
    -204.4654535660236263     -0.0037508
    -203.8624207014874798     -0.0004022
    -203.2593854092752679      0.0119590
    -202.6563476893869904     -0.0023798
    -202.0533075418226474      0.0027586
    -201.4502649665489287      0.0078730
    -200.8472199635325808      0.0116398
    -200.2441725327736037      0.0104376
    -199.6411226742719975      0.0122888
    -199.0380703880277338     -0.0074831
    -198.4350156739742772     -0.0173624
    -197.8319585321781631     -0.0083221
    -197.2288989625395743     -0.0150099
    -196.6258369650584825     -0.0114117
    -196.0227725397681979      0.0002319
    -195.4197056865688751      0.0130561
    -194.8166364055270492      0.0031326
    -194.2135646966427203     -0.0129259
    -193.6104905598160428      0.0000199
    -193.0074139951136090      0.0008989
    -192.4043350024688266     -0.0058246
    -191.8012535818817241      0.0033238
    -191.1981697333189913      0.0044202
    -190.5950834567806567      0.0114042
    -189.9919947522666348     -0.0023338
    -189.3889036197770679     -0.0130575
    -188.7858100592452786      0.0018438
    -188.1827140707045487      0.0030947
    -187.5796156541216533     -0.0103312
    -186.9765148094965923     -0.0094325
    -186.3734115367627169      0.0118044
    -185.7703058358868589      0.0107904
    -185.1671977070020603     -0.0028608
    -184.5640871499419404     -0.0041166
    -183.9609741648063732      0.0111724
    -183.3578587514954279      0.0018112
    -182.7547409100091897     -0.0029194
    -182.1516206403809122     -0.0072459
    -181.5484979425440315      0.0030312
    -180.9453728164319557      0.0031503
    -180.3422452621778405      0.0078619
    -179.7391152796818403      0.0019869
    -179.1359828689106450     -0.0024886
    -178.5328480298975649     -0.0067502
    -177.9297107626093464      0.0026639
    -177.3265710670459043      0.0063165
    -176.7234289431407603     -0.0045793
    -176.1202843908605473     -0.0057167
    -175.5171374103051676      0.0121938
    -174.9139880014080575     -0.0061687
    -174.3108361641359352     -0.0146317
    -173.7076818984887439      0.0024971
    -173.1045252044332869     -0.0078116
    -172.5013660819694508     -0.0068523
    -171.8982045310640956      0.0034874
    -171.2950405516838259      0.0001156
    -170.6918741439285157     -0.0011348
    -170.0887053076650659     -0.0055739
    -169.4855340429267301     -0.0014750
    -168.8823603496802548     -0.0086785
    -168.2791842279256116     -0.0051024
    -167.6760056776628005      0.0074349
    -167.0728246988252579     -0.0080532
    -166.4696412914129553     -0.0113538
    -165.8664554554592598      0.0122887
    -165.2632671909307760      0.0019935
    -164.6600764977610254     -0.0002259
    -164.0568833760165717     -0.0030015
    -163.4536878256307944      0.0005446
    -162.8504898466037503     -0.0101344
    -162.2472894389020723      0.0034308
    -161.6440866024925640      0.0100652
    -161.0408813374417605     -0.0018522
    -160.4376736436830697      0.0038867
    -159.8344635211832667      0.0139484
    -159.2312509699755765      0.0019973
    -158.6280359899934638      0.0039546
    -158.0248185812702104     -0.0058215
    -157.4215987437725062     -0.0136489
    -156.8183764774338158     -0.0044498
    -156.2151517823207030      0.0040631
    -155.6119246583998574      0.0052070
    -155.0086951056380258     -0.0025959
    -154.4054631240351796     -0.0030439
    -153.8022287135580939      0.0013397
    -153.1989918742066550      0.0050697
    -152.5957526059477232      0.0017381
    -151.9925109087146211     -0.0027256
    -151.3892667826405045      0.0012473
    -150.7860202276255848     -0.0002064
    -150.1827712436364948      0.0004444
    -149.5795198306732914     -0.0116919
    -148.9762659887692564     -0.0088102
    -148.3730097178244591      0.0026530
    -147.7697510178722951      0.0043496
    -147.1664898888794255     -0.0047224
    -146.5632263308458505     -0.0055240
    -145.9599603438048518     -0.0040817
    -145.3566919276565841     -0.0004655
    -144.7534210824343290     -0.0019991
    -144.1501478081048333      0.0012537
    -143.5468721046680685      0.0008067
    -142.9435939720907243     -0.0093647
    -142.3403134103395473     -0.0034588
    -141.7370304194811297     -0.0081479
    -141.1337449994155691      0.0068162
    -140.5304571501762041      0.0028097
    -139.9271668717629495      0.0008592
    -139.3238741641093554     -0.0034964
    -138.7205790272153081      0.0027926
    -138.1172814610808928     -0.0126853
    -137.5139814656394890     -0.0054788
    -136.9106790409576888      0.0003990
    -136.3073741870022104     -0.0101867
    -135.7040669037064617     -0.0010406
    -135.1007571911370349      0.0078369
    -134.4974450491940843     -0.0058927
    -133.8941304779441452      0.0080144
    -133.2908134772874291     -0.0016777
    -132.6874940472238222     -0.0111993
    -132.0841721878200303      0.0035020
    -131.4808478989760943      0.0115713
    -130.8775211807586061      0.0094804
    -130.2741920330677772      0.0024412
    -129.6708604559368041     -0.0033182
    -129.0675264493324619      0.0013834
    -128.4641900132547221     -0.0089816
    -127.8608511476037677     -0.0041734
    -127.2575098525126975     -0.0138033
    -126.6541661279149480      0.0072063
    -126.0508199737439554      0.0009349
    -125.4474713900330300      0.0026748
    -124.8441203767488474     -0.0000515
    -124.2407669338914218     -0.0062814
    -123.6374110614274855      0.0099912
    -123.0340527592904749      0.0038343
    -122.4306920275801929     -0.0011120
    -121.8273288662301184     -0.0017609
    -121.2239632752069554      0.0003661
    -120.6205952545107181     -0.0117990
    -120.0172248041413638     -0.0002117
    -119.4138519240656535     -0.0055420
    -118.8104766142835729     -0.0057408
    -118.2070988747285440     -0.0062058
    -117.6037187054671307      0.0085943
    -117.0003361064327976      0.0071648
    -116.3969510776255163      0.0016993
    -115.7935636190452868      0.0021470
    -115.1901737306255598      0.0049479
    -114.5867814123996027     -0.0023254
    -113.9833866643674298     -0.0020846
    -113.3799894863958855      0.0053817
    -112.7765898786514214     -0.0017331
    -112.1731878410008534      0.0075451
    -111.5697833734775060      0.0097663
    -110.9663764760148013     -0.0070195
    -110.3629671486793029      0.0020767
    -109.7595553913711797      0.0014046
    -109.1561412041236707      0.0036425
    -108.5527245868369732      0.0040794
    -107.9493055396441861      0.0151755
    -107.3458840624454922     -0.0011982
    -106.7424601552408632      0.0063317
    -106.1390338179970172      0.0075772
    -105.5356050507472361      0.0021583
    -104.9321738534249704     -0.0008701
    -104.3287402260302201     -0.0050144
    -103.7253041684964074     -0.0063705
    -103.1218656809233778      0.0003859
    -102.5184247632445818      0.0072203
    -101.9149814154267233      0.0041315
    -101.3115356374697882     -0.0028931
    -100.7080874293405230      0.0045279
    -100.1046367910389137      0.0007491
     -99.5011837225649458     -0.0033456
     -98.8977282238520843     -0.0015725
     -98.2942702949668785      0.0013836
     -97.6908099358427364     -0.0039293
     -97.0873471464797149     -0.0083209
     -96.4838819268444752     -0.0060478
     -95.8804142769703276     -0.0005522
     -95.2769441967574409      0.0074560
     -94.6734716862723360     -0.0015358
     -94.0699967454151817      0.0029411
     -93.4665193742525560      0.0108085
     -92.8630395727844586      0.0011765
     -92.2595573409110159      0.0021643
     -91.6560726786988198     -0.0034822
     -91.0525855860480107      0.0046137
     -90.4490960630251521      0.0002270
     -89.8456041095636948     -0.0035683
     -89.2421097256303142     -0.0134024
     -88.6386129112916308     -0.0148769
     -88.0351136664810383      0.0025381
     -87.4316119911985368      0.0001045
     -86.8281078854441404     -0.0063895
     -86.2246013491512997     -0.0098132
     -85.6210923823199721     -0.0129467
     -85.0175809849169184      0.0000905
     -84.4140671570086738      0.0046346
     -83.8105508985619565      0.0023076
     -83.2070322095102171     -0.0136551
     -82.6035110898534271     -0.0135401
     -81.9999875395916291     -0.0050950
     -81.3964615586915130      0.0031733
     -80.7929331471530787     -0.0030170
     -80.1894023049097626     -0.0122940
     -79.5858690320613960     -0.0061223
     -78.9823333285081759     -0.0031397
     -78.3787951942500456     -0.0024107
     -77.7752546292870477     -0.0040997
     -77.1717116336191680      0.0028419
     -76.5681662071798286      0.0043395
     -75.9646183499690579      0.0054443
     -75.3610680619535458      0.0036836
     -74.7575153431998558      0.0103830
     -74.1539601936414527      0.0246015
     -73.5504026132783082      0.0206196
     -72.9468426020438443      0.0060290
     -72.3432801600046673      0.0086030
     -71.7397152870941852      0.0103844
     -71.1361479832791019      0.0146009
     -70.5325782485594601      0.0265121
     -69.9290060829685132      0.0253516
     -69.3254314864396832      0.0246828
     -68.7218544590062805      0.0315563
     -68.1182750006017130      0.0301181
     -67.5146931112260091      0.0279079
     -66.9111087908791404      0.0301707
     -66.3075220395611211      0.0323640
     -65.7039328571721057      0.0411491
     -65.1003412438119398      0.0471091
     -64.4967471993807635      0.0340919
     -63.8931507239451619      0.0506873
     -63.2895518174052611      0.0640591
     -62.6859504797943643      0.0833080
     -62.0823467110791825      0.0770800
     -61.4787405112929974      0.0771135
     -60.8751318802693930      0.0832498
     -60.2715208182080673      0.0910890
     -59.6679073249758858      0.1050835
     -59.0642914005395667      0.1103557
     -58.4606730449656808      0.1211646
     -57.8570522581543685      0.1250108
     -57.2534290401722075      0.1327040
     -56.6498033909193381      0.1410551
     -56.0461753103957676      0.1499207
     -55.4425447986680595      0.1666141
     -54.8389118556363613      0.1812759
     -54.2352764813339618      0.1780402
     -53.6316386757275652      0.1865950
     -53.0279984388171854      0.2156507
     -52.4243557705695409      0.2217821
     -51.8207106709846101      0.2296218
     -51.2170631399625691      0.2438478
     -50.6134131776365308      0.2706155
     -50.0097607839066640      0.2891103
     -49.4061059587729474      0.3212082
     -48.8024487022353952      0.3285209
     -48.1987890142274367      0.3411338
     -47.5951268948156354      0.3744432
     -46.9914623439001531      0.4028987
     -46.3877953614809755      0.4271953
     -45.7841259476246734      0.4565681
     -45.1804541022313941      0.4859190
     -44.5767798253344267      0.5317965
     -43.9731031169004822      0.5729423
     -43.3694239768962859      0.6222741
     -42.7657424053551196      0.6833643
     -42.1620584022104055      0.7503971
     -41.5583719674288687      0.8216040
     -40.9546831010770731      0.8957779
     -40.3509918031217367      0.9992138
     -39.7472980734962889      1.0861011
     -39.1436019122340255      1.2030096
     -38.5399033193016436      1.3334067
     -37.9362022946658755      1.4811478
     -37.3324988383599958      1.6169043
     -36.7287929502508774      1.7826396
     -36.1250846305049294      1.9396373
     -35.5213738789890243      2.0754151
     -34.9176606957364442      2.1995180
     -34.3139450807138999      2.2828076
     -33.7102270338881169      2.3238008
     -33.1065065552590880      2.3344073
     -32.5027836447935314      2.3369730
     -31.8990583024914507      2.3389516
     -31.2953305283528458      2.3475702
     -30.6916003223777132      2.3601630
     -30.0878676845327675      2.3583946
     -29.4841326147847269      2.3624020
     -28.8803951131335950      2.3952465
     -28.2766551795793681      2.4389658
     -27.6729128140554828      2.5305848
     -27.0691680165619317      2.6511874
     -26.4654207871320040      2.8035707
     -25.8616711257656995      2.9884799
     -25.2579190323631657      3.1559293
     -24.6541645069576880      3.2444839
     -24.0504075495492664      3.1388443
     -23.4466481601046119      2.8858943
     -22.8428863385904464      2.5995400
     -22.2391220849734843      2.3428295
     -21.6353553993203001      2.1506863
     -21.0315862815643122      2.0098152
     -20.4278147317055350      1.9492395
     -19.8240407497439541      1.9120699
     -19.2202643356130132      1.8855346
     -18.6164854893127121      1.8883158
     -18.0127042108763291      1.9318142
     -17.4089205002040153      1.9893719
     -16.8051343573623377      2.0870042
     -16.2013457823180147      2.2158628
     -15.5975547750377626      2.3756111
     -14.9937613355215777      2.5966592
     -14.3899654637694621      2.8455601
     -13.7861671597148501      3.1818819
     -13.1823664233910218      3.6134484
     -12.5785632546981301      4.1581645
     -11.9747576537360239      4.8876033
     -11.3709496204714195      5.8444462
     -10.7671391548377500      7.1587315
     -10.1633262568683005      8.9324198
      -9.5595109264965021     11.3516541
      -8.9556931637556350     14.5356016
      -8.3518729685791389     18.7537327
      -7.7480503409670094     24.6087704
      -7.1442252809525311     32.5817413
      -6.5403977885024203     40.9923134
      -5.9365678635833934     46.4483910
      -5.3327355061954504     48.7474747
      -4.7289007163053087     49.9562759
      -4.1250634938796820     49.9884224
      -3.5212238389851400     48.5201950
      -2.9173817514552640     46.4223099
      -2.3135372314564715     43.2312317
      -1.7096902788889121     38.4827919
      -1.1058408937193021     32.9827995
      -0.5019890759809249     27.8910160
       0.1018651743595028     23.8198128
       0.7057218573352648     21.0336571
       1.3095809730129286     19.6591969
       1.9134425213259265     19.5282459
       2.5173065022742591     19.9749031
       3.1211729159244928     19.8561039
       3.7250417622100609     18.2087135
       4.3289130412640979     14.9230261
       4.9327867530200367     11.1446877
       5.5366628975444447      8.2893200
       6.1405414748373213      6.6164970
       6.7444224848986671      5.5242143
       7.3483059277284815      4.5982995
       7.9521918033933314      3.7490375
       8.5560801118266525      3.0253868
       9.1599708530950057      2.4437439
       9.7638640272649670      2.0062556
      10.3677596342033933      1.6701630
      10.9716576741099932      1.3752996
      11.5755581468516286      1.1462277
      12.1794610525614360      0.9781863
      12.7833663911062754      0.8226868
      13.3872741626192884      0.6973448
      13.9911843670339060      0.5989025
      14.5950970044832609      0.5150611
      15.1990120749007858      0.4449978
      15.8029295782864825      0.3697321
      16.4068495147069164      0.3229375
      17.0107718840955187      0.2888294
      17.6146966865854324      0.2440117
      18.2186239220435127      0.2239320
      18.8225535906694681      0.1979397
      19.4264856922635900      0.1695715
      20.0304202270255907      0.1427881
      20.6343571948888922      0.1445785
      21.2382965959200689      0.1145982
      21.8422384300525465      0.1030229
      22.4461826972863356      0.0983900
      23.0501293977545600      0.0950671
      23.6540785313906596      0.0729972
      24.2580300981946344      0.0646857
      24.8619840982330444      0.0604569
      25.4659405315058969      0.0483026
      26.0698993980797553      0.0492588
      26.6738606978214889      0.0449854
      27.2778244308642286      0.0383506
      27.8817905972079743      0.0387708
      28.4857591967861588      0.0282590
      29.0897302297319236      0.0141106
      29.6937036960452581      0.0233040
      30.2976795956595986      0.0179258
      30.9016579286415194      0.0063249
      31.5056386949910099      0.0167100
      32.1096218947746408      0.0052974
      32.7136075279258520      0.0070752
      33.3175955944446329      0.0230370
      33.9215860944641250      0.0154494
      34.5255790279177575      0.0100398
      35.1295743948055375      0.0099549
      35.7335721952605923      0.0105540
      36.3375724291497804      0.0095949
      36.9415750965396867      0.0085521
      37.5455801974303043      0.0043492
      38.1495877318881895      0.0137559
      38.7535976998467859      0.0124645
      39.3576101014392350      0.0027044
      39.9616249365323810      0.0072455
      40.5656422053259433      0.0088488
      41.1696619076867876      0.0121670
      41.7736840436814703      0.0090197
      42.3777086132434277      0.0071560
      42.9817356165723581      0.0001361
      43.5857650534685845     -0.0013910
      44.1897969240651989      0.0058045
      44.7938312284288074      0.0049916
      45.3978679664928180      0.0048183
      46.0019071382572520      0.0027281
      46.6059487437220810     -0.0052260
      47.2099927830204678      0.0053480
      47.8140392560192637      0.0103764
      48.4180881628516033      0.0038528
      49.0221395034509158      0.0081818
      49.6261932778837789      0.0083846
      50.2302494862167563      0.0048843
      50.8343081283167137      0.0031650
      51.4383692042502148      0.0023031
      52.0424327141503937      0.0032135
      52.6464986578841234      0.0102002
      53.2505670355179603      0.0067945
      53.8546378470519116      0.0027057
      54.4587110925525408      0.0003758
      55.0627867720198552      0.0092416
      55.6668648854538475     -0.0139760
      56.2709454327879541     -0.0014007
      56.8750284141553095     -0.0010894
      57.4791138295559136      0.0013396
      58.0832016789231957     -0.0046406
      58.6872919623902902     -0.0029380
      59.2913846799571971      0.0056983
      59.8954798314907890      0.0032029
      60.4995774171242005      0.0057889
      61.1036774368574171      0.0037415
      61.7077798906904604     -0.0088631
      62.3118847786233090     -0.0003879
      62.9159921007891114      0.0024287
      63.5201018569881555      0.0067951
      64.1242140474867170      0.0005783
      64.7283286720850981     -0.0013428
      65.3324457309164330      0.0020396
      65.9365652239141298      0.0059798
      66.5406871512113725     -0.0007758
      67.1448115126749769      0.0067792
      67.7489383084381132      0.0032545
      68.3530675384341890      0.0093562
      68.9571992027963461     -0.0017710
      69.5613333014580206     -0.0006324
      70.1654698343526491     -0.0011407
      70.7696088016133587     -0.0003962
      71.3737502032401494      0.0051786
      71.9778940391664719      0.0012293
      72.5820403095254250     -0.0101295
      73.1861890142504734      0.0010386
      73.7903401534747445      0.0018374
      74.3944937269985189      0.0063251
      74.9986497349549666     -0.0088262
      75.6028081774106084      0.0123761
      76.2069690542989093      0.0030963
      76.8111323656864471      0.0029887
      77.4152981115731791     -0.0004846
      78.0194662919591337      0.0022945
      78.6236369069108747      0.0001447
      79.2278099562952889      0.0010906
      79.8319854403120246      0.0031841
      80.4361633588945750      0.0066623
      81.0403437119763197      0.0130448
      81.6445264997570064     -0.0064941
      82.2487117221034509      0.0015704
      82.8528993790157102     -0.0007658
      83.4570894706934467      0.0013381
      84.0612819969369554      0.0045784
      84.6654769578794060      0.0321187
      85.2696743535207702      0.0065049
      85.8738741837944843      0.0048183
      86.4780764488336899     -0.0018605
      87.0822811485718091     -0.0065988
      87.6864882830754198     -0.0041296
      88.2906978524110855     -0.0032688
      88.8949098564456790     -0.0008891
      89.4991242952457497      0.0054374
      90.1033411688778898     -0.0009034
      90.7075604772755071     -0.0044128
      91.3117822205717431     -0.0036836
      91.9160063986334706     -0.0096790
      92.5202330116603804     -0.0043048
      93.1244620595193737     -0.0075750
      93.7286935422769574      0.0049623
      94.3329274599331882      0.0068323
      94.9371638124880235      0.0061906
      95.5414025999414918     -0.0026810
      96.1456438224267060     -0.0014703
      96.7498874798105533      0.0021832
      97.3541335722261465     -0.0017153
      97.9583820996069363     -0.0038087
      98.5626330620194722      0.0068238
      99.1668864593972188      0.0011951
      99.7711422918732893     -0.0116671
     100.3754005593811058     -0.0030571
     100.9796612619206684      0.0097877
     101.5839243995585690      0.0013358
     102.1881899722947935     -0.0040404
     102.7924579801959055     -0.0025601
     103.3967284231953556      0.0041915
     104.0010013012931154     -0.0022476
     104.6052766146223405     -0.0091475
     105.2095543630498895     -0.0005173
     105.8138345466423260      0.0005317
     106.4181171654662137     -0.0066983
     107.0224022195215809     -0.0030446
     107.6266897088749488      0.0003766
     108.2309796333932326      0.0059173
     108.8352719931429817      0.0079207
     109.4395667881907315     -0.0052660
     110.0438640185365102      0.0006796
     110.6481636841137544     -0.0140629
     111.2524657851221690      0.0024123
     111.8567703213620206     -0.0004745
     112.4610772930330569     -0.0005285
     113.0653867000686716     -0.0061801
     113.6696985424023154     -0.0089649
     114.2740128201671155     -0.0018133
     114.8783295332965224      0.0120622
     115.4826486819236493      0.0057435
     116.0869702659153688     -0.0058546
     116.6912942854048225     -0.0048154
     117.2956207403919962     -0.0077425
     117.8999496308103403     -0.0032689
     118.5042809566598265     -0.0064169
     119.1086147180736248     -0.0032420
     119.7129509150517208     -0.0063738
     120.3172895475275368     -0.0098799
     120.9216306155010869      0.0014164
     121.5259741191054985      0.0023401
     122.1303200583407573      0.0009862
     122.7346684331403424      0.0052550
     123.3390192435041968      0.0074839
     123.9433724894989126     -0.0042643
     124.5477281711245041     -0.0081340
     125.1520862884475207     -0.0028313
     125.7564468414014129     -0.0035033
     126.3608098300527161     -0.0007048
     126.9651752544680221      0.0015172
     127.5695431145807675      0.0043324
     128.1739134103909237      0.0090699
     128.7782861418985192      0.0059572
     129.3826613092366813     -0.0071343
     129.9870389122722827      0.0033142
     130.5914189511384507      0.0078788
     131.1958014258351852      0.0092688
     131.8001863363624295      0.0135217
     132.4045736826537336      0.0061646
     133.0089634648421395     -0.0022131
     133.6133556828611120     -0.0110203
     134.2177503367772431     -0.0170681
     134.8221474265905044     -0.0003718
     135.4265469523008392      0.0098265
     136.0309489139083610      0.0078376
     136.6353533114795766     -0.0074886
     137.2397601450144862      0.0034684
     137.8441694145131180     -0.0059000
     138.4485811199088232      0.0073896
     139.0529952614014064     -0.0008622
     139.6574118388576551     -0.0006947
     140.2618308523441897      0.0017448
     140.8662523018610102     -0.0015976
     141.4706761874746519     -0.0070803
     142.0751025091185511     -0.0012187
     142.6795312667927362      0.0035486
     143.2839624606302777     -0.0047775
     143.8883960905646973     -0.0008893
     144.4928321565959379     -0.0041442
     145.0972706587905634      0.0011667
     145.7017115971486305      0.0130122
     146.3061549717366177      0.0188269
     146.9106007824880464      0.0141546
     147.5150490294028316      0.0010140
     148.1194997124810868      0.0002682
     148.7239528318557973     -0.0112238
     149.3284083874605415     -0.0012278
     149.9328663792952057      0.0012451
     150.5373268074264388      0.0001254
     151.1417896719207761      0.0007522
     151.7462549726450618     -0.0074703
     152.3507227096658880      0.0079201
     152.9551928830498184     -0.0063033
     153.5596654927968530     -0.0018264
     154.1641405389069917      0.0024551
     154.7686180213802061      0.0029234
     155.3730979402165815     -0.0025197
     155.9775802955491599     -0.0008616
     156.5820650872448425     -0.0052279
     157.1865523153036293      0.0076207
     157.7910419799252111     -0.0051837
     158.3955340809764607     -0.0049899
     159.0000286184574065     -0.0087072
     159.6045255925011475     -0.0071839
     160.2090250029745562      0.0009352
     160.8135268500773236     -0.0076426
     161.4180311336763509      0.0111852
     162.0225378538381733     -0.0047874
     162.6270470105627908     -0.0042779
     163.2315586038502317     -0.0019331
     163.8360726337004678     -0.0072255
     164.4405891002466262     -0.0078602
     165.0451080033556082      0.0022533
     165.6496293431605409      0.0072333
     166.2541531195948608      0.0038466
     166.8586793327250746      0.0014099
     167.4632079824846755      0.0180908
     168.0677390690067909      0.0036770
     168.6722725922248571     -0.0012722
     169.2768085521388173     -0.0086921
     169.8813469488153487      0.0019363
     170.4858877823209014     -0.0027403
     171.0904310525224048      0.0042091
     171.6949767595529863     -0.0013949
     172.2995249033460823      0.0065720
     172.9040754839682563      0.0067543
     173.5086285014860721     -0.0095042
     174.1131839557663739     -0.0080549
     174.7177418469423458      0.0046311
     175.3223021750804946      0.0023737
     175.9268649399811579     -0.0017517
     176.5314301418440266      0.0039378
     177.1359977806025654      0.0024192
     177.7405678563232811     -0.0082269
     178.3451403690062307      0.0113326
     178.9497153186513856      0.0064259
     179.5542927052587459     -0.0060084
     180.1588725288948751     -0.0118515
     180.7634547895597734      0.0089970
     181.3680394871868771     -0.0057301
     181.9726266218427781     -0.0034542
     182.5772161935940119     -0.0018353
     183.1818082024405783     -0.0048659
     183.7864026483159421      0.0055351
     184.3909995312866386     -0.0059954
     184.9955988514858234     -0.0102090
     185.6002006087137772     -0.0024789
     186.2048048031036558      0.0004187
     186.8094114346554022     -0.0061851
     187.4140205033691018     -0.0055317
     188.0186320092446977      0.0010788
     188.6232459523487535      0.0025615
     189.2278623326812976     -0.0044002
     189.8324811502423302     -0.0044949
     190.4371024050318510      0.0054751
     191.0417260971163955     -0.0032356
     191.6463522264294284     -0.0055765
     192.2509807931040768     -0.0041108
     192.8556117970071853     -0.0011329
     193.4602452382719093      0.0023008
     194.0648811168982775     -0.0072706
     194.6695194328196408     -0.0014802
     195.2741601861026481      0.0016604
     195.8788033768138348     -0.0032880
     196.4834490048866087      0.0072640
     197.0880970703210266     -0.0039913
     197.6927475732501875     -0.0024418
     198.2974005136075277     -0.0075637
     198.9020558914596108     -0.0133408
     199.5067137066733096      0.0062943
     200.1113739594483150      0.0058274
     200.7160366496514712      0.0058967
     201.3207017774159908      0.0030937
     201.9253693427417886     -0.0076561
     202.5300393455623578     -0.0023081
     203.1347117858776699     -0.0012742
     203.7393866638874158     -0.0167609
     204.3440639794584968     -0.0134639
     204.9487437325908843     -0.0054918
     205.5534259233511705     -0.0076635
     206.1581105516727632     -0.0019387
     206.7627976176887614      0.0045881
     207.3674871213992503      0.0021810
     207.9721790627376095     -0.0011714
     208.5768734418369945     -0.0055834
     209.1815702585642498     -0.0067573
     209.7862695130525310     -0.0009361
     210.3909712052352461      0.0028344
     210.9956753351789871      0.0030514
     211.6003819028837540      0.0015742
     212.2050909084161106      0.0045856
     212.8098023516429009      0.0030671
     213.4145162328304082      0.0157946
     214.0192325517123777      0.0059839
     214.6239513084219084      0.0078125
     215.2286725030255923      0.0126149
     215.8333961355234578     -0.0000745
     216.4381222058488561      0.0098915
     217.0428507140684644      0.0006418
     217.6475816601821975      0.0015644
     218.2523150443231827     -0.0029828
     218.8570508663583496     -0.0126984
     219.4617891262876697     -0.0037419
     220.0665298242442702      0.0025201
     220.6712729600950240      0.0088243
     221.2760185340396220     -0.0005898
     221.8807665459449368      0.0108928
     222.4855169958775605      0.0023742
     223.0902698839705920      0.0022180
     223.6950252100243119      0.0019906
     224.2997829741053692     -0.0075474
     224.9045431763468059     -0.0067897
     225.5093058166155515     -0.0038516
     226.1140708950447049     -0.0021016
     226.7188384116342945     -0.0111558
     227.3236083663177283      0.0008487
     227.9283807592281335     -0.0020082
     228.5331555902989749     -0.0049434
     229.1379328595302241     -0.0085402
     229.7427125669218810      0.0042948
     230.3474947126071584      0.0013282
     230.9522792964527866     -0.0085062
     231.5570663185920068     -0.0092010
     232.1618557790247621      0.0070456
     232.7666476777510809      0.0169847
     233.3714420147043711      0.0086708
     233.9762387899512248      0.0043422
     234.5810380035582057     -0.0059787
     235.1858396555253137     -0.0034216
     235.7906437457859852      0.0008610
     236.3954502744733190      0.0014541
     237.0002592415208085     -0.0067131
     237.6050706469949603     -0.0009434
     238.2098844908292108     -0.0063518
     238.8147007730901805     -0.0021786
     239.4195194938444047      0.0010933
     240.0243406529587844     -0.0105626
     240.6291642506329538     -0.0109256
     241.2339902867338139      0.0050479
     241.8388187613944638      0.0000647
     242.4436496745484249     -0.0071807
     243.0484830261956120      0.0043342
     243.6533188164026456      0.0153860
     244.2581570451694688     -0.0032645
     244.8629977124961385      0.0030524
     245.4678408184492184      0.0043373
     246.0726863629620880     -0.0021098
     246.6775343461679313     -0.0002462
     247.2823847680001563      0.0171668
     247.8872376283922279      0.0028574
     248.4920929274772448      0.0059969
     249.0969506652552354      0.0048664
     249.7018108417261431      0.0066485
     250.3066734568900529     -0.0017690
     250.9115385107468796     -0.0098860
     251.5164060033632438      0.0009205
     252.1212759348057091     -0.0052758
     252.7261483049411481      0.0170871
     253.3310231138360962      0.0009663
     253.9359003615571453     -0.0097072
     254.5407800481042955     -0.0005051
     255.1456621734109547      0.0114510
     255.7505467376102786      0.0081347
     256.3554337406357035     -0.0013113
     256.9603231825537932      0.0074194
     257.5652150633645192      0.0018437
     258.1701093830678815     -0.0064089
     258.7750061416639937     -0.0010982
     259.3799053391526854     -0.0042423
     259.9848069756671975      0.0012731
     260.5897110510743460      0.0098499
     261.1946175654407512      0.0094529
     261.7995265188995404      0.0019761
     262.4044379112509660     -0.0057635
     263.0093517426281551     -0.0061621
     263.6142680130977283     -0.0000328
     264.2191867225265582      0.0004479
     264.8241078711142791      0.0080034
     265.4290314587278203      0.0160979
     266.0339574853671252      0.0220449
     266.6388859512319982      0.0104079
     267.2438168561891416      0.0031067
     267.8487502002387259      0.0029727
     268.4536859834472011     -0.0049945
     269.0586242058146240     -0.0058350
     269.6635648673409378      0.0060192
     270.2685079680928197      0.0089134
     270.8734535080035357      0.0086633
     271.4784014872063267      0.0062302
     272.0833519056346859      0.0131123
     272.6883047632885564     -0.0034408
     273.2932600602343882      0.0082981
     273.8982177964057882     -0.0081314
     274.5031779719357701      0.0008309
     275.1081405866913201      0.0065951
     275.7131056408720156      0.0114963
     276.3180731343447860      0.0125283
     276.9230430671761951      0.0046290
     277.5280154394328065      0.0041719
     278.1329902509814929      0.0043725
     278.7379675019553247      0.0004552
     279.3429471923544156      0.0053064
     279.9479293221786520      0.0015648
     280.5529138914946543     -0.0000188
     281.1579009002359157      0.0102698
     281.7628903484688863     -0.0082034
     282.3678822361271159      0.0172026
     282.9728765633436183      0.0165320
     283.5778733300519434      0.0150615
     284.1828725363185413      0.0053109
     284.7878741820769619     -0.0026002
     285.3928782674602189      0.0022263
     285.9978847924018623     -0.0082941
     286.6028937569018353      0.0026007
     287.2079051610267015      0.0091978
     287.8129190047764610      0.0069699
     288.4179352881511136      0.0085772
     289.0229540112172231      0.0037580
     289.6279751739082826      0.0062407
     290.2329987762907422     -0.0026018
     290.8380248183647154     -0.0023641
     291.4430533001967092      0.0051669
     292.0480842216536530     -0.0073686
     292.6531175829351241      0.0091269
     293.2581533839081089     -0.0021801
     293.8631916246391143      0.0016899
     294.4682323051947037      0.0060107
     295.0732754255749342      0.0010153
     295.6783209857797488     -0.0066621
     296.2833689857425838     -0.0071376
     296.8884194255966236     -0.0040335
     297.4934723052751906      0.0173905
     298.0985276247784554      0.0148460
     298.7035853842393749      0.0061038
     299.3086455835915558      0.0058903
     299.9137082228348845      0.0044365
     300.5187733021024883      0.0103903
     301.1238408211946194     -0.0028838
     301.7289107803111392      0.0047096
     302.3339831793854273      0.0104967
     302.9390580184173700      0.0032485
     303.5441352974737015     -0.0104483
     304.1492150165543080      0.0049521
     304.7542971756591328      0.0096424
     305.3593817749215305     -0.0043832
     305.9644688141415827      0.0023752
     306.5695582934525305     -0.0030142
     307.1746502128543739     -0.0048986
     307.7797445723470560      0.0004785
     308.3848413719306336     -0.0075936
     308.9899406117381773     -0.0042514
     309.5950422916366165     -0.0045260
     310.2001464117590785      0.0050669
     310.8052529720389430     -0.0012900
     311.4103619724763234     -0.0084609
     312.0154734132041767     -0.0109248
     312.6205872940894892      0.0007026
     313.2257036151988245      0.0079292
     313.8308223765988032     -0.0001180
     314.4359435782892547     -0.0033495
     315.0410672202703495     -0.0087648
     315.6461933025419739     -0.0034366
     316.2513218251041849     -0.0084921
     316.8564527879569823      0.0013365
     317.4615861912334367     -0.0027146
     318.0667220348005344     -0.0089772
     318.6718603187912890      0.0059055
     319.2770010431391938      0.0041528
     319.8821442079108124     -0.0035812
     320.4872898131062016      0.0016034
     321.0924378587251908      0.0041584
     321.6975883447679507     -0.0035840
     322.3027412713009880      0.0002833
     322.9078966382577391     -0.0040917
     323.5130544457712745     -0.0051836
     324.1182146937750872      0.0012237
     324.7233773823358547     -0.0013074
     325.3285425113867859      0.0024131
     325.9337100809945582     -0.0110002
     326.5388800911592284     -0.0000204
     327.1440525418807397      0.0000674
     327.7492274332256557     -0.0110786
     328.3544047651939763     -0.0140257
     328.9595845377857017     -0.0076903
     329.5647667510008318     -0.0001796
     330.1699514048394235      0.0032301
     330.7751384993679267     -0.0027212
     331.3803280345863982     -0.0045198
     331.9855200105614585     -0.0065417
     332.5907144271599236     -0.0046359
     333.1959112845148638     -0.0086476
     333.8011105826930134     -0.0042352
     334.4063123214945676      0.0033008
     335.0115165011857243     -0.0057175
     335.6167231215669062      0.0016354
     336.2219321827711838     -0.0011177
     336.8271436847986138      0.0010677
     337.4323576277157031     -0.0014724
     338.0375740113893244     -0.0069736
     338.6427928360191686     -0.0022595
     339.2480141014721653     -0.0062582
     339.8532378078148213     -0.0083213
     340.4584639550471934     -0.0140432
     341.0636925431691679     -0.0204821
     341.6689235723140428     -0.0064194
     342.2741570423485769     -0.0082640
     342.8793929533393339     -0.0163551
     343.4846313053528775      0.0100362
     344.0898720983893213      0.0031419
     344.6951153323819312      0.0046142
     345.3003610073308209      0.0089196
     345.9056091234356245     -0.0007902
     346.5108596804967647      0.0012176
     347.1161126787137619     -0.0005357
     347.7213681179536025     -0.0094407
     348.3266259983494137     -0.0032809
     348.9318863197679548      0.0051250
     349.5371490824090870     -0.0037014
     350.1424142861395694     -0.0131550
     350.7476819309595157      0.0014402
     351.3529520170684464      0.0095888
     351.9582245442668409     -0.0125439
     352.5634995127542197     -0.0013187
     353.1687769223976261     -0.0034876
     353.7740567733300736     -0.0012818
     354.3793390654184350      0.0046433
     354.9846237988625148      0.0036907
     355.5899109734625654     -0.0061395
     356.1952005894181639     -0.0066896
     356.8004926467295377      0.0025149
     357.4057871452633321     -0.0114410
     358.0110840852193519     -0.0041352
     358.6163834664645265      0.0048123
     359.2216852891318126      0.0091676
     359.8269895530882536     -0.0014392
     360.4322962584669199      0.0095803
     361.0376054052678114     -0.0046783
     361.6429169934908145      0.0054614
     362.2482310231360998      0.0018337
     362.8535474942701740      0.0017948
     363.4588664068930939      0.0091207
     364.0641877609381822     -0.0089459
     364.6695115564720595     -0.0089451
     365.2748377934946689     -0.0001124
     365.8801664720726876      0.0057861
     366.4854975922060589     -0.0065069
     367.0908311538947828     -0.0083001
     367.6961671572054229     -0.0045733
     368.3015056020047950     -0.0036432
     368.9068464884261402     -0.0029898
     369.5121898164694016     -0.0042106
     370.1175355862011429      0.0028968
     370.7228837974882367      0.0129272
     371.3282344504638104      0.0054854
     371.9335875451279207     -0.0064068
     372.5389430814804541      0.0026554
     373.1443010595214673      0.0010376
     373.7496614792510172     -0.0068563
     374.3550243407355538     -0.0096633
     374.9603896439751907     -0.0032432
     375.5657573889698710     -0.0015227
     376.1711275757862154     -0.0053310
     376.7765002042910396      0.0069240
     377.3818752747505982     -0.0015064
     377.9872527868985799     -0.0003574
     378.5926327409348460      0.0051732
     379.1980151367926624      0.0069423
     379.8033999745387064     -0.0028371
     380.4087872541729780     -0.0074926
     381.0141769756953636     -0.0130452
     381.6195691391059768     -0.0126651
     382.2249637444713244     -0.0157507
     382.8303607917914633      0.0023630
     383.4357602809997729     -0.0013352
     384.0411622122293807     -0.0012587
     384.6465665854137796     -0.0055179
     385.2519734006194767     -0.0037864
     385.8573826577799082      0.0049002
     386.4627943570282582      0.0022772
     387.0682084983645268     -0.0089319
     387.6736250816555298      0.0139418
     388.2790441071009582      0.0015467
     388.8844655745677983     -0.0018635
     389.4898894841224433     -0.0013002
     390.0953158358315704     -0.0084632
     390.7007446296951798     -0.0026828
     391.3061758656466509     -0.0012614
     391.9116095438857315     -0.0130887
     392.5170456641461101      0.0038771
     393.1224842266940982      0.0018184
     393.7279252313965685     -0.0044787
     394.3333686783200278     -0.0029801
     394.9388145674645330     -0.0074517
     395.5442628988965907     -0.0036216
     396.1497136725497512      0.0074848
     396.7551668885570280      0.0022601
     397.3606225468518574     -0.0007100
     397.9660806473677326      0.0000621
     398.5715411902377809      0.0051989
     399.1770041754620024      0.0106421
     399.7824696030403970      0.0029586
     400.3879374729729079      0.0083585
     400.9934077853262124     -0.0046017
     401.5988805401001400      0.0054974
     402.2043557372282976     -0.0020300
     402.8098333767771919      0.0019746
     403.4153134587467662     -0.0090935
     404.0207959832036977      0.0106161
     404.6262809501478728      0.0105918
     405.2317683595127846      0.0045703
     405.8372582114315605      0.0010369
     406.4427505059042005      0.0048658
     407.0482452428641409      0.0137514
     407.6537424223779453      0.0015187
     408.2592420444456138     -0.0114556
     408.8647441090670895     -0.0096200
     409.4702486163090498      0.0013307
     410.0757555661048173     -0.0115719
     410.6812649585876329     -0.0006477
     411.2867767936909331     -0.0010265
     411.8922910714145473     -0.0036500
     412.4978077918252097      0.0064376
     413.1033269548562998      0.0085571
     413.7088485606409449     -0.0019183
     414.3143726091125814      0.0027903
     414.9198991002712091      0.0054585
     415.5254280341834487      0.0014994
     416.1309594109158070     -0.0085687
     416.7364932304017202     -0.0052809
     417.3420294925746248     -0.0024620
     417.9475681976342116     -0.0104907
     418.5531093454474103     -0.0177235
     419.1586529360806708     -0.0126285
     419.7641989696006704     -0.0042792
     420.3697474459407317     -0.0040618
     420.9752983652341527      0.0113992
     421.5808517273476355      0.0128660
     422.1864075323479142      0.0110492
     422.7919657802347615      0.0090159
     423.3975264710749684      0.0074233
     424.0030896048684212     -0.0048415
     424.6086551816151200      0.0023360
     425.2142232013816852      0.0010854
     425.8197936641680599      0.0015016
     426.4253665698411169      0.0055767
     427.0309419186006039     -0.0004387
     427.6365197103799005      0.0003568
     428.2420999451790635     -0.0004545
     428.8476826230645997      0.0118702
     429.4532677439700024      0.0056684
     430.0588553080282850     -0.0014988
     430.6644453152396181     -0.0029185
     431.2700377655373245      0.0024275
     431.8756326589214041      0.0059850
     432.4812299954584773     -0.0104051
     433.0868297752151079     -0.0115468
     433.6924319981246754     -0.0137045
     434.2980366641872365      0.0015906
     434.9036437735358618      0.0122754
     435.5092533261040444      0.0035762
     436.1148653218917843      0.0072834
     436.7204797608990248      0.0161705
     437.3260966431923293      0.0095436
     437.9317159687718117     -0.0086649
     438.5373377376374151      0.0006730
     439.1429619498555894      0.0069587
     439.7485886053599415      0.0086181
     440.3542177042834851      0.0069034
     440.9598492464931496     -0.0077454
     441.5654832320554988      0.0123938
     442.1711196610370394      0.0016869
     442.7767585334378282      0.0001392
     443.3823998492579221     -0.0051906
     443.9880436084972075      0.0006964
     444.5936898111557412      0.0030927
     445.1993384573666503     -0.0114780
     445.8049895469301873     -0.0047267
     446.4106430800460998      0.0067616
     447.0162990566478243     -0.0002792
     447.6219574768019243     -0.0142738
     448.2276183405084566     -0.0035665
     448.8332816477006872     -0.0048040
     449.4389473985119139     -0.0069412
     450.0446155928755161     -0.0119425
     450.6502862308580006     -0.0010458
     451.2559593123929176      0.0052588
     451.8616348376133374      0.0032262
     452.4673128064526963     -0.0014285
     453.0729932189109377      0.0012249
     453.6786760750547387      0.0075888
     454.2843613748840426      0.0077440
     454.8900491184654129      0.0000781
     455.4957393057322292      0.0006261
     456.1014319366846621      0.0033701
     456.7071270113891046      0.0048447
     457.3128245298456136      0.0047445
     457.9185244921207527     -0.0052263
     458.5242268981480152     -0.0045905
     459.1299317479939077      0.0128776
     459.7356390416584304      0.0069200
     460.3413487791416401     -0.0007032
     460.9470609604434230      0.0082200
     461.5527755856303997     -0.0070517
     462.1584926547026271     -0.0093381
     462.7642121676599913     -0.0022562
     463.3699341245026631      0.0024840
     463.9756585252970922      0.0084775
     464.5813853700432219      0.0082705
     465.1871146586746590      0.0076807
     465.7928463913243604     -0.0005721
     466.3985805679258760     -0.0021060
     467.0043171885457127      0.0002908
     467.6100562531173068     -0.0178494
     468.2157977617738425     -0.0125436
     468.8215417144486992      0.0040065
     469.4272881111419338     -0.0061363
     470.0330369519866736      0.0018431
     470.6387882368496776      0.0048356
     471.2445419657976231      0.0055746
     471.8502981388970738     -0.0043946
     472.4560567560813524      0.0005299
     473.0618178174171931      0.0182102
     473.6675813229710457     -0.0008579
     474.2733472726097830     -0.0078432
     474.8791156664665891     -0.0171890
     475.4848865045414641     -0.0038803
     476.0906597868343511      0.0019984
     476.6964355133453068     -0.0036828
     477.3022136840742178     -0.0069119
     477.9079942990878749     -0.0089836
     478.5137773584526144     -0.0090412
     479.1195628619688591      0.0000143
     479.7253508099028636     -0.0025490
     480.3311412020549369     -0.0088064
     480.9369340386247131     -0.0102776
     481.5427293194790650     -0.0093721
     482.1485270447512335     -0.0035011
     482.7543272143745412     -0.0103455
     483.3601298284156087     -0.0121344
     483.9659348868078723     -0.0144992
     484.5717423896844025     -0.0026824
     485.1775523369787493     -0.0103137
     485.7833647286907421     -0.0064669
     486.3891795648871152     -0.0043392
     486.9949968455678118      0.0051190
     487.6008165707327748     -0.0021427
     488.2066387405153023     -0.0081567
     488.8124633547154190     -0.0096696
