Scan:     10           KAZ238 2015-10-21 +00 08 17.0
         OPTICAL                 Tb    
        km/s-LSR                 XX
    -522.5243708359048469     -0.0113184
    -521.9226220870299358     -0.0089742
    -521.3208709182341636      0.0121743
    -520.7191173295173030     -0.0294987
    -520.1173613209127780      0.0027903
    -519.5156028922873475      0.0077920
    -518.9138420437742525     -0.0063615
    -518.3120787752070555     -0.0145658
    -517.7103130867188838     -0.0155925
    -517.1085449781432999     -0.0222437
    -516.5067744496135447     -0.0041583
    -515.9050015009962635     -0.0079989
    -515.3032261323915009      0.0037109
    -514.7014483437326362      0.0076963
    -514.0996681349197388     -0.0094570
    -513.4978855060528531     -0.0091060
    -512.8961004570651312     -0.0053970
    -512.2943129879568005     -0.0032481
    -511.6925230986944939      0.0033722
    -511.0907307893448319     -0.0019547
    -510.4889360597413202     -0.0193266
    -509.8871389100170859     -0.0139204
    -509.2853393401056792     -0.0135339
    -508.6835373499071125      0.0005326
    -508.0817329395546267      0.0062936
    -507.4799261089149240      0.0013813
    -506.8781168580881058      0.0036039
    -506.2763051869075639      0.0063223
    -505.6744910955065393     -0.0039047
    -505.0726745838183547     -0.0085337
    -504.4708556517432498     -0.0131184
    -503.8690342994142952     -0.0195554
    -503.2672105266651101     -0.0017332
    -502.6653843336288787      0.0000638
    -502.0635557201723600     -0.0005109
    -501.4617246863954279     -0.0110594
    -500.8598912321317584     -0.0018668
    -500.2580553575144222      0.0147302
    -499.6562170624767987     -0.0005134
    -499.0543763469523810     -0.0017632
    -498.4525332110077898      0.0142646
    -497.8506876545430373      0.0019483
    -497.2488396776248010     -0.0138440
    -496.6469892801532069     -0.0042764
    -496.0451364622280721     -0.0048172
    -495.4432812237162693      0.0063342
    -494.8414235647176724      0.0073353
    -494.2395634851657746     -0.0172979
    -493.6377009849605884      0.0077241
    -493.0358360642352977      0.0087009
    -492.4339687228568323      0.0039094
    -491.8320989608916989      0.0072717
    -491.2302267782400804      0.0098411
    -490.6283521750017940      0.0053044
    -490.0264751510437122      0.0005769
    -489.4245957064657091     -0.0084931
    -488.8227138412011641      0.0015341
    -488.2208295551503170      0.0065445
    -487.6189428484461814     -0.0048125
    -487.0170537209557438     -0.0243120
    -486.4151621727788211     -0.0140492
    -485.8132682037489189     -0.0124896
    -485.2113718140325318     -0.0000625
    -484.6094730034299687     -0.0015506
    -484.0075717721075534     -0.0114188
    -483.4056681199322725      0.0165619
    -482.8037620468707587      0.0116527
    -482.2018535530228860     -0.0039575
    -481.5999426382555271      0.0086120
    -480.9980293026353024      0.0018549
    -480.3961135460954779      0.0104806
    -479.7941953686695911     -0.0064497
    -479.1922747703241043     -0.0082192
    -478.5903517509925678      0.0115428
    -477.9884263107416018     -0.0019964
    -477.3864984495044723      0.0017131
    -476.7845681673147169     -0.0089832
    -476.1826354640722343     -0.0137788
    -475.5807003398437018      0.0007923
    -474.9787627945625559      0.0073331
    -474.3768228282953601      0.0051434
    -473.7748804409422405      0.0003882
    -473.1729356325032541     -0.0046346
    -472.5709884029782870     -0.0106989
    -471.9690387523341997     -0.0012490
    -471.3670866806374420      0.0109305
    -470.7651321877216901     -0.0103075
    -470.1631752737532111      0.0068449
    -469.5612159385324844      0.0032255
    -468.9592541822258340     -0.0143825
    -468.3572900047001895     -0.0132624
    -467.7553234059554370     -0.0043361
    -467.1533543859916904     -0.0011850
    -466.5513829447755825     -0.0139561
    -465.9494090823737338     -0.0143338
    -465.3474327986529602     -0.0122685
    -464.7454540936798821     -0.0042351
    -464.1434729673879360      0.0065744
    -463.5414894198436286     -0.0062094
    -462.9395034509471998      0.0038989
    -462.3375150606984789      0.0111921
    -461.7355242491310037     -0.0054766
    -461.1335310161779830     -0.0050875
    -460.5315353618727272      0.0028891
    -459.9295372861155897     -0.0144850
    -459.3275367890061602     -0.0003419
    -458.7255338704447354      0.0080836
    -458.1235285304645686     -0.0030573
    -457.5215207690324064     -0.0033468
    -456.9195105861148818     -0.0211590
    -456.3174979817453618     -0.0008216
    -455.7154829558239157      0.0035879
    -455.1134655084505312      0.0141132
    -454.5114456395251636     -0.0086591
    -453.9094233490812940     -0.0031962
    -453.3073986370854982      0.0161946
    -452.7053715034712695     -0.0003187
    -452.1033419483384250      0.0144165
    -451.5013099715205840      0.0021279
    -450.8992755731841271     -0.0047118
    -450.2972387531293634      0.0026784
    -449.6951995115227874     -0.0002641
    -449.0931578481978477      0.0026050
    -448.4911137632211648      0.0040470
    -447.8890672565928526     -0.0080048
    -447.2870183282129233      0.0031376
    -446.6849669781479406     -0.0074161
    -446.0829132062980875     -0.0113686
    -445.4808570127964913     -0.0064910
    -444.8787983974435178     -0.0068182
    -444.2767373603721808     -0.0034305
    -443.6746739014827767     -0.0039364
    -443.0726080208416988     -0.0126806
    -442.4705397183493005     -0.0044809
    -441.8684689940053545      0.0173787
    -441.2663958478433415      0.0066446
    -440.6643202797965841      0.0104352
    -440.0622422898983928      0.0082088
    -439.4601618780822037      0.0158356
    -438.8580790444145805     -0.0098059
    -438.2559937887624528     -0.0072004
    -437.6539061112254672     -0.0049937
    -437.0518160117373441     -0.0015109
    -436.4497234902312357     -0.0031307
    -435.8476285468073002     -0.0021488
    -435.2455311813320691     -0.0136447
    -434.6434313939056437     -0.0044965
    -434.0413291843947832     -0.0024052
    -433.4392245529326146     -0.0005705
    -432.8371174993195041      0.0024011
    -432.2350080237218322     -0.0074706
    -431.6328961260396682     -0.0098794
    -431.0307818062065621     -0.0051638
    -430.4286650643222742      0.0103854
    -429.8265459002537909      0.0046453
    -429.2244243141008724     -0.0137192
    -428.6223003057636447      0.0108189
    -428.0201738752755318      0.0064233
    -427.4180450226363632      0.0180661
    -426.8159137477130685      0.0112299
    -426.2137800506720851      0.0166675
    -425.6116439313137221      0.0030339
    -425.0095053897709931     -0.0090430
    -424.4073644259443086      0.0084019
    -423.8052210398666944      0.0230561
    -423.2030752314716437      0.0024319
    -422.6009270008258341      0.0020217
    -421.9987763478958414     -0.0098671
    -421.3966232725485952     -0.0065984
    -420.7944677749172797     -0.0008552
    -420.1923098548687108      0.0256537
    -419.5901495125026486      0.0076449
    -418.9879867477193898      0.0125305
    -418.3858215605521877      0.0156362
    -417.7836539509344220      0.0138609
    -417.1814839189326563      0.0060539
    -416.5793114644804405      0.0051836
    -415.9771365875443507     -0.0059598
    -415.3749592881576973     -0.0043496
    -414.7727795662206631      0.0114452
    -414.1705974218663755      0.0158047
    -413.5684128548951435     -0.0052095
    -412.9662258654734046     -0.0063241
    -412.3640364534679748     -0.0088934
    -411.7618446189121642     -0.0250351
    -411.1596503618059160     -0.0144988
    -410.5574536820494700     -0.0050588
    -409.9552545797093330      0.0026870
    -409.3530530547189983     -0.0064641
    -408.7508491071782259     -0.0012745
    -408.1486427368873819     -0.0092831
    -407.5464339440128470      0.0181593
    -406.9442227283881834     -0.0067679
    -406.3420090901133790     -0.0081932
    -405.7397930291550097     -0.0093568
    -405.1375745454132584      0.0039111
    -404.5353536389546889      0.0049833
    -403.9331303097127943      0.0068550
    -403.3309045577873349      0.0092292
    -402.7286763829786764      0.0002352
    -402.1264457854531997      0.0021109
    -401.5242127651110309      0.0102537
    -400.9219773218856631     -0.0099293
    -400.3197394558769133     -0.0019141
    -399.7174991669517112      0.0159314
    -399.1152564552097601     -0.0134118
    -398.5130113205513567     -0.0078260
    -397.9107637630430077     -0.0015813
    -397.3085137825515858      0.0042510
    -396.7062613791769081      0.0189734
    -396.1040065528857781      0.0013172
    -395.5017493035782081     -0.0004705
    -394.8994896313208756     -0.0110492
    -394.2972275360472167      0.0122765
    -393.6949630178237385      0.0016133
    -393.0926960765506237      0.0031150
    -392.4904267122611827      0.0050304
    -391.8881549249220484      0.0132542
    -391.2858807145332776      0.0058829
    -390.6836040810948703      0.0089712
    -390.0813250245069526      0.0196335
    -389.4790435448360881      0.0078708
    -388.8767596420490804      0.0037024
    -388.2744733161458157      0.0114012
    -387.6721845670597872      0.0185757
    -387.0698933948575586     -0.0027536
    -386.4675997994060026     -0.0036262
    -385.8653037808381896      0.0020358
    -385.2630053390543594     -0.0052593
    -384.6607044740211450      0.0031654
    -384.0584011857718565      0.0021711
    -383.4560954742399872     -0.0137784
    -382.8537873394920439      0.0085139
    -382.2514767814281527      0.0083109
    -381.6491638000816806     -0.0118942
    -381.0468483954192607     -0.0136035
    -380.4445305674409497     -0.0064656
    -379.8422103161467476     -0.0017272
    -379.2398876414700339      0.0025609
    -378.6375625434441190     -0.0032448
    -378.0352350220024391      0.0101709
    -377.4329050772115579      0.0066523
    -376.8305727089716015     -0.0074716
    -376.2282379173492473      0.0056846
    -375.6259007022777610     -0.0004558
    -375.0235610636907495      0.0101556
    -374.4212190017211697     -0.0057227
    -373.8188745161695010      0.0057040
    -373.2165276072020106      0.0170503
    -372.6141782746856279     -0.0054164
    -372.0118265186536632      0.0036635
    -371.4094723390394392     -0.0120768
    -370.8071157359429435      0.0030036
    -370.2047567092309919     -0.0231137
    -369.6023952589367809     -0.0038710
    -369.0000313850604812      0.0173659
    -368.3976650875021051     -0.0022949
    -367.7952963663948367     -0.0007403
    -367.1929252215722954     -0.0078520
    -366.5905516531342414     -0.0060454
    -365.9881756610141679     -0.0084769
    -365.3857972452120180      0.0025491
    -364.7834164057278485      0.0126416
    -364.1810331424618425     -0.0175223
    -363.5786474555137602     -0.0079918
    -362.9762593447838412     -0.0213494
    -362.3738688103385357     -0.0035294
    -361.7714758520448299      0.0016308
    -361.1690804700358512     -0.0146522
    -360.5666826641450484     -0.0047330
    -359.9642824345057193     -0.0094946
    -359.3618797810178762     -0.0049825
    -358.7594747036483227     -0.0123173
    -358.1570672024635655     -0.0132998
    -357.5546572773305911      0.0000760
    -356.9522449283491028      0.0049846
    -356.3498301554192835      0.0090059
    -355.7474129586411209      0.0070706
    -355.1449933378480068     -0.0020462
    -354.5425712931731823      0.0092875
    -353.9401468245167734      0.0086866
    -353.3377199318122166      0.0109024
    -352.7352906151926391     -0.0008392
    -352.1328588744916033      0.0012595
    -351.5304247098089263      0.0114734
    -350.9279881210449616      0.0102763
    -350.3255491082992990      0.0089662
    -349.7231076714722349     -0.0040604
    -349.1206638104971489     -0.0070831
    -348.5182175254739718      0.0046849
    -347.9157688163027160      0.0167544
    -347.3133176830500588      0.0018400
    -346.7108641256160695      0.0158023
    -346.1084081440341720      0.0082007
    -345.5059497382708855     -0.0203689
    -344.9034889083596909     -0.0016013
    -344.3010256542337970     -0.0057773
    -343.6985599758601779     -0.0049569
    -343.0960918733052267      0.0062942
    -342.4936213464690695     -0.0183535
    -341.8911483953851871      0.0147050
    -341.2886730199867884      0.0247598
    -340.6861952203738610      0.0037261
    -340.0837149964132209     -0.0006624
    -339.4812323481381213     -0.0134247
    -338.8787472755818726      0.0097780
    -338.2762597785781509     -0.0095706
    -337.6737698572932231     -0.0039419
    -337.0712775115940758     -0.0004683
    -336.4687827415471588     -0.0013380
    -335.8662855470194586     -0.0106475
    -335.2637859281439887     -0.0091363
    -334.6612838847544822     -0.0028740
    -334.0587794170172060      0.0028428
    -333.4562725247658364     -0.0045778
    -332.8537632080002595      0.0062568
    -332.2512514668204631     -0.0009537
    -331.6487373010267561     -0.0069467
    -331.0462207108187158     -0.0028787
    -330.4437016959967082     -0.0153172
    -329.8411802566605502     -0.0037273
    -329.2386563927104817      0.0051248
    -328.6361301042462628     -0.0016578
    -328.0336013911680197     -0.0002057
    -327.4310702534425559      0.0012998
    -326.8285366911364349     -0.0072986
    -326.2260007041497261     -0.0065820
    -325.6234622925491067      0.0049310
    -325.0209214562345892      0.0017305
    -324.4183781952727941      0.0110347
    -323.8158325096305248      0.0002441
    -323.2132843992077937     -0.0150389
    -322.6107338641378988     -0.0122527
    -322.0081809042542318     -0.0061864
    -321.4056255196568372      0.0184266
    -320.8030677102456707      0.0062846
    -320.2005074760874095     -0.0000436
    -319.5979448170822366     -0.0097085
    -318.9953797333299121     -0.0109273
    -318.3928122247306760      0.0021717
    -317.7902422912511611      0.0063409
    -317.1876699329579878      0.0009599
    -316.5850951497179153      0.0161194
    -315.9825179416642413      0.0183086
    -315.3799383086637818     -0.0029703
    -314.7773562507497900      0.0007002
    -314.1747717678888989     -0.0129983
    -313.5721848601478996      0.0222889
    -312.9695955274266908      0.0068874
    -312.3670037696588793     -0.0012420
    -311.7644095869774787      0.0156045
    -311.1618129792162222      0.0155425
    -310.5592139465081232      0.0041982
    -309.9566124886867442      0.0225968
    -309.3540086058853262     -0.0072705
    -308.7514022979706851     -0.0016671
    -308.1487935650425811     -0.0113840
    -307.5461824070013108      0.0035620
    -306.9435688237801969      0.0078219
    -306.3409528155124804      0.0019621
    -305.7383343820649770     -0.0011995
    -305.1357135235041937      0.0051008
    -304.5330902397303703      0.0013853
    -303.9304645308100135     -0.0050528
    -303.3278363966433062     -0.0197855
    -302.7252058373300656     -0.0036056
    -302.1225728528037280      0.0059970
    -301.5199374429644763     -0.0036727
    -300.9172996079121276     -0.0004080
    -300.3146593475801751     -0.0070461
    -299.7120166619685619     -0.0193179
    -299.1093715510439779     -0.0137763
    -298.5067240148397900      0.0077724
    -297.9040740533226881      0.0173171
    -297.3014216663927414      0.0137546
    -296.6987668541499374      0.0165091
    -296.0961096164942887     -0.0155461
    -295.4934499535257260     -0.0132219
    -294.8907878650778116      0.0061595
    -294.2881233512836729      0.0019375
    -293.6854564119768725     -0.0049199
    -293.0827870473239614     -0.0153116
    -292.4801152571583316      0.0178573
    -291.8774410415133502      0.0051596
    -291.2747644004223275     -0.0048831
    -290.6720853337520794     -0.0143294
    -290.0694038416358467     -0.0075389
    -289.4667199239070783     -0.0044577
    -288.8640335806989583     -0.0038666
    -288.2613448119115560     -0.0125711
    -287.6586536175450988      0.0024010
    -287.0559599976326126      0.0058299
    -286.4532639520410839      0.0120533
    -285.8505654808704435      0.0091417
    -285.2478645840207037      0.0035520
    -284.6451612615584281      0.0152557
    -284.0424555134171669      0.0062926
    -283.4397473396301166      0.0003158
    -282.8370367400974601     -0.0025273
    -282.2343237148857042      0.0045274
    -281.6316082639615956     -0.0048649
    -281.0288903872586843     -0.0110036
    -280.4261700848434202      0.0041407
    -279.8234473566491829      0.0018680
    -279.2207222026761428     -0.0147861
    -278.6179946228907625     -0.0113002
    -278.0152646173266362     -0.0066902
    -277.4125321858836628     -0.0055910
    -276.8097973286285196     -0.0072932
    -276.2070600455612066      0.0051848
    -275.6043203365485397      0.0018421
    -275.0015782017237598     -0.0193771
    -274.3988336409203725     -0.0089288
    -273.7960866542713916      0.0038089
    -273.1933372416439170     -0.0047035
    -272.5905854031376521      0.0096968
    -271.9878311386527798      0.0101696
    -271.3850744481227366     -0.0017947
    -270.7823153317140168     -0.0053933
    -270.1795537891934487     -0.0130790
    -269.5767898207608937      0.0013951
    -268.9740234262165473     -0.0061618
    -268.3712546056937072     -0.0055954
    -267.7684833590257085     -0.0095696
    -267.1657096863792162      0.0052169
    -266.5629335876209893      0.0163038
    -265.9601550627176039     -0.0124222
    -265.3573741117359077      0.0092165
    -264.7545907345425462     -0.0103989
    -264.1518049313040137     -0.0047533
    -263.5490167018206762      0.0025251
    -262.9462260462255472      0.0099952
    -262.3434329643855563      0.0012434
    -261.7406374563672102      0.0081317
    -261.1378395221706228      0.0065414
    -260.5350391616625529     -0.0034107
    -259.9322363749429314     -0.0123973
    -259.3294311619118275     -0.0038390
    -258.7266235226691151      0.0077098
    -258.1238134570817238      0.0044906
    -257.5210009652162171      0.0158556
    -256.9181860470059178      0.0048216
    -256.3153687024841929      0.0024203
    -255.7125489316177323     -0.0006951
    -255.1097267343067188     -0.0054868
    -254.5069021106842513      0.0057389
    -253.9040750606172026     -0.0045722
    -253.3012455842054464     -0.0014611
    -252.6984136812825454     -0.0148167
    -252.0955793519815984      0.0064559
    -251.4927425962028451     -0.0003374
    -250.8899034139794821     -0.0084421
    -250.2870618052782561     -0.0028099
    -249.6842177699993499     -0.0051221
    -249.0813713082758909      0.0122770
    -248.4785224199746381      0.0094876
    -247.8756711051956074     -0.0028028
    -247.2728173638055580     -0.0016294
    -246.6699611958710534     -0.0113704
    -246.0671026013588403     -0.0015408
    -245.4642415802023834     -0.0113231
    -244.8613781324682179     -0.0085300
    -244.2585122580564700      0.0189317
    -243.6556439570337318      0.0072293
    -243.0527732293334395      0.0087860
    -242.4499000749888467      0.0022165
    -241.8470244939001361      0.0129881
    -241.2441464861671534     -0.0080620
    -240.6412660516900246      0.0016937
    -240.0383831904688066     -0.0046422
    -239.4354979025034140      0.0063953
    -238.8326101877606504     -0.0020827
    -238.2297200462737123     -0.0106224
    -237.6268274779761214      0.0073317
    -237.0239324828678207      0.0056628
    -236.4210350609155569      0.0145288
    -235.8181352121858367      0.0070541
    -235.2152329366121819     -0.0093587
    -234.6123282340946901      0.0065190
    -234.0094211047664885      0.0090748
    -233.4065115484611965     -0.0012643
    -232.8035995653451948      0.0020414
    -232.2006851552187641      0.0135798
    -231.5977683182150884     -0.0032858
    -230.9948490542010404     -0.0464944
    -230.3919273632764373     -0.0025153
    -229.7890032453746869      0.0023568
    -229.1860767003960007      0.0083192
    -228.5831477284734774      0.0053888
    -227.9802163294739898      0.0217304
    -227.3772825034973835     -0.0016858
    -226.7743462504105310     -0.0095375
    -226.1714075702800244     -0.0046061
    -225.5684664630392149     -0.0046431
    -224.9655229287214695     -0.0051244
    -224.3625769672934780      0.0032903
    -223.7596285787219870      0.0036192
    -223.1566777630069112     -0.0029803
    -222.5537245201150256      0.0012999
    -221.9507688501129223     -0.0176231
    -221.3478107528341354     -0.0104090
    -220.7448502284118206     -0.0112895
    -220.1418872767793857      0.0142588
    -219.5389218978703241      0.0041011
    -218.9359540917511140      0.0042805
    -218.3329838583219669      0.0024060
    -217.7300111976827282      0.0039509
    -217.1270361097002706     -0.0090350
    -216.5240585944411293     -0.0164081
    -215.9210786518387692     -0.0025067
    -215.3180962819264437      0.0036940
    -214.7151114847041526     -0.0042394
    -214.1121242600387973      0.0036946
    -213.5091346080301946      0.0057507
    -212.9061425286118094     -0.0001415
    -212.3031480218169236      0.0029946
    -211.7001510875456347     -0.0003355
    -211.0971517258645633      0.0029201
    -210.4941499367071174     -0.0103019
    -209.8911457201398321     -0.0044943
    -209.2881390760962290      0.0017907
    -208.6851300045096593      0.0075612
    -208.0821185054467435      0.0129218
    -207.4791045788076076     -0.0007849
    -206.8760882246587869     -0.0077549
    -206.2730694429338030      0.0069972
    -205.6700482336991058     -0.0012875
    -205.0670245968216534     -0.0023442
    -204.4639985323679809      0.0064469
    -203.8609700403380884     -0.0155981
    -203.2579391205988486     -0.0036415
    -202.6549057732833887      0.0036167
    -202.0518699982585247     -0.0099158
    -201.4488317956242156     -0.0085870
    -200.8457911652472774      0.0011510
    -200.2427481071942452     -0.0007127
    -199.6397026213985555      0.0134127
    -199.0366547079268287      0.0078821
    -198.4336043666791625     -0.0125238
    -197.8305515976555569     -0.0093264
    -197.2274964008893221     -0.0007198
    -196.6244387763139230     -0.0085255
    -196.0213787239292458     -0.0028673
    -195.4183162437354326      0.0080949
    -194.8152513357323699      0.0135543
    -194.2121839998535506     -0.0015029
    -193.6091142360989750      0.0031359
    -193.0060420445018963      0.0041338
    -192.4029674249624691     -0.0069058
    -191.7998903775805672     -0.0034510
    -191.1968109022230067     -0.0021413
    -190.5937289989564363     -0.0068256
    -189.9906446677142355     -0.0024149
    -189.3875579085629681     -0.0139854
    -188.7844687214027886      0.0276492
    -188.1813771062336968      0.0174687
    -187.5782830630890032      0.0025219
    -186.9751865918688054     -0.0049181
    -186.3720876926397239     -0.0045307
    -185.7689863653351665     -0.0131036
    -185.1658826100217254      0.0022508
    -184.5627764265329063      0.0104160
    -183.9596678150352034     -0.0058080
    -183.3565567754287713     -0.0069401
    -182.7534433076136793      0.0071457
    -182.1503274117231399      0.0131619
    -181.5472090876239690      0.0056851
    -180.9440883354160690      0.0029319
    -180.3409651549662840      0.0037019
    -179.7378395463744312     -0.0020287
    -179.1347115095074116     -0.0156059
    -178.5315810444650708     -0.0087722
    -177.9284481511808451     -0.0071412
    -177.3253128295881424      0.0150468
    -176.7221750797535265      0.0155480
    -176.1190349016104904     -0.0087718
    -175.5158922951922591     -0.0122159
    -174.9127472604322691     -0.0026886
    -174.3095997973638589      0.0122443
    -173.7064499059204081      0.0098938
    -173.1032975861351986      0.0047083
    -172.5001428380082587      0.0065865
    -171.8969856614064611     -0.0140195
    -171.2938260564961581     -0.0074747
    -170.6906640230776873     -0.0107121
    -170.0874995612842326     -0.0064060
    -169.4843326709826101      0.0090583
    -168.8811633523059470     -0.0006872
    -168.2779916051211160      0.0066448
    -167.6748174293948352      0.0086691
    -167.0716408251936969      0.0078999
    -166.4684617924511087     -0.0101404
    -165.8652803312003812      0.0021933
    -165.2620964413748652     -0.0132107
    -164.6589101230079564     -0.0094654
    -164.0557213759997239      0.0065684
    -163.4525302004833236      0.0115581
    -162.8493365963256565      0.0023211
    -162.2461405634933840      0.0234013
    -161.6429421020863799      0.0064737
    -161.0397412119715170      0.0087112
    -160.4365378932486692      0.0044676
    -159.8333321457846239      0.0010170
    -159.2301239696460584      0.0055995
    -158.6269133647663239     -0.0136346
    -158.0237003312119839     -0.0019114
    -157.4204848689165033     -0.0070232
    -156.8172669778133184      0.0029257
    -156.2140466579689928      0.0029758
    -155.6108239093169345     -0.0154590
    -155.0075987318904538      0.0013842
    -154.4043711256229585     -0.0105405
    -153.8011410905477874     -0.0113438
    -153.1979086265983199      0.0125000
    -152.5946737338078378      0.0046683
    -151.9914364121763697      0.0068364
    -151.3881966616040415     -0.0026937
    -150.7849544821574455     -0.0160337
    -150.1817098737699894     -0.0010388
    -149.5784628364749551     -0.0069185
    -148.9752133701725256     -0.0068661
    -148.3719614749958282      0.0026304
    -147.7687071507784253      0.0179099
    -147.1654503975868522      0.0168621
    -146.5621912154211941      0.0068461
    -145.9589296041815203      0.0132293
    -145.3556655639344228     -0.0100399
    -144.7523990946133665      0.0006616
    -144.1491301962848866     -0.0014533
    -143.5458588687825454     -0.0128481
    -142.9425851122728091     -0.0075756
    -142.3393089266558320      0.0014529
    -141.7360303118649938      0.0133524
    -141.1327492679668865      0.0020285
    -140.5294657948616646     -0.0020015
    -139.9261798926491736     -0.0111178
    -139.3228915611962861     -0.0054410
    -138.7196008006028478     -0.0036477
    -138.1163076107690131      0.0120388
    -137.5130119917280354      0.0082164
    -136.9097139434466612      0.0090371
    -136.3064134658916089      0.0015957
    -135.7031105590961602      0.0076758
    -135.0998052229604411      0.0244169
    -134.4964974575843257      0.0133839
    -133.8931872628346866      0.0127310
    -133.2898746387780591     -0.0023360
    -132.6865595853812181     -0.0131519
    -132.0832421026440784      0.0006690
    -131.4799221905334150      0.0074847
    -130.8765998490159461      0.0069824
    -130.2732750781249251      0.0067901
    -129.6699478777605350     -0.0024785
    -129.0666182480225928     -0.0199512
    -128.4632861887779995     -0.0058657
    -127.8599517001265440      0.0173610
    -127.2566147819351556      0.0010486
    -126.6532754343369618      0.0007907
    -126.0499336571987925      0.0097557
    -125.4465894505206762     -0.0026581
    -124.8432428143358948     -0.0021731
    -124.2398937485445742      0.0043592
    -123.6365422532798846      0.0186765
    -123.0331883283420922      0.0028848
    -122.4298319738976488     -0.0149895
    -121.8264731897801028      0.0058030
    -121.2231119760560318      0.0105121
    -120.6197483327587037     -0.0042669
    -120.0163822597217376      0.0022412
    -119.4130137570449790      0.0047050
    -118.8096428246951177      0.0036004
    -118.2062694626388719      0.0101078
    -117.6028936708762700      0.0144744
    -116.9995154494072978      0.0120965
    -116.3961347981986449      0.0254256
    -115.7927517171837763      0.0091660
    -115.1893662064625516      0.0157974
    -114.5859782659018151      0.0261640
    -113.9825878956014122      0.0273775
    -113.3791950954282157      0.0160170
    -112.7757998654820852      0.0085924
    -112.1724022056298651      0.0097753
    -111.5690021159714433      0.0175630
    -110.9655995964402280      0.0212030
    -110.3621946469696411      0.0100281
    -109.7587872676595566      0.0071978
    -109.1553774583768188      0.0031474
    -108.5519652192213016      0.0137733
    -107.9485505500598492      0.0117060
    -107.3451334509923214      0.0139869
    -106.7417139219188726      0.0102960
    -106.1382919628727848      0.0193277
    -105.5348675738540436      0.0229039
    -104.9314407547295218      0.0165249
    -104.3280115056656712      0.0024760
    -103.7245798264627297     -0.0051752
    -103.1211457172538672      0.0087630
    -102.5177091779392384      0.0117999
    -101.9142702085853927      0.0211880
    -101.3108288090592168     -0.0102153
    -100.7073849794605138     -0.0036905
    -100.1039387197227768      0.0119767
     -99.5004900297794137      0.0122274
     -98.8970389097302700      0.0227530
     -98.2935853594422042      0.0156427
     -97.6901293790150760     -0.0016084
     -97.0866709683157723      0.0254730
     -96.4832101274773919     -0.0059327
     -95.8797468563002440     -0.0024901
     -95.2762811549507802      0.0168501
     -94.6728130233290841      0.0225600
     -94.0693424613686489      0.0152187
     -93.4658694691692915      0.0244044
     -92.8623940465979132      0.0057161
     -92.2589161937543167      0.0260231
     -91.6554359105386709      0.0289112
     -91.0519531969842717      0.0258729
     -90.4484680530578231      0.0293159
     -89.8449804787260433      0.0325366
     -89.2414904740222141      0.0174051
     -88.6379980388464901      0.0229693
     -88.0345031732987309      0.0442902
     -87.4310058772790626      0.0402897
     -86.8275061508207813      0.0413041
     -86.2240039938240415      0.0385790
     -85.6204994064219704      0.0380691
     -85.0169923885147085      0.0741204
     -84.4134829400357063      0.0590672
     -83.8099710610515274      0.0680512
     -83.2064567514955939      0.0713220
     -82.6029400114012162      0.0816818
     -81.9994208407017879      0.0978067
     -81.3958992394638869      0.0856773
     -80.7923752075544002      0.1028241
     -80.1888487450731589      0.1155088
     -79.5853198519868954      0.1171851
     -78.9817885281624683      0.1234685
     -78.3782547737329907      0.1253839
     -77.7747185885986454      0.1695127
     -77.1711799727927001      0.1685006
     -76.5676389262485770      0.1730144
     -75.9640954489995721      0.1950461
     -75.3605495409791359      0.1994866
     -74.7570012022538037      0.1941188
     -74.1534504327570119      0.2076137
     -73.5498972324555069      0.2368614
     -72.9463416013825281      0.2652565
     -72.3427835394382726      0.2749279
     -71.7392230467225573      0.2831295
     -71.1356601231355512      0.3047779
     -70.5320947687437894      0.3181153
     -69.9285269834141729      0.3184886
     -69.3249567672465332      0.3336919
     -68.7213841201743207      0.3674035
     -68.1178090421642253      0.3932452
     -67.5142315332495428      0.3871061
     -66.9106515933637240      0.4439033
     -66.3070692225400364      0.4357499
     -65.7034844207119164      0.4579679
     -65.0998971879459134      0.4756570
     -64.4963075241754780      0.5081319
     -63.8927154293340394      0.5224007
     -63.2891209035214573      0.5609433
     -62.6855239466045830      0.5903990
     -62.0819245586499946      0.6042899
     -61.4783227396243959      0.6190101
     -60.8747184895277940      0.6177424
     -60.2711118082603505      0.6558440
     -59.6675026959551786      0.6857415
     -59.0638911524791581      0.7207499
     -58.4602771778322747      0.7636037
     -57.8566607720478245      0.7644632
     -57.2530419350592439      0.7830557
     -56.6494206668998004      0.8307315
     -56.0457969675029375      0.8753909
     -55.4421708369352189      0.9117847
     -54.8385422750635172      0.9555309
     -54.2349112819876851      1.0002869
     -53.6312778576744194      1.0432587
     -53.0276420019905999      1.0875101
     -52.4240037151026499      1.1451681
     -51.8203629968108501      1.2099646
     -51.2167198472816381      1.2683741
     -50.6130742663485833      1.3239903
     -50.0094262540782566      1.3785125
     -49.4057758104373690      1.4429450
     -48.8021229354259347      1.5073875
     -48.1984676290439467      1.5572269
     -47.5948098911582633      1.6438049
     -46.9911497219353009      1.7228692
     -46.3874871212086575      1.7989241
     -45.7838220890448966      1.8427039
     -45.1801546253774262      1.8661695
     -44.5764847302728526      1.9121709
     -43.9728124036312948      1.9286982
     -43.3691376455193307      1.9295400
     -42.7654604558703966      1.9421290
     -42.1617808346179146      1.9544574
     -41.5580987818617515      1.9515017
     -40.9544142974687588      1.9702646
     -40.3507273815387890      1.9701749
     -39.7470380339387148      1.9749066
     -39.1433462548016706      1.9772993
     -38.5396520440277897      1.9756908
     -37.9359554015172407      1.9956319
     -37.3322563274364398      2.0068483
     -36.7285548216189568      2.0303621
     -36.1248508841313622      2.0485024
     -35.5211445149070926      2.0642185
     -34.9174357140127185      2.0763695
     -34.3137244813150986      2.0824347
     -33.7100108169473742      2.1149993
     -33.1062947207764040      2.1393247
     -32.5025761928021879      2.1447477
     -31.8988552330580184      2.1597402
     -31.2951318414773176      2.1996369
     -30.6914060180933745      2.2283733
     -30.0876777628396184      2.2486084
     -29.4839470757826234      2.2761467
     -28.8802139567892517      2.2966783
     -28.2764784059926342      2.2922361
     -27.6727404232596399      2.3107543
     -27.0690000085902653      2.3316085
     -26.4652571620177994      2.3352747
     -25.8615118834756714      2.3368518
     -25.2577641729971667      2.3220539
     -24.6540140305157145      2.3236234
     -24.0502614560978856      2.3158286
     -23.4465064496438309      2.2926168
     -22.8427490112201106      2.2812479
     -22.2389891407268827      2.2520604
     -21.6352268381641402      2.2216282
     -21.0314621035984537      2.1703010
     -20.4276949368966854      2.1499708
     -19.8239253381586913      2.1215897
     -19.2201533072846154      2.0882826
     -18.6163788443077429      2.0433583
     -18.0126019491615068      2.0437036
     -17.4088226219124778      2.0253203
     -16.8050408625273668      2.0221448
     -16.2012566708730432      2.0368140
     -15.5974700471159231      2.0463130
     -14.9936809910563049      2.0535028
     -14.3898895028606084      2.0973659
     -13.7860955823624121      2.1715717
     -13.1822992296615702      2.2510366
     -12.5785004446915138      2.3453572
     -11.9746992274189594      2.4797301
     -11.3708955778771905      2.6397266
     -10.7670894959663563      2.8406181
     -10.1632809817863095      3.0808229
      -9.5594700352371973      3.3606007
      -8.9556566563523017      3.6987081
      -8.3518408450650590      4.0989447
      -7.7480226014420337      4.5930061
      -7.1442019254166604      5.1269531
      -6.5403788169556547      5.7183690
      -5.9365532760923001      6.4355445
      -5.3327253027267449      7.2689056
      -4.7288948969588427      7.9959078
      -4.1250620586887399      8.6119642
      -3.5212267879497210      9.2187300
      -2.9173890846752184     10.0266266
      -2.3135489489650838     10.9443750
      -1.7097063806861821     11.8664351
      -1.1058613798052295     12.8001537
      -0.5020139464553611     13.5468683
       0.1018359195631253     13.9413910
       0.7056882180838114     13.8819656
       1.3095429493063990     13.3382473
       1.9134001130311866     12.2653399
       2.5172597095244433     11.0871153
       3.1211217385198995     10.1320105
       3.7249862002172569      9.7292099
       4.3288530946830832      9.9178400
       4.9327224217842440     10.6157799
       5.5365941815873070     11.2225323
       6.1404683740922712     11.4397058
       6.7443449993657039     11.3104029
       7.3482240574076059     10.7041063
       7.9521055482179772      9.5001726
       8.5559894717302498      7.9783835
       9.1598758280775581      6.5159836
       9.7637646172599037      5.2699370
      10.3676558392107161      4.2072306
      10.9715494941297020      3.3447824
      11.5754455817505875      2.6528807
      12.1793441023396447      2.0730002
      12.7832450557637394      1.6395558
      13.3871484420894351      1.3055254
      13.9910542613833027      1.0523187
      14.5949625135122059      0.8420929
      15.1988731986758481      0.6982034
      15.8027863167410949      0.5904668
      16.4067018677745118      0.5130808
      17.0106198518426659      0.4318868
      17.6145402688789900      0.3518738
      18.2184631188834878      0.3073106
      18.8223884019892864      0.2597862
      19.4263161181298258      0.2436444
      20.0302462673051060      0.2088886
      20.6341788495816871      0.1604576
      21.2381138648930055      0.1348293
      21.8420513134387697      0.1236716
      22.4459911949527005      0.1146853
      23.0499335097010736      0.1162132
      23.6538782575507511      0.1061081
      24.2578254385683003      0.0881374
      24.8617750527537211      0.0665574
      25.4657271001070171      0.0614155
      26.0696815807613191      0.0551606
      26.6736384945834928      0.0457323
      27.2775978416401124      0.0197622
      27.8815596219311672      0.0386897
      28.4855238355232281      0.0289665
      29.0894904823497313      0.0122107
      29.6934595624772406      0.0402936
      30.2974310759723267      0.0092351
      30.9014050227684152      0.0127402
      31.5053814028655168      0.0015473
      32.1093602163301881      0.0053066
      32.7133414632290069      0.0051952
      33.3173251434288318      0.0006952
      33.9213112570627899     -0.0003261
      34.5252998041309027     -0.0061763
      35.1292907845665852      0.0111241
      35.7332841985029717     -0.0140993
      36.3372800458069420     -0.0083791
      36.9412783266781801     -0.0125219
      37.5452790409835657     -0.0048301
      38.1492821888562261      0.0174235
      38.7532877701630198      0.0091074
      39.3572957850371026      0.0197107
      39.9613062334784530      0.0118347
      40.5653191154205217      0.0043729
      41.1693344309964289     -0.0021127
      41.7733521801396108      0.0044786
      42.3773723629166383      0.0068360
      42.9813949792609407      0.0136743
      43.5854200293056664     -0.0057462
      44.1894475129176527     -0.0083926
      44.7934774302300553     -0.0053790
      45.3975097812428743      0.0228463
      46.0015445658895246     -0.0004070
      46.6055817843031619      0.0023384
      47.2096214364172084     -0.0025021
      47.8136635222982349      0.0193792
      48.4177080418131069      0.0103729
      49.0217549952280862      0.0041898
      49.6258043823434889     -0.0118509
      50.2298562032924210      0.0064248
      50.8339104580749037      0.0149509
      51.4379671466243735      0.0180990
      52.0420262690739506     -0.0002687
      52.6460878252905005     -0.0035489
      53.2501518154737354      0.0086501
      53.8542182394905211      0.0101408
      54.4582870974074069      0.0069026
      55.0623583892244213      0.0101825
      55.6664321149415429      0.0145418
      56.2705082746919061      0.0002705
      56.8745868683423836     -0.0076175
      57.4786678959595463      0.0083321
      58.0827513576099506      0.0136770
      58.6868372532270470     -0.0002106
      59.2909255828108144      0.0077063
      59.8950163465609577      0.0121795
      60.4991095442112297      0.0038564
      61.1032051759612997     -0.0029412
      61.7073032418777672      0.0057505
      62.3114037417609055      0.0031328
      62.9155066758104269      0.0114536
      63.5196120439597678      0.0019950
      64.1237198462754918     -0.0140422
      64.7278300826910140     -0.0135679
      65.3319427532729406      0.0010704
      65.9360578580878069     -0.0106747
      66.5401753970690635     -0.0107826
      67.1442953702832597     -0.0097021
      67.7484177776638319      0.0003114
      68.3525426192773580      0.0045421
      68.9566698951904158     -0.0021508
      69.5607996053363991     -0.0083120
      70.1649317497819140      0.0046438
      70.7690663284603829      0.0108569
      71.3732033415714966      0.0067344
      71.9773427889155641     -0.0070561
      72.5814846706257129      0.0127502
      73.1856289867019427     -0.0027723
      73.7897757371442538     -0.0068291
      74.3939249219526602     -0.0050123
      74.9980765411936972     -0.0051146
      75.6022305948008437      0.0021984
      76.2063870828406209      0.0005947
      76.8105460053796207     -0.0009897
      77.4147073622847302      0.0037895
      78.0188711537555974     -0.0005265
      78.6230373796591095     -0.0053482
      79.2272060400618585      0.0135510
      79.8313771349638301      0.0085676
      80.4355506644981517     -0.0017608
      81.0397266284651181      0.0000717
      81.6439050269978708     -0.0021247
      82.2480858601629734      0.0005956
      82.8522691278938765      0.0015403
      83.4564548302571154      0.0064226
      84.0606429671861548      0.0029325
      84.6648335388140936      0.0067872
      85.2690265450078471     -0.0006431
      85.8732219859670778     -0.0013888
      86.4774198615586442      0.0028305
      87.0816201717825749     -0.0001458
      87.6858229167719969      0.0041229
      88.2900280964603468      0.0067472
      88.8942357109141739     -0.0074281
      89.4984457601334924      0.0072682
      90.1026582441183024     -0.0009600
      90.7068731628020117      0.0054911
      91.3110905163178046      0.0119981
      91.9153103047322020      0.0005505
      92.5195325278455272     -0.0111528
      93.1237571859240347     -0.0119006
      93.7279842787680479     -0.0076227
      94.3322138065106657     -0.0317628
      94.9364457690853385     -0.0023869
      95.5406801666252221     -0.0019289
      96.1449169990637103     -0.0093046
      96.7491562664008171      0.0035961
      97.3533979687031206     -0.0064164
      97.9576421059706206     -0.0078221
      98.5618886782698667     -0.0038614
      99.1661376854677457     -0.0147174
      99.7703891276973707     -0.0070849
     100.3746430048921923     -0.0093584
     100.9788993171853377     -0.0255353
     101.5831580645102434      0.0135829
     102.1874192468669094      0.0157040
     102.7916828643218707      0.0093815
     103.3959489168751844      0.0128998
     104.0002174045268220     -0.0088689
     104.6044883272767834     -0.0174554
     105.2087616851916181     -0.0141697
     105.8130374782713687      0.0034762
     106.4173157065159927     -0.0087833
     107.0215963698589405     -0.0016840
     107.6258794684333537     -0.0140198
     108.2301650022392323     -0.0076127
     108.8344529712765620     -0.0188080
     109.4387433755453571     -0.0121326
     110.0430362150456034      0.0032734
     110.6473314898438787     -0.0064275
     111.2516291998736193     -0.0133837
     111.8559293452013748      0.0107281
     112.4602319258937371     -0.0101554
     113.0645369418175363     -0.0136272
     113.6688443931725203      0.0019233
     114.2731542798255049      0.0061357
     114.8774666019096742     -0.0201549
     115.4817813593584219     -0.0098188
     116.0860985522383402     -0.0227766
     116.6904181804828511     -0.0019314
     117.2947402440919547     -0.0105107
     117.8990647432653702     -0.0165257
     118.5033916778033500     -0.0131906
     119.1077210479056419      0.0131781
     119.7120528534390900     -0.0009650
     120.3163870945368217      0.0080580
     120.9207237710657381     -0.0122355
     121.5250628831589239      0.0051790
     122.1294044308164359      0.0012365
     122.7337484139716537     -0.0194988
     123.3380948327577329     -0.0077246
     123.9424436871081099     -0.0054309
     124.5467949771559262     -0.0123355
     125.1511487027014624     -0.0020748
     125.7555048639444237      0.0017174
     126.3598634608182607      0.0065714
     126.9642244933895228     -0.0081128
     127.5685879615916463     -0.0024901
     128.1729538654911948      0.0042025
     128.7773222051547748     -0.0044310
     129.3816929804491735      0.0014910
     129.9860661915741389     -0.0069473
     130.5904418383965719     -0.0031981
     131.1948199210495432      0.0097454
     131.7992004393999537     -0.0126573
     132.4035833935809308     -0.0085964
     133.0079687835924460     -0.0013656
     133.6123566093679642      0.0022415
     134.2167468710406411     -0.0151066
     134.8211395685438845      0.0049089
     135.4255347020107934      0.0146439
     136.0299322712417052      0.0003804
     136.6343322764363393     -0.0075213
     137.2387347175281036     -0.0037840
     137.8431395945835334      0.0008158
     138.4475469075361218      0.0104481
     139.0519566563858405     -0.0104201
     139.6563688413324087      0.0082870
     140.2607834621760787     -0.0104299
     140.8652005191165983     -0.0047447
     141.4696200120208118     -0.0093817
     142.0740419409553112     -0.0098586
     142.6784663059200398      0.0038975
     143.2828931069816463      0.0061930
     143.8873223440734819     -0.0020539
     144.4917540172621671     -0.0102411
     145.0961881266142655      0.0082834
     145.7006246720631566      0.0057689
     146.3050636536754894     -0.0064620
     146.9095050713846717      0.0013292
     147.5139489253237457     -0.0056335
     148.1183952153597261      0.0068989
     148.7228439416256549     -0.0020804
     149.3272951041215322     -0.0107145
     149.9317487027808511     -0.0138962
     150.5362047377366821      0.0051335
     151.1406632089224615     -0.0110160
     151.7451241164048099     -0.0039361
     152.3495874601171067     -0.0118927
     152.9540532401925077      0.0026697
     153.5585214564978571     -0.0013111
     154.1629921091663391      0.0098095
     154.7674651982644889     -0.0008300
     155.3719407235926155     -0.0041904
     155.9764186853503816      0.0123283
     156.5808990834712802      0.0139195
     157.1853819180218181      0.0057542
     157.7898671890020807      0.0071927
     158.3943548964119827     -0.0023630
     158.9988450401849605      0.0102030
     159.6033376204541980      0.0156660
     160.2078326372196955      0.0137337
     160.8123300904813959      0.0276889
     161.4168299802393562      0.0102449
     162.0213323064935480     -0.0000230
     162.6258370693770985     -0.0031409
     163.2303442686903168      0.0106443
     163.8348539046329506      0.0070045
     164.4393659770717875      0.0005563
     165.0438804861400115      0.0059111
     165.6483974319041579      0.0087609
     166.2529168141645357      0.0114337
     166.8574386331874280     -0.0065757
     167.4619628887065801      0.0153294
     168.0664895810548103      0.0035556
     168.6710187099658071     -0.0023653
     169.2755502755727548     -0.0136404
     169.8800842779422169     -0.0200435
     170.4846207170076298     -0.0121470
     171.0891595928355287      0.0034438
     171.6937009054259420      0.0027172
     172.2982446547788697      0.0019693
     172.9027908408943119      0.0026157
     173.5073394638387754     -0.0013433
     174.1118905235457817      0.0036506
     174.7164440200818945     -0.0018745
     175.3209999535136205     -0.0014709
     175.9255583237743963      0.0046406
     176.5301191309308706     -0.0112143
     177.1346823749829298     -0.0026588
     177.7392480559306591     -0.0147270
     178.3438161737074665      0.0046174
     178.9483867285130145     -0.0130186
     179.5529597202142327      0.0010855
     180.1575351488776562     -0.0028694
     180.7621130145698487      0.0039727
     181.3666933171577114      0.0022178
     181.9712760568408783      0.0002952
     182.5758612334862789      0.0064041
     183.1804488472270123      0.0129330
     183.7850388979965146      0.0080726
     184.3896313857948144      0.0014708
     184.9942263106884468     -0.0035292
     185.5988236726774119      0.0065442
     186.2034234717617096      0.0122924
     186.8080257080079605      0.0034128
     187.4126303813495440      0.0053346
     188.0172374918530238      0.0045578
     188.6218470395183715     -0.0091094
     189.2264590244122644      0.0077031
     189.8310734464680536     -0.0133990
     190.4356903056857391     -0.0084776
     191.0403096021984766     -0.0139815
     191.6449313359396740     -0.0071580
     192.2495555069093882      0.0016570
     192.8541821151741260     -0.0138582
     193.4588111606673237     -0.0130650
     194.0634426435887292     -0.0058948
     194.6680765636720309     -0.0086810
     195.2727129211169483     -0.0022057
     195.8773517159900450     -0.0114938
     196.4819929481581653      0.0099514
     197.0866366177544933      0.0045201
     197.6912827246459017     -0.0005653
     198.2959312690319962     -0.0020070
     198.9005822507797347      0.0058088
     199.5052356700221878     -0.0090402
     200.1098915266262850      0.0140242
     200.7145498207250967      0.0050118
     201.3192105523186797      0.0083802
     201.9238737214070341     -0.0001530
     202.5285393279901029     -0.0052511
     203.1332073720679432      0.0017717
     203.7378778537070616      0.0030443
     204.3425507729075150     -0.0084827
     204.9472261296692466     -0.0072380
     205.5519039239923700     -0.0171889
     206.1565841558767431      0.0007134
     206.7612668254555786     -0.0170999
     207.3659519325957490     -0.0041367
     207.9706394773637896     -0.0053419
     208.5753294598262642     -0.0073439
     209.1800218799832294     -0.0227706
     209.7847167377680364      0.0093333
     210.3894140332473057     -0.0087711
     210.9941137664210089      0.0025927
     211.5988159373557380      0.0082360
     212.2035205460514931     -0.0079179
     212.8082275925082456     -0.0021695
     213.4129370767260241     -0.0038714
     214.0176489987048285     -0.0073750
     214.6223633585112225     -0.0094951
     215.2270801560786140     -0.0082582
     215.8317993915401587     -0.0025686
     216.4365210648292930     -0.0016001
     217.0412451759460168      0.0150558
     217.6459717249568655      0.0059240
     218.2507007118618958     -0.0023593
     218.8554321366610509      0.0044369
     219.4601659993543876      0.0034593
     220.0649023000749764      0.0028761
     220.6696410386231832      0.0215738
     221.2743822151986421      0.0125840
     221.8791258298014100      0.0069553
     222.4838718822983310      0.0072441
     223.0886203728890678      0.0016839
     223.6933713014405498      0.0065009
     224.2981246680193408      0.0005966
     224.9028804726919475      0.0131936
     225.5076387154583983     -0.0018926
     226.1123993961855945     -0.0066753
     226.7171625150731984     -0.0097891
     227.3219280721212385     -0.0081944
     227.9266960672631228     -0.0025724
     228.5314665004988512      0.0011139
     229.1362393719615511      0.0046367
     229.7410146815847156     -0.0022936
     230.3457924293017243      0.0054216
     230.9505726153122680     -0.0101915
     231.5553552394832479      0.0008769
     232.1601403018811709      0.0206460
     232.7649278025726858     -0.0001292
     233.3697177414911721     -0.0009452
     233.9745101187032503      0.0006571
     234.5793049341423000     -0.0059793
     235.1841021879414484      0.0017300
     235.7889018800341603     -0.0029897
     236.3937040104869993     -0.0009882
     236.9985085792334019     -0.0018103
     237.6033155864064668      0.0090509
     238.2081250319396872     -0.0054338
     238.8129369158330064     -0.0069810
     239.4177512381530164     -0.0145933
     240.0225679988331819     -0.0068395
     240.6273871980065735     -0.0083588
     241.2322088356066558      0.0042320
     241.8370329116999926     -0.0020020
     242.4418594262865838     -0.0089755
     243.0466883792998942      0.0061569
     243.6515197708729943      0.0105453
     244.2563536009393488      0.0042632
     244.8611898695655498     -0.0072934
     245.4660285767515688     -0.0044050
     246.0708697224973776     -0.0045366
     246.6757133068030612      0.0055674
     247.2805593296685629      0.0034283
     247.8854077912269815      0.0030434
     248.4902586913452467      0.0082777
     249.0951120302230493     -0.0001260
     249.6999678075941063      0.0079621
     250.3048260237912359      0.0049490
     250.9096866785482405      0.0031954
     251.5145497720646972      0.0091981
     252.1194153042741561     -0.0006858
     252.7242832752431241      0.0098408
     253.3291536849716579     -0.0006733
     253.9340265333931086      0.0057552
     254.5389018206406604      0.0063497
     255.1437795466477496      0.0015961
     255.7486597114809115     -0.0084336
     256.3535423150735824      0.0070403
     256.9584273576255100     -0.0001747
     257.5633148388704399      0.0066982
     258.1682047590745128      0.0006257
     258.7730971181047153      0.0082663
     259.3779919160941745     -0.0039620
     259.9828891529762700      0.0010530
     260.5877888286844382      0.0045424
     261.1926909434184267      0.0067907
     261.7975954971116721      0.0087240
     262.4025024897640606      0.0054505
     263.0074119213091990     -0.0020697
     263.6123237919466078     -0.0039710
     264.2172381015433302     -0.0007902
     264.8221548501658162     -0.0019764
     265.4270740378806295     -0.0071204
     266.0319956646213200      0.0000143
     266.6369197304542809      0.0038991
     267.2418462353131190      0.0061836
     267.8467751793307912     -0.0003024
     268.4517065623742837      0.0020896
     269.0566403845767240      0.0039715
     269.6615766460047325      0.0160258
     270.2665153464584478      0.0103428
     270.8714564862042948      0.0039929
     271.4764000650424123      0.0124937
     272.0813460831726616      0.0168559
     272.6862945404618586      0.0028394
     273.2912454369765101     -0.0004118
     273.8961987727832366      0.0126355
     274.5011545478154176     -0.0003659
     275.1061127621397304      0.0006609
     275.7110734156894409     -0.0055940
     276.3160365086644674     -0.0038614
     276.9210020408649484     -0.0119886
     277.5259700124240680      0.0178651
     278.1309404233418263      0.0142649
     278.7359132736181664      0.0041087
     279.3408885632531451     -0.0047209
     279.9458662923133829      0.0051976
     280.5508464607987662     -0.0034141
     281.1558290686427881      0.0026819
     281.7608141159785760     -0.0106976
     282.3658016027395661     -0.0024312
     282.9707915289923790     -0.0053310
     283.5757838946703373     -0.0088125
     284.1807786999066252      0.0099678
     284.7857759446346222      0.0078314
     285.3907756288544419     -0.0181154
     285.9957777526992118     -0.0024363
     286.6007823160356907     -0.0183114
     287.2057893189305560      0.0069910
     287.8107987614502008      0.0180397
     288.4158106435949094      0.0083096
     289.0208249652978338     -0.0095428
     289.6258417266257084     -0.0019156
     290.2308609276449829      0.0010558
     290.8358825682226438      0.0092691
     291.4409066486249458     -0.0079221
     292.0459331685855204     -0.0085806
     292.6509621283041724     -0.0093364
     293.2559935277142813     -0.0036757
     293.8610273669489743      0.0158831
     294.4660636458085605      0.0073561
     295.0711023644927877     -0.0053787
     295.6761435230015991      0.0020804
     296.2811871212018104      0.0197449
     296.8862331592932833      0.0274779
     297.4912816371427766      0.0230587
     298.0963325548834177     -0.0017017
     298.7013859123820794     -0.0029551
     299.3064417098385093      0.0039001
     299.9114999471195802      0.0018565
     300.5165606242917988     -0.0258676
     301.1216237414882357     -0.0016349
     301.7266892984428068      0.0080820
     302.3317572954882166     -0.0004619
     302.9368277323582106      0.0102048
     303.5419006093191001      0.0060328
     304.1469759261711374     -0.0130283
     304.7520536830474498      0.0041772
     305.3571338799481509      0.0112307
     305.9622165168731271      0.0055956
     306.5673015938223784      0.0012874
     307.1723891108625253      0.0158801
     307.7774790679935109      0.0091784
     308.3825714651488852      0.0094329
     308.9876663024616050      0.0075630
     309.5927635797987136      0.0014031
     310.1978632972931109      0.0154375
     310.8029654550116447      0.0220459
     311.4080700528210741     -0.0033736
     312.0131770908544695     -0.0099692
     312.6182865690452672      0.0034342
     313.2233984874600878      0.0113579
     313.8285128460989313      0.0120634
     314.4336296449617407      0.0040100
     315.0387488840486299     -0.0085737
     315.6438705634259918     -0.0042212
     316.2489946830940539      0.0018804
     316.8541212430525889     -0.0085372
     317.4592502433017103     -0.0060232
     318.0643816839079818      0.0084681
     318.6695155648048399      0.0234238
     319.2746518860588480     -0.0014832
     319.8797906477365700     -0.0171460
     320.4849318497048216     -0.0211896
     321.0900754920968438     -0.0237321
     321.6952215749790867     -0.0163480
     322.3003700982184796     -0.0097129
     322.9055210619481500      0.0073726
     323.5106744660349705     -0.0100367
     324.1158303107451957      0.0116126
     324.7209885958125710      0.0114888
     325.3261493213702238      0.0034995
     325.9313124875512244     -0.0166237
     326.5364780941559957      0.0037507
     327.1416461413842285      0.0071213
     327.7468166291026250     -0.0149292
     328.3519895575110468     -0.0111568
     328.9571649264098028      0.0127624
     329.5623427359319066      0.0032449
     330.1675229860774152      0.0121478
     330.7727056767797649      0.0038950
     331.3778908082387034      0.0011282
     331.9830783803209897     -0.0005221
     332.5882683930933013     -0.0218719
     333.1934608465555812     -0.0057549
     333.7986557407078294     -0.0040338
     334.4038530756166665     -0.0086701
     335.0090528512154151     -0.0141944
     335.6142550675706957     -0.0122124
     336.2194597246825651     -0.0233068
     336.8246668226175302     -0.0051107
     337.4298763613090841      0.0030712
     338.0350883408902405      0.0022321
     338.6403027612279857     -0.0003341
     339.2455196224553902      0.0079505
     339.8507389244394403      0.0109895
     340.4559606673795997      0.0016832
     341.0611848511429116     -0.0029730
     341.6664114758625033      0.0091588
     342.2716405414717542      0.0108749
     342.8768720479707213     -0.0004951
     343.4821059954924181     -0.0049727
     344.0873423839038310      0.0026984
     344.6925812133380873      0.0045911
     345.2978224837285666      0.0156882
     345.9030661951418892      0.0059409
     346.5083123475779985     -0.0036457
     347.1135609409703306     -0.0061590
     347.7188119755186335     -0.0166803
     348.3240654510897798     -0.0054745
     348.9293213677502763      0.0071734
     349.5345797254336162      0.0023437
     350.1398405242728700      0.0037973
     350.7451037642015308      0.0100851
     351.3503694452861055      0.0121208
     351.9556375675266509      0.0006490
     352.5609081309231101      0.0036840
     353.1661811355421037      0.0022217
     353.7714565812505043      0.0060798
     354.3767344683145666      0.0125585
     354.9820147964679791      0.0140789
     355.5872975659770532      0.0122134
     356.1925827766420412      0.0012947
     356.7978704285961840     -0.0037760
     357.4031605218393111      0.0100932
     358.0084530563715930     -0.0117020
     358.6137480322595366      0.0067317
     359.2190454494365213      0.0055910
     359.8243453079692245      0.0045287
     360.4296476078574756     -0.0166956
     361.0349523491680088     -0.0015891
     361.6402595317675832      0.0093308
     362.2455691557893829     -0.0185847
     362.8508812212999715      0.0204960
     363.4561957281662785      0.0057244
     364.0615126765213176     -0.0013039
     364.6668320662985820      0.0115457
     365.2721538975646354      0.0105711
     365.8774781703194776      0.0131837
     366.4828048846296156      0.0074927
     367.0881340403620356     -0.0114810
     367.6934656377163719     -0.0120048
     368.2987996765594403      0.0086121
     368.9041361570244817      0.0107787
     369.5094750790448188     -0.0045077
     370.1148164426205085     -0.0013020
     370.7201602478847349     -0.0050334
     371.3255064946377502      0.0020956
     371.9308551831458090     -0.0094344
     372.5362063132757839     -0.0073496
     373.1415598850276183     -0.0014334
     373.7469158985346098      0.0206165
     374.3522743536635176     -0.0048151
     374.9576352506139756     -0.0180183
     375.5629985891863498     -0.0063630
     376.1683643695138244     -0.0232270
     376.7737325915963424     -0.0057581
     377.3791032555004676     -0.0058812
     377.9844763611596363     -0.0237023
     378.5898519085739053     -0.0046434
     379.1952298978763451      0.0142137
     379.8006103290003921     -0.0027789
     380.4059932019461030      0.0020073
     381.0113785167133074      0.0004259
     381.6167662734354167     -0.0182428
     382.2221564719791331      0.0023523
     382.8275491124109067      0.0032979
     383.4329441948641488     -0.0121962
     384.0383417191389412     -0.0124653
     384.6437416854350317     -0.0237537
     385.2491440936193499     -0.0071157
     385.8545489438915865      0.0093561
     386.4599562360519940      0.0065770
     387.0653659703002631     -0.0099614
     387.6707781465033236      0.0109038
     388.2761927647276821      0.0158776
     388.8816098251065227     -0.0046695
     389.4870293274400979      0.0040500
     390.0924512719281552      0.0032061
     390.6978756584375105      0.0111405
     391.3033024871678549      0.0075237
     391.9087317579196110      0.0056071
     392.5141634708923561     -0.0004788
     393.1195976259529630      0.0007463
     393.7250342231680520     -0.0057352
     394.3304732626707505     -0.0072014
     394.9359147442613107     -0.0030790
     395.5413586681394236     -0.0102040
     396.1468050342386960     -0.0182417
     396.7522538425588436     -0.0013283
     397.3577050931000940      0.0001075
     397.9631587859955175     -0.0021639
     398.5686149211119300     -0.0010418
     399.1740734985824588      0.0036584
     399.7795345183406539     -0.0015081
     400.3849979803864017      0.0064258
     400.9904638848529430     -0.0174243
     401.5959322316735438     -0.0167130
     402.2014030208484314      0.0069620
     402.8068762524439421     -0.0128278
     403.4123519263936259      0.0039432
     404.0178300427641034      0.0080508
     404.6233106016218244     -0.0130012
     405.2287936029002253     -0.0052487
     405.8342790465994199      0.0027681
     406.4397669328524216      0.0172058
     407.0452572615927807      0.0088208
     407.6507500328203832      0.0064400
     408.2562452465353431      0.0081478
     408.8617429028041101      0.0051610
     409.4672430016933617     -0.0105077
     410.0727455430698569     -0.0084146
     410.6782505271333434     -0.0046881
     411.2837579536841304     -0.0088025
     411.8892678229219086      0.0036428
     412.4947801347135510      0.0055202
     413.1002948891922415      0.0133126
     413.7058120863578665     -0.0000092
     414.3113317261439761      0.0091131
     414.9168538086169633      0.0058690
     415.5223783337770556     -0.0057422
     416.1279053017572664     -0.0066180
     416.7334347123579619      0.0120796
     417.3389665657786622      0.0077561
     417.9445008618864108      0.0003527
     418.5500376008143348      0.0091436
     419.1555767824957570      0.0073860
     419.7611184069973547     -0.0011346
     420.3666624743856346      0.0097810
     420.9722089845274695      0.0081343
     421.5777579375560435     -0.0232713
     422.1833093334046794     -0.0027809
     422.7888631722066179      0.0002757
     423.3944194538286752     -0.0087902
     423.9999781784040351     -0.0024243
     424.6055393459325842     -0.0174629
     425.2111029562813087     -0.0226796
     425.8166690097164633     -0.0109209
     426.4222375060383001      0.0104754
     427.0278084453799465     -0.0065491
     427.6333818276748389      0.0041282
     428.2389576530562749      0.0061902
     428.8445359213907864     -0.0126771
     429.4501166327452779      0.0026501
     430.0556997872526495     -0.0101325
     430.6612853847132669     -0.0006704
     431.2668734253934986      0.0004332
     431.8724639090935398      0.0136880
     432.4780568359465178     -0.0015709
     433.0836522058859259     -0.0072887
     433.6892500189782709      0.0007541
     434.2948502752236095      0.0081438
     434.9004529746884486     -0.0104683
     435.5060581173062815      0.0032347
     436.1116657031436148     -0.0081197
     436.7172757322005623     -0.0014895
     437.3228882044769534     -0.0117451
     437.9285031200395224      0.0073597
     438.5341204788215919     -0.0087555
     439.1397402808897255     -0.0128639
     439.7453625262440369      0.0094045
     440.3509872148843556      0.0058514
     440.9566143468774158      0.0054150
     441.5622439222231606     -0.0002232
     442.1678759409215331      0.0003038
     442.7735104029725903      0.0052903
     443.3791473084428958     -0.0004271
     443.9847866571992654      0.0109205
     444.5904284495080105     -0.0154855
     445.1960726851029335     -0.0149532
     445.8017193641836116     -0.0049288
     446.4073684868166652      0.0110791
     447.0130200528023465      0.0096633
     447.6186740623404035      0.0078400
     448.2243305153643291     -0.0023285
     448.8299894118739530     -0.0017710
     449.4356507519360093     -0.0112978
     450.0413145355504980      0.0064633
     450.6469807627172486      0.0000787
     451.2526494334364315      0.0150942
     451.8583205477745537      0.0056266
     452.4639941056649945     -0.0086815
     453.0696701072409951      0.0018928
     453.6753485523693712     -0.0036357
     454.2810294412498706      0.0110092
     454.8867127736826319      0.0128157
     455.4923985498675165      0.0078078
     456.0980867697379040     -0.0080133
     456.7037774332937374     -0.0140389
     457.3094705406017511     -0.0212212
     457.9151660915952107     -0.0043226
     458.5208640864073004      0.0072268
     459.1265645249049498     -0.0010990
     459.7322674072211726      0.0067392
     460.3379727333560822      0.0143383
     460.9436805032430584      0.0014215
     461.5493907170151715     -0.0045942
     462.1551033745394648     -0.0149024
     462.7608184760154586      0.0087898
     463.3665360213101394     -0.0016995
     463.9722560105565776     -0.0056376
     464.5779784436216460     -0.0053198
     465.1837033206385286     -0.0052690
     465.7894306416071686      0.0017281
     466.3951604064610024     -0.0003606
     467.0008926152665936     -0.0075075
     467.6066272680905627     -0.0087393
     468.2123643649328528     -0.0072352
     468.8181039056603367     -0.0101385
     469.4238458905393259      0.0018164
     470.0295903193700724     -0.0001027
     470.6353371922857605      0.0034059
     471.2410865092197696      0.0058700
     471.8468382702386634     -0.0193299
     472.4525924754091193     -0.0066103
     473.0583491245977825     -0.0135660
     473.6641082180045714      0.0056998
     474.2698697554296814     -0.0050403
     474.8756337371394807      0.0106615
     475.4814001629341078      0.0116564
     476.0871690329467469      0.0155405
     476.6929403470443845     -0.0008924
     477.2987141054265408      0.0123115
     477.9044903080933864     -0.0004273
     478.5102689549116803     -0.0063945
     479.1160500460146068     -0.0017867
     479.7218335814021657      0.0106324
     480.3276195610742434      0.0054491
     480.9334079850309536     -0.0049424
     481.5391988532723531      0.0031836
     482.1449921658648350     -0.0074025
     482.7507879228086267     -0.0008348
     483.3565861241700645      0.0066042
     483.9623867698160780      0.0024571
     484.5681898598799080      0.0175078
     485.1739953942949342      0.0006084
     485.7798033731942269     -0.0010100
     486.3856137965112794     -0.0100526
     486.9914266642460916      0.0003384
     487.5972419764652273      0.0007430
     488.2030597331686295      0.0043479
     488.8088799343563551      0.0054036
