Scan:     30          MRK1148 2015-10-21 +03 52 16.0
         OPTICAL                 Tb    
        km/s-LSR                 XX
    -549.0085461171760244      0.0008126
    -548.4068933490585778     -0.0075382
    -547.8052381616192861     -0.0043989
    -547.2035805548248391      0.0141681
    -546.6019205286418128      0.0132668
    -546.0002580830704346      0.0058572
    -545.3985932181439011     -0.0013764
    -544.7969259337290850     -0.0075996
    -544.1952562298924931      0.0021564
    -543.5935841066342391     -0.0056880
    -542.9919095638877025     -0.0021539
    -542.3902326016528832     -0.0132069
    -541.7885532199962881      0.0060835
    -541.1868714187847900     -0.0005516
    -540.5851871980185024      0.0091487
    -539.9835005577971287     -0.0057406
    -539.3818114979544589     -0.0026198
    -538.7801200185568860      0.0044699
    -538.1784261196044099      0.0001862
    -537.5767298010305240      0.0066597
    -536.9750310628684247      0.0073965
    -536.3733299050849155     -0.0096821
    -535.7716263276467998     -0.0086660
    -535.1699203305538504     -0.0107190
    -534.5682119137729842     -0.0102425
    -533.9665010773707081     -0.0041670
    -533.3647878212470914      0.0006397
    -532.7630721453690512     -0.0051030
    -532.1613540498361772      0.0001276
    -531.5596335345153420     -0.0035361
    -530.9579105994400834      0.0027717
    -530.3561852446435978     -0.0014741
    -529.7544574700258408     -0.0006166
    -529.1527272755871536      0.0026012
    -528.5509946613937018      0.0153923
    -527.9492596273126992     -0.0023821
    -527.3475221734105389      0.0031610
    -526.7457822996871073      0.0031392
    -526.1440400060428146     -0.0071551
    -525.5422952925108575     -0.0208545
    -524.9405481591244325     -0.0005069
    -524.3387986057837225     -0.0021509
    -523.7370466324888412     -0.0091332
    -523.1352922393394920     -0.0326454
    -522.5335354261360408     -0.0038872
    -521.9317761929783046      0.0047094
    -521.3300145398329732     -0.0016934
    -520.7282504667334706      0.0058546
    -520.1264839735797523      0.0015927
    -519.5247150603719319     -0.0011178
    -518.9229437271766301     -0.0164434
    -518.3211699738939160     -0.0040252
    -517.7193938004904794      0.0001241
    -517.1176152070662511     -0.0090458
    -516.5158341934881037     -0.0048288
    -515.9140507597892338     -0.0058737
    -515.3122649060029516      0.0041649
    -514.7104766320294402      0.0058447
    -514.1086859378685858      0.0114020
    -513.5068928236204329      0.0056320
    -512.9050972890851199      0.0100805
    -512.3032993343625776      0.0068507
    -511.7014989594528629      0.0061986
    -511.0996961642891847     -0.0033227
    -510.4978909488385739     -0.0033226
    -509.8960833132005632      0.0048732
    -509.2942732572089994      0.0059034
    -508.6924607809302188      0.0011746
    -508.0906458843644486      0.0009271
    -507.4888285674782082      0.0004807
    -506.8870088302383579     -0.0072445
    -506.2851866726447838     -0.0070649
    -505.6833620946975998      0.0053071
    -505.0815350963634387     -0.0161920
    -504.4797056776091040     -0.0013200
    -503.8778738385009888      0.0008376
    -503.2760395789061363      0.0033661
    -502.6742028988577431      0.0067252
    -502.0723637984224297     -0.0008959
    -501.4705222774670119      0.0023789
    -500.8686783360248000     -0.0028094
    -500.2668319741289906      0.0111344
    -499.6649831916799371     -0.0028875
    -499.0631319886774122     -0.0128411
    -498.4612783652214603     -0.0069483
    -497.8594223211122198     -0.0038671
    -497.2575638564496785      0.0023984
    -496.6557029712669760     -0.0040484
    -496.0538396653977884      0.0074445
    -495.4519739389419328      0.0041702
    -494.8501057918662127      0.0054859
    -494.2482352241705144      0.0034520
    -493.6463622357550207      0.0037074
    -493.0444868266862954     -0.0002361
    -492.4426089969643385     -0.0054055
    -491.8407287464893329      0.0029574
    -491.2388460752945321     -0.0013547
    -490.6369609834131893     -0.0086082
    -490.0350734707456013      0.0026639
    -489.4331835373248509     -0.0065565
    -488.8312911831510519     -0.0089564
    -488.2293964081575837     -0.0046737
    -487.6274992123445031      0.0018714
    -487.0255995957783739     -0.0113241
    -486.4236975583260687      0.0030405
    -485.8217930999874739     -0.0028110
    -485.2198862208625769     -0.0107082
    -484.6179769208181369     -0.0098506
    -484.0160651998542676     -0.0016054
    -483.4141510580374188      0.0010836
    -482.8122344952678304     -0.0038587
    -482.2103155115454456     -0.0141494
    -481.6083941068703211     -0.0011820
    -481.0064702812757673      0.0064555
    -480.4045440346617397     -0.0048429
    -479.8026153670284657     -0.0023020
    -479.2006842784423384      0.0025096
    -478.5987507688036544      0.0096766
    -477.9968148381123569      0.0052597
    -477.3948764864016425     -0.0077100
    -476.7929357135718078     -0.0011965
    -476.1909925196892459     -0.0061709
    -475.5890469047208740     -0.0046540
    -474.9870988686332680     -0.0083417
    -474.3851484113932315      0.0008519
    -473.7831955330339611      0.0057699
    -473.1812402334889498     -0.0020115
    -472.5792825127914512     -0.0003425
    -471.9773223709415220      0.0123071
    -471.3753598078392315      0.0094063
    -470.7733948235178900      0.0131341
    -470.1714274180440611      0.0146688
    -469.5694575912513642      0.0018938
    -468.9674853432063060      0.0000883
    -468.3655106738756899     -0.0030759
    -467.7635335833259660      0.0074473
    -467.1615540714241206      0.0056809
    -466.5595721381700969     -0.0081991
    -465.9575877836637119     -0.0058252
    -465.3556010077718952     -0.0047856
    -464.7536118104946468     -0.0060310
    -464.1516201918984166      0.0013986
    -463.5496261518501910     -0.0088798
    -462.9476296904165906     -0.0075084
    -462.3456308075974448     -0.0147705
    -461.7436295033262468     -0.0013972
    -461.1416257775698000     -0.0045794
    -460.5396196303945544      0.0101534
    -459.9376110617340032      0.0062276
    -459.3356000715549499     -0.0018958
    -458.7335866599237875     -0.0023275
    -458.1315708267074456     -0.0026248
    -457.5295525719392344     -0.0046492
    -456.9275318957190848      0.0030281
    -456.3255087978470783      0.0112393
    -455.7234832783899492      0.0063752
    -455.1214553373810077      0.0064933
    -454.5194249747535196      0.0008007
    -453.9173921905076554     -0.0011857
    -453.3153569845767379      0.0066244
    -452.7133193570606977      0.0020573
    -452.1112793078262939     -0.0003839
    -451.5092368369069504     -0.0127059
    -450.9071919443691172     -0.0139336
    -450.3051446300464704      0.0017065
    -449.7030948939721497      0.0024502
    -449.1010427362461996      0.0000476
    -448.4989881567020120     -0.0030424
    -447.8969311553730108     -0.0008808
    -447.2948717323257029      0.0050047
    -446.6928098874269608      0.0036712
    -446.0907456207100950      0.0057690
    -445.4886789322083587      0.0000341
    -444.8866098218218781     -0.0051396
    -444.2845382895507100     -0.0078308
    -443.6824643354946147     -0.0002511
    -443.0803879594872683     -0.0059022
    -442.4783091615619242     -0.0044725
    -441.8762279417518926      0.0071151
    -441.2741443000238633      0.0040957
    -440.6720582363445260     -0.0005152
    -440.0699697506806274     -0.0023470
    -439.4678788430987879      0.0007810
    -438.8657855134657098     -0.0069559
    -438.2636897618148168      0.0120306
    -437.6615915882126160      0.0112232
    -437.0594909925260367     -0.0024445
    -436.4573879747883893     -0.0057817
    -435.8552825350660669     -0.0024668
    -435.2531746731928592      0.0093328
    -434.6510643892018493     -0.0022823
    -434.0489516831930246     -0.0041050
    -433.4468365549999476     -0.0075696
    -432.8447190046558717     -0.0001106
    -432.2425990322273606     -0.0021899
    -431.6404766375813438     -0.0017360
    -431.0383518207843281     -0.0058205
    -430.4362245818030033      0.0094977
    -429.8340949205709194      0.0050478
    -429.2319628371212161     -0.0038422
    -428.6298283314539503      0.0017323
    -428.0276914035358686     -0.0070852
    -427.4255520533337176     -0.0071674
    -426.8234102808473835      0.0040481
    -426.2212660861102904      0.0019333
    -425.6191194690224506     -0.0055555
    -425.0169704295839210     -0.0030395
    -424.4148189678612653      0.0008518
    -423.8126650837546094      0.0063207
    -423.2105087772641241      0.0007158
    -422.6083500484560886     -0.0019185
    -422.0061888971642929      0.0012796
    -421.4040253234884972      0.0082266
    -420.8018593274287582      0.0011277
    -420.1996909088518919     -0.0041136
    -419.5975200678578290      0.0041132
    -418.9953468044132023     -0.0054022
    -418.3931711184513915      0.0042212
    -417.7909930099725671     -0.0072217
    -417.1888124790431789     -0.0054036
    -416.5866295254968463      0.0049823
    -415.9844441494333864      0.0033729
    -415.3822563508195458     -0.0086200
    -414.7800661296552676     -0.0052830
    -414.1778734858741586     -0.0029563
    -413.5756784194759916      0.0012223
    -412.9734809305274439      0.0031463
    -412.3712810188953881      0.0044149
    -411.7690786846131346      0.0020798
    -411.1668739276806264      0.0042171
    -410.5646667480644965      0.0038064
    -409.9624571457316620      0.0045468
    -409.3602451207818262     -0.0019689
    -408.7580306730154120     -0.0067932
    -408.1558138025321227      0.0027473
    -407.5535945093652686      0.0069987
    -406.9513727933817790      0.0055745
    -406.3491486545817111     -0.0011056
    -405.7469220930647680      0.0018272
    -405.1446931086978793      0.0046960
    -404.5424617015143554     -0.0026202
    -403.9402278715141961      0.0083335
    -403.3379916186307810      0.0125602
    -402.7357529428641669     -0.0006293
    -402.1335118442476073      0.0103514
    -401.5312683227477919     -0.0042775
    -400.9290223782981570     -0.0008633
    -400.3267740109320698      0.0043591
    -399.7245232206827268      0.0030178
    -399.1222700074170575      0.0072880
    -398.5200143712015688     -0.0008979
    -397.9177563120363175      0.0008797
    -397.3154958298213728     -0.0018702
    -396.7132329245901019     -0.0131060
    -396.1109675963757581     -0.0054842
    -395.5086998450784677     -0.0075226
    -394.9064296707315407      0.0008053
    -394.3041570733682875     -0.0138819
    -393.7018820528554670     -0.0026900
    -393.0996046092264464     -0.0110372
    -392.4973247425810996     -0.0083777
    -391.8950424527196787      0.0003205
    -391.2927577397088044      0.0047309
    -390.6904706036149832      0.0038327
    -390.0881810442717779      0.0070014
    -389.4858890617458655      0.0082665
    -388.8835946560371326      0.0080422
    -388.2812978271456359      0.0001958
    -387.6789985749714447     -0.0011454
    -387.0766968995479829     -0.0001391
    -386.4743928009084470     -0.0014010
    -385.8720862789530202      0.0006242
    -385.2697773336815885      0.0040470
    -384.6674659651941397     -0.0016509
    -384.0651521733242362     -0.0000222
    -383.4628359581051882      0.0049134
    -382.8605173196033888      0.0128083
    -382.2581962576858814      0.0074482
    -381.6558727723526658     -0.0070106
    -381.0535468637367558     -0.0065146
    -380.4512185316385171      0.0097092
    -379.8488877760912032      0.0001401
    -379.2465545971947449     -0.0028774
    -378.6442189947827046     -0.0049525
    -378.0418809688882789      0.0103073
    -377.4395405195780882      0.0045888
    -376.8371976467190620      0.0031920
    -376.2348523503443403     -0.0015977
    -375.6325046304540365     -0.0011427
    -375.0301544870814041      0.0004207
    -374.4278019200933159      0.0046257
    -373.8254469295563354     -0.0027588
    -373.2230895154703489     -0.0034414
    -372.6207296777357669      0.0102708
    -372.0183674163856153      0.0134339
    -371.4160027314533181     -0.0022790
    -370.8136356228390582     -0.0044324
    -370.2112660905759753      0.0008240
    -369.6088941346640695     -0.0046642
    -369.0065197550370044     -0.0047314
    -368.4041429517278061      0.0017449
    -367.8017637247365883      0.0018927
    -367.1993820739635339     -0.0019851
    -366.5969979994417827     -0.0038966
    -365.9946115012047585      0.0009243
    -365.3922225791525875      0.0102156
    -364.7898312333185800     -0.0003257
    -364.1874374637359324      0.0008243
    -363.5850412702715175      0.0106890
    -362.9826426529920127      0.0036549
    -362.3802416118639371     -0.0039250
    -361.7778381468874613     -0.0030416
    -361.1754322580292751     -0.0007724
    -360.5730239452560681      0.0012128
    -359.9706132086344041      0.0113739
    -359.3682000480644660      0.0047221
    -358.7657844635461970      0.0000058
    -358.1633664551128504     -0.0019279
    -357.5609460226647229     -0.0032213
    -356.9585231662682645      0.0047743
    -356.3560978858902217     -0.0022678
    -355.7536701814972844     -0.0029265
    -355.1512400530561990     -0.0049723
    -354.5488075006335862     -0.0039726
    -353.9463725240962049      0.0031582
    -353.3439351235107324      0.0067950
    -352.7414952989103085      0.0126339
    -352.1390530501286094     -0.0043991
    -351.5366083772655088     -0.0025306
    -350.9341612802876398      0.0048590
    -350.3317117591618057     -0.0074923
    -349.7292598138546964     -0.0022492
    -349.1268054443995084      0.0060856
    -348.5243486507964121      0.0014396
    -347.9218894329786735     -0.0014151
    -347.3194277909131529     -0.0037396
    -346.7169637246663001     -0.0034635
    -346.1144972341382982     -0.0083920
    -345.5120283193624573     -0.0111601
    -344.9095569803720309      0.0022097
    -344.3070832170338917      0.0104826
    -343.7046070293814068     -0.0097366
    -343.1021284174809693      0.0009075
    -342.4996473811995656      0.0057248
    -341.8971639206037594      0.0053375
    -341.2946780356602403      0.0000772
    -340.6921897263024448      0.0017389
    -340.0896989925636831     -0.0042051
    -339.4872058344438983     -0.0047240
    -338.8847102518766405     -0.0070809
    -338.2822122448949926      0.0103663
    -337.6797118134991251      0.0044909
    -337.0772089575891073     -0.0189078
    -336.4747036772315596      0.0002666
    -335.8721959723599184      0.0005452
    -335.2696858430073803      0.0019601
    -334.6671732891407487     -0.0058732
    -334.0646583106934031     -0.0018548
    -333.4621409077652743      0.0004580
    -332.8596210802231212     -0.0038631
    -332.2570988281002542      0.0051658
    -331.6545741514300403      0.0004599
    -331.0520470501124919      0.0036821
    -330.4495175241810330     -0.0119482
    -329.8469855736688601      0.0019504
    -329.2444511984095925     -0.0024525
    -328.6419143985363007      0.0067431
    -328.0393751740158450      0.0040109
    -327.4368335247149275      0.0005799
    -326.8342894507334790     -0.0033701
    -326.2317429521047529     -0.0031134
    -325.6291940286624254     -0.0056822
    -325.0266426804396360     -0.0067905
    -324.4240889075363157      0.0034568
    -323.8215327097860268      0.0032284
    -323.2189740872220796     -0.0003552
    -322.6164130398777274     -0.0058155
    -322.0138495677196602      0.0109045
    -321.4112836707146812      0.0031803
    -320.8087153488294803      0.0003992
    -320.2061446020972539      0.0062177
    -319.6035714304515523      0.0084845
    -319.0009958339256286     -0.0021261
    -318.3984178125193694      0.0085018
    -317.7958373661330711      0.0105193
    -317.1932544947999304      0.0062553
    -316.5906691985533143     -0.0022238
    -315.9880814772932922      0.0043931
    -315.3854913310531742     -0.0029947
    -314.7828987598329604      0.0050341
    -314.1803037635661440      0.0062121
    -313.5777063422525544     -0.0006673
    -312.9751064959589257     -0.0030307
    -312.3725042245520740      0.0018559
    -311.7698995280653094      0.0059388
    -311.1672924065318284      0.0127063
    -310.5646828598518709      0.0036515
    -309.9620708880586335     -0.0025469
    -309.3594564911188627     -0.0090087
    -308.7568396690992358     -0.0127646
    -308.1542204218332017     -0.0123414
    -307.5515987494206911     -0.0004757
    -306.9489746518282800      0.0074229
    -306.3463481290228856     -0.0043086
    -305.7437191809710839     -0.0032966
    -305.1410878077394955      0.0035167
    -304.5384540091949930      0.0021531
    -303.9358177853708298     -0.0043033
    -303.3331791363668799     -0.0077957
    -302.7305380619833954      0.0144171
    -302.1278945622869969     -0.0023451
    -301.5252486373109946     -0.0073452
    -300.9226002869554009      0.0005940
    -300.3199495112536965     -0.0027881
    -299.7172963102390213      0.0046593
    -299.1146406837781910      0.0019182
    -298.5119826319046865      0.0072256
    -297.9093221546849009      0.0085558
    -297.3066592519858204      0.0003417
    -296.7039939238406987     -0.0028184
    -296.1013261702494219      0.0006401
    -295.4986559912454140      0.0063713
    -294.8959833866621807     -0.0016026
    -294.2933083566329628      0.0035782
    -293.6906309010910263      0.0052822
    -293.0879510200031746     -0.0001904
    -292.4852687133694644     -0.0058452
    -291.8825839812230356     -0.0000170
    -291.2798968234308745      0.0015892
    -290.6772072400595448      0.0079782
    -290.0745152311422999      0.0103236
    -289.4718207965792658     -0.0001845
    -288.8691239363371324      0.0015386
    -288.2664246505491406      0.0121469
    -287.6637229390155426     -0.0085956
    -287.0610188018028452     -0.0071650
    -286.4583122389777259     -0.0027448
    -285.8556032503736333     -0.0023584
    -285.2528918360572447     -0.0130265
    -284.6501779960618137     -0.0049101
    -284.0474617302540992     -0.0023901
    -283.4447430387008922     -0.0036326
    -282.8420219213354017      0.0060225
    -282.2392983782576721     -0.0017595
    -281.6365724093010954      0.0023800
    -281.0338440145324057     -0.0023336
    -280.4311131939847996     -0.0026282
    -279.8283799475251499     -0.0050630
    -279.2256442752200201      0.0147902
    -278.6229061770694102      0.0012202
    -278.0201656529402499     -0.0010703
    -277.4174227029322424      0.0044439
    -276.8146773270455583      0.0007731
    -276.2119295251802669     -0.0051087
    -275.6091792973363113      0.0099653
    -275.0064266436136791      0.0055437
    -274.4036715638125088     -0.0000102
    -273.8009140580327880     -0.0061969
    -273.1981541263077702     -0.0059204
    -272.5953917684709040      0.0023577
    -271.9926269846222908      0.0090531
    -271.3898597747284498     -0.0026911
    -270.7870901387560707      0.0005650
    -270.1843180766720707      0.0074781
    -269.5815435884762792     -0.0030566
    -268.9787666742353736      0.0017099
    -268.3759873338160560      0.0072636
    -267.7732055672517504      0.0003528
    -267.1704213745757670      0.0030837
    -266.5676347556548649     -0.0084797
    -265.9648457105889179      0.0046084
    -265.3620542393447295      0.0073217
    -264.7592603418223689     -0.0014728
    -264.1564640180550896     -0.0023547
    -263.5536652681094552     -0.0010464
    -262.9508640918858191      0.0032844
    -262.3480604893506438     -0.0113023
    -261.7452544605705498     -0.0001591
    -261.1424460054458336     -0.0118354
    -260.5396351239763248      0.0000714
    -259.9368218162619542     -0.0039068
    -259.3340060821030306      0.0026337
    -258.7311879216326815     -0.0024876
    -258.1283673347842864     -0.0055834
    -257.5255443215245919      0.0104745
    -256.9227188818203444      0.0046402
    -256.3198910157713613      0.0113342
    -255.7170607232445434     -0.0009087
    -255.1142280042398056     -0.0040141
    -254.5113928587905434      0.0050659
    -253.9085552868967000      0.0022758
    -253.3057152884584298     -0.0026855
    -252.7028728635090147     -0.0207076
    -252.1000280120817365     -0.0147019
    -251.4971807340434680     -0.0093851
    -250.8943310294940545     -0.0031859
    -250.2914788984002143      0.0193937
    -249.6886243406621020     -0.0071697
    -249.0857673563462811     -0.0055655
    -248.4829079454527232     -0.0038558
    -247.8800461078816397      0.0050324
    -247.2771818436995375      0.0107104
    -246.6743151528731630      0.0084341
    -246.0714460353359812     -0.0061367
    -245.4685744910879066      0.0057330
    -244.8657005202288701      0.0004840
    -244.2628241225923773      0.0015389
    -243.6599452982117953      0.0051429
    -243.0570640471536308      0.0053503
    -242.4541803692515032     -0.0022015
    -241.8512942646052295      0.0008705
    -241.2484057331482745      0.0003681
    -240.6455147749804837     -0.0072543
    -240.0426213899021377     -0.0090669
    -239.4397255780130820      0.0048432
    -238.8368273393133450      0.0104049
    -238.2339266737030528      0.0020576
    -237.6310235812154872     -0.0074360
    -237.0281180618839585     -0.0032283
    -236.4252101155753110      0.0073648
    -235.8222997423894185      0.0024554
    -235.2193869422929708     -0.0122927
    -234.6164717151861225      0.0002223
    -234.0135540611354088      0.0039100
    -233.4106339801409149      0.0092023
    -232.8077114721027385      0.0015318
    -232.2047865370874149      0.0050184
    -231.6018591750617190     -0.0003122
    -230.9989293859590305     -0.0037316
    -230.3959971697794060     -0.0018612
    -229.7930625266226343     -0.0012884
    -229.1901254563223631      0.0042732
    -228.5871859589118458     -0.0009830
    -227.9842440343910823      0.0016835
    -227.3812996827933262      0.0059377
    -226.7783529040187318      0.0138581
    -226.1754036980673845      0.0029421
    -225.5724520650057627      0.0047312
    -224.9694980047007675      0.0004735
    -224.3665415172189341      0.0104768
    -223.7635826025602910     -0.0020805
    -223.1606212606249926     -0.0034162
    -222.5576574914130106     -0.0041157
    -221.9546912950242188     -0.0014960
    -221.3517226713254615     -0.0031678
    -220.7487516203167957     -0.0077220
    -220.1457781420647279     -0.0084096
    -219.5428022364361027     -0.0045945
    -218.9398239034975688     -0.0095309
    -218.3368431432490695     -0.0050922
    -217.7338599555907876      0.0014411
    -217.1308743405559767     -0.0009973
    -216.5278862981779469      0.0016966
    -215.9248958283235140      0.0004279
    -215.3219029310926089      0.0011169
    -214.7189076064185542      0.0003246
    -214.1159098543347454      0.0071477
    -213.5129096747079984     -0.0098774
    -212.9099070676381871     -0.0130717
    -212.3069020331252545      0.0082085
    -211.7038945710361020      0.0059654
    -211.1008846814373214     -0.0013915
    -210.4978723643621379      0.0089731
    -209.8948576196774525      0.0004780
    -209.2918404474165754     -0.0054495
    -208.6888208476460420     -0.0040394
    -208.0857988202326965     -0.0119657
    -207.4827743651765957      0.0010039
    -206.8797474825775566     -0.0016251
    -206.2767181722691419     -0.0061547
    -205.6736864343179718     -0.0038023
    -205.0706522687239612     -0.0113477
    -204.4676156754206318     -0.0138410
    -203.8645766544079549     -0.0055412
    -203.2615352057524660     -0.0106885
    -202.6584913292877843     -0.0031762
    -202.0554450251137553     -0.0019611
    -201.4523962931638152      0.0003466
    -200.8493451334712177      0.0009889
    -200.2462915459693988      0.0071600
    -199.6432355306916975     -0.0074342
    -199.0401770876047749     -0.0031641
    -198.4371162166420959     -0.0057963
    -197.8340529178701672     -0.0045335
    -197.2309871912557924     -0.0047641
    -196.6279190367323508     -0.0061480
    -196.0248484542998142      0.0104830
    -195.4217754440581132      0.0083143
    -194.8187000058075000     -0.0017692
    -194.2156221396478486     -0.0027914
    -193.6125418455791021     -0.0103339
    -193.0094591234681616     -0.0003217
    -192.4063739734149010      0.0076010
    -191.8032863954193203     -0.0016439
    -191.2001963893815457     -0.0102249
    -190.5971039553015487     -0.0001986
    -189.9940090932459498     -0.0068893
    -189.3909118030815648     -0.0017509
    -188.7878120848417325     -0.0031712
    -188.1847099385597062     -0.0057801
    -187.5816053642022325     -0.0097370
    -186.9784983617026910     -0.0031616
    -186.3753889310610816      0.0078090
    -185.7722770723440249      0.0059445
    -185.1691627854183650      0.0107365
    -184.5660460703506658      0.0030898
    -183.9629269271076168      0.0030833
    -183.3598053556559648     -0.0036912
    -182.7566813559624563      0.0079709
    -182.1535549281268516      0.0059485
    -181.5504260719828267     -0.0050678
    -180.9472947875636066     -0.0060655
    -180.3441610749690653     -0.0069442
    -179.7410249339994834      0.0033622
    -179.1378863647547632      0.0058493
    -178.5347453672348479     -0.0049263
    -177.9316019413398635     -0.0045411
    -177.3284560871032056      0.0012640
    -176.7253078045580423      0.0070198
    -176.1221570935713032     -0.0003169
    -175.5190039542095235      0.0025623
    -174.9158483864727316     -0.0012368
    -174.3126903903275888     -0.0077399
    -173.7095299657408987      0.0008888
    -173.1063671126793224      0.0002398
    -172.5032018312094237     -0.0066831
    -171.9000341212313856     -0.0024281
    -171.2968639827451511      0.0010767
    -170.6936914158173408     -0.0045335
    -170.0905164203147990      0.0014929
    -169.4873389962708075     -0.0040911
    -168.8841591437519583      0.0023635
    -168.2809768625917854      0.0077772
    -167.6777921528568811      0.0040932
    -167.0746050146138373     -0.0073430
    -166.4714154476629062     -0.0108286
    -165.8682234521372720     -0.0055438
    -165.2650290280035961     -0.0101773
    -164.6618321751620897     -0.0050618
    -164.0586328936459779     -0.0040148
    -163.4554311835218812     -0.0086915
    -162.8522270446566154     -0.0064281
    -162.2490204770501805     -0.0026634
    -161.6458114807359152     -0.0015975
    -161.0426000557470445      0.0063055
    -160.4393862019504979     -0.0054428
    -159.8361699193795005     -0.0024450
    -159.2329512080673624     -0.0053929
    -158.6297300679142097      0.0015326
    -158.0265064989533528      0.0029609
    -157.4232805011847915      0.0009304
    -156.8200520745751874      0.0084066
    -156.2168212190580618     -0.0024962
    -155.6135879347664854     -0.0004085
    -155.0103522215007956     -0.0022099
    -154.4071140793607810     -0.0053475
    -153.8038735083465269      0.0000780
    -153.2006305083581310      0.0057283
    -152.5973850793956217     -0.0086214
    -151.9941372215587876     -0.0046811
    -151.3908869346812764     -0.0159150
    -150.7876342188296235     -0.0019622
    -150.1843790740038287     -0.0064078
    -149.5811215001040750     -0.0024802
    -148.9778614971968977     -0.0008380
    -148.3745990652489866      0.0028296
    -147.7713342042604268      0.0074971
    -147.1680669141645694     -0.0067851
    -146.5647971949614714     -0.0229335
    -145.9615250467176395     -0.0100201
    -145.3582504693000033     -0.0012246
    -144.7549734627417877      0.0099101
    -144.1516940270763314      0.0014141
    -143.5484121622037321      0.0088273
    -142.9451278681573285     -0.0125796
    -142.3418411449703171     -0.0085686
    -141.7385519925096560      0.0082470
    -141.1352604108419087      0.0099508
    -140.5319663999669899      0.0002946
    -139.9286699598184214      0.0031992
    -139.3253710903628644      0.0046738
    -138.7220697917001928      0.0113690
    -138.1187660636972510      0.0026355
    -137.5154599063540672      0.0013155
    -136.9121513197704871     -0.0053544
    -136.3088403037801015      0.0065156
    -135.7055268584161638      0.0013184
    -135.1022109837119558      0.0037772
    -134.4988926796675344      0.0001129
    -133.8955719461496869      0.0005598
    -133.2922487832583442     -0.0003160
    -132.6889231909601392     -0.0133029
    -132.0855951691552832     -0.0206735
    -131.4822647179103114     -0.0075749
    -130.8789318372585342     -0.0063804
    -130.2755965270335139     -0.0095066
    -129.6722587873351245      0.0067392
    -129.0689186181633090     -0.0140640
    -128.4655760194182790     -0.0147588
    -127.8622309911000059     -0.0168978
    -127.2588835332750534     -0.0143837
    -126.6555336458435903     -0.0186588
    -126.0521813288056023     -0.0090396
    -125.4488265822276531     -0.0022538
    -124.8454694059766155      0.0062879
    -124.2421098000857711     -0.0021088
    -123.6387477646216979     -0.0242981
    -123.0353832994179584     -0.0198996
    -122.4320164045411303     -0.0207416
    -121.8286470799579462     -0.0295343
    -121.2252753257349269     -0.0074403
    -120.6219011417057061     -0.0147959
    -120.0185245279701007     -0.0182205
    -119.4151454845281251     -0.0310510
    -118.8117640112799336     -0.0174470
    -118.2083801082587939     -0.0153545
    -117.6049937754646919     -0.0166313
    -117.0016050128311207     -0.0239365
    -116.3982138203580092     -0.0107891
    -115.7948201980786962     -0.0152674
    -115.1914241459265895     -0.0062684
    -114.5880256639016750     -0.0135215
    -113.9846247520372771     -0.0111735
    -113.3812214102002116      0.0023008
    -112.7778156384903667     -0.0094600
    -112.1744074368744464      0.0014500
    -111.5709968052858869     -0.0247579
    -110.9675837437246742     -0.0242052
    -110.3641682522574001     -0.0043806
    -109.7607503307509234     -0.0051025
    -109.1573299792384972     -0.0215049
    -108.5539071976868684     -0.0090809
    -107.9504819861958822     -0.0158188
    -107.3470543445658336     -0.0251694
    -106.7436242728965823     -0.0192072
    -106.1401917712214100     -0.0055506
    -105.5367568394071753     -0.0244261
    -104.9333194774538640     -0.0103913
    -104.3298796854613499     -0.0032583
    -103.7264374632632098     -0.0052363
    -103.1229928109260072     -0.0147244
    -102.5195457284830383     -0.0226533
    -101.9160962158011330     -0.0183683
    -101.3126442729469119     -0.0213614
    -100.7091898999203465     -0.0279587
    -100.1057330966215630     -0.0155247
     -99.5022738631171677     -0.0098575
     -98.8988121993738503     -0.0255219
     -98.2953481053250613     -0.0175876
     -97.6918815810040684     -0.0194204
     -97.0884126264441676     -0.0308476
     -96.4849412415122316     -0.0227400
     -95.8814674262415281     -0.0111625
     -95.2779911806653388     -0.0106553
     -94.6745125047503819     -0.0303086
     -94.0710313984301223     -0.0399817
     -93.4675478617377848     -0.0289307
     -92.8640618947066940     -0.0229032
     -92.2605734972037226     -0.0303233
     -91.6570826692621239     -0.0300785
     -91.0535894109484758     -0.0228356
     -90.4500937220963692     -0.0217003
     -89.8465956028056354     -0.0235061
     -89.2430950530430209     -0.0196863
     -88.6395920727752298     -0.0361728
     -88.0360866619689659     -0.0403184
     -87.4325788206908072     -0.0394478
     -86.8290685488076122     -0.0289876
     -86.2255558463526626     -0.0404603
     -85.6220407133925505     -0.0434885
     -85.0185231497941061     -0.0349224
     -84.4150031555906395     -0.0269853
     -83.8114807308154326     -0.0318774
     -83.2079558753686115     -0.0201732
     -82.6044285892834722     -0.0436008
     -82.0008988725267614     -0.0463592
     -81.3973667251317039     -0.0453325
     -80.7938321469984970     -0.0381196
     -80.1902951381603941     -0.0419182
     -79.5867556986506912     -0.0441592
     -78.9832138283695571     -0.0462244
     -78.3796695273169632     -0.0620413
     -77.7761227955595018     -0.0459193
     -77.1725736329972847     -0.0540575
     -76.5690220395970584     -0.0510632
     -75.9654680154586543     -0.0403866
     -75.3619115604489593     -0.0490103
     -74.7583526746012552     -0.0564772
     -74.1547913579488096     -0.0601288
     -73.5512276103917770     -0.0463463
     -72.9476614319301575     -0.0491557
     -72.3440928226305431     -0.0295070
     -71.7405217823597496     -0.0425699
     -71.1369483111843834     -0.0419272
     -70.5333724091044303     -0.0459018
     -69.9297940760200447     -0.0448000
     -69.3262133119644943     -0.0401420
     -68.7226301169378075     -0.0577274
     -68.1190444909399702     -0.0577435
     -67.5154564339044043     -0.0467033
     -66.9118659458311100     -0.0554558
     -66.3082730267534117     -0.0587802
     -65.7046776765714071     -0.0559097
     -65.1010798953183922     -0.0506360
     -64.4974796830276631     -0.0378688
     -63.8938770395660853     -0.0430766
     -63.2902719650002155     -0.0381661
     -62.6866644593633566     -0.0463123
     -62.0830545225223460     -0.0324587
     -61.4794421545104868     -0.0277005
     -60.8758273553943354     -0.0139913
     -60.2722101250074829     -0.0041754
     -59.6685904634497817      0.0003552
     -59.0649683706879358     -0.0087455
     -58.4613438466886706     -0.0004716
     -57.8577168913854223      0.0369808
     -57.2540875049113183      0.0348251
     -56.6504556870999352      0.0267137
     -56.0468214379845762      0.0526427
     -55.4431847575652199      0.0578175
     -54.8395456458418806      0.0914864
     -54.2359041027812623      0.1045288
     -53.6322601283500902      0.1136691
     -53.0286137225816461      0.1236647
     -52.4249648854093664      0.1464525
     -51.8213136168332440      0.1518669
     -51.2176599168865678      0.1751878
     -50.6140037854694853      0.2051451
     -50.0103452226152783      0.2167976
     -49.4066842283572356      0.2500465
     -48.8030208025954977      0.2821536
     -48.1993549453300716      0.3125107
     -47.5956866565942391      0.3277172
     -46.9920159363214367      0.3500739
     -46.3883427845116501      0.3758489
     -45.7846672012314642      0.3973849
     -45.1809891863144486      0.4304146
     -44.5773087398271812      0.4606438
     -43.9736258618362257      0.4896036
     -43.3699405521418768      0.4989372
     -42.7662528108772619      0.5161213
     -42.1625626379425427      0.5500904
     -41.5588700334375716      0.5647722
     -40.9551749972292001      0.5935760
     -40.3514775293174424      0.6257450
     -39.7477776298021439      0.6157652
     -39.1440752984835925      0.6288201
     -38.5403705354949437      0.6449704
     -37.9366633408029017      0.6464291
     -37.3329537143076067      0.6457692
     -36.7292416560423689      0.6235542
     -36.1255271660404418      0.6243626
     -35.5218102442352759      0.5913705
     -34.9180908905935823      0.5568851
     -34.3143691051819246      0.5262646
     -33.7106448879004645      0.5115581
     -33.1069182387491878      0.4748037
     -32.5031891577613905      0.4480141
     -31.8994576448704983      0.4224158
     -31.2957237000765076      0.4085539
     -30.6919873234459963      0.3707378
     -30.0882485148125340      0.3567446
     -29.4845072742426986      0.3655075
     -28.8807636017364828      0.3226022
     -28.2770174972938904      0.3122720
     -27.6732689608150686      0.3026646
     -27.0695179923333029      0.3000656
     -26.4657645919151570      0.2889385
     -25.8620087593942181      0.2849741
     -25.2582504948370499      0.2629922
     -24.6544897982769378      0.2662464
     -24.0507266696140292      0.2746277
     -23.4469611088150387      0.2823466
     -22.8431931160131043      0.2875824
     -22.2394226910085244      0.3002430
     -21.6356498339011445      0.3109280
     -21.0318745446909752      0.3414686
     -20.4280968232448679      0.3480422
     -19.8243166696626858      0.3883315
     -19.2205340839111400      0.4407279
     -18.6167490659236634      0.5042313
     -18.0129616157002559      0.5619804
     -17.4091717333074847      0.6681481
     -16.8053794186122190      0.7855205
     -16.2015846716477370      0.9223964
     -15.5977874924140405      1.0866505
     -14.9939878809444131      1.2947313
     -14.3901858371057187      1.5821787
     -13.7863813609312462      1.8834124
     -13.1825744524875574      2.2469420
     -12.5787651116415216      2.7254205
     -11.9749533384597040      3.3096652
     -11.3711391329088194      4.0323286
     -10.7673224949223041      5.0269804
     -10.1635034245334399      6.4032707
      -9.5596819217422251      8.2376251
      -8.9558579864820960     10.5445614
      -8.3520316187530508     13.0503082
      -7.7482028186216567     15.5394726
      -7.1443715859547794     17.9194317
      -6.5405379207857024     20.2138290
      -5.9367018231809929     22.0150776
      -5.3328632929742312     23.1250896
      -4.7290223301987044     23.7202930
      -4.1251789349542607     24.0512581
      -3.5213331070744829     23.4328423
      -2.9174848465926546     21.1760368
      -2.3136341535420595     17.3904018
      -1.7097810279226966     13.3430033
      -1.1059254696014325     10.1497478
      -0.5020674786448341      7.9929304
       0.1017929449138149      6.5461583
       0.7056558012076494      5.4833632
       1.3095210902033854      4.6276894
       1.9133888118344555      3.8729367
       2.5172589662339946      3.2727530
       3.1211315534020025      2.7627511
       3.7250065732053455      2.3202775
       4.3288840258437240      1.9617805
       4.9327639113171386      1.6687832
       5.5366462294924546      1.4193612
       6.1405309805028079      1.1757393
       6.7444181643481969      1.0146723
       7.3483077809620543      0.8951824
       7.9521998304775163      0.7701638
       8.5560943128945794      0.6732887
       9.1599912281466818      0.6003708
       9.7638905763003851      0.5327976
      10.3677923574222621      0.4705844
      10.9716965713791730      0.4118709
      11.5756032183042556      0.3454778
      12.1795122981975084      0.3230138
      12.7834238110589329      0.3004642
      13.3873377568885275      0.2772943
      13.9912541357528610      0.2478954
      14.5951729475853647      0.2081371
      15.1990941924526055      0.2068928
      15.8030178704211526      0.1712538
      16.4069439813578732      0.1392942
      17.0108725253958930      0.1328115
      17.6148035025352208      0.1336966
      18.2187369127758565      0.1295953
      18.8226727561177967      0.1076788
      19.4266110326276120      0.0972289
      20.0305517422387283      0.0719235
      20.6344948850177161      0.0707322
      21.2384404609645792      0.0746952
      21.8423884701458846      0.0689920
      22.4463389124950581      0.0448987
      23.0502917880786740      0.0508326
      23.6542470968967322      0.0470724
      24.2582048389492257      0.0581771
      24.8621650142361617      0.0371983
      25.4661276228906708      0.0531557
      26.0700926647796223      0.0370429
      26.6740601399030126      0.0477153
      27.2780300484605434      0.0301388
      27.8820023903190837      0.0457069
      28.4859771654786300      0.0334756
      29.0899543740723203      0.0339367
      29.6939340160335838      0.0328501
      30.2979160913624206      0.0324373
      30.9019006001254013      0.0206194
      31.5058875423225224      0.0388977
      32.1098769178872203      0.0326563
      32.7138687270191895      0.0287498
      33.3178629695187425      0.0071387
      33.9218596455189996      0.0135599
      34.5258587550865244     -0.0014934
      35.1298602981547745     -0.0010553
      35.7338642746571580      0.0299372
      36.3378706847933870      0.0182952
      36.9418795284303201      0.0084903
      37.5458908057010987      0.0284023
      38.1499045164725885      0.0190705
      38.7539206609444946      0.0216155
      39.3579392389836755     -0.0021177
      39.9619602505901170      0.0032186
      40.5659836959635598      0.0048859
      41.1700095749042632      0.0003545
      41.7740378875453828      0.0017677
      42.3780686338869117     -0.0031404
      42.9821018139288569      0.0003822
      43.5861374276712112      0.0080797
      44.1901754751805385      0.0126061
      44.7942159563902891      0.0123304
      45.3982588713670054      0.0165269
      46.0023042201772796     -0.0046711
      46.6063520027545195      0.0091657
      47.2104022190987465      0.0113916
      47.8144548693430735      0.0059860
      48.4185099533543877      0.0055785
      49.0225674712658233      0.0106040
      49.6266274230107953      0.0100904
      50.2306898086558817     -0.0000199
      50.8347546282010825      0.0133549
      51.4388218815798268      0.0203223
      52.0428915689918199      0.0093431
      52.6469636903039273      0.0124297
      53.2510382455161420      0.0124376
      53.8551152347616053      0.0075531
      54.4591946579737538      0.0061283
      55.0632765151525803      0.0113313
      55.6673608064312262      0.0213764
      56.2714475316765430      0.0088148
      56.8755366908885449     -0.0012043
      57.4796282842669299     -0.0068347
      58.0837223117451344      0.0019345
      58.6878187731900098     -0.0005096
      59.2919176688012755      0.0086495
      59.8960189985123534      0.0276326
      60.5001227623898075      0.0019784
      61.1042289603670881      0.0128785
      61.7083375925773083      0.0117262
      62.3124486588207773      0.0062785
      62.9165621593637638      0.0106949
      63.5206780941397042      0.0031475
      64.1247964630820206     -0.0048944
      64.7289172662572838      0.0020372
      65.3330405036655009      0.0057092
      65.9371661753732496     -0.0107012
      66.5412942813139239      0.0029099
      67.1454248215541298      0.0086347
      67.7495577961604170      0.0106822
      68.3536932049996580      0.0091721
      68.9578310482715295      0.0079098
      69.5619713258429471      0.0144393
      70.1661140377804315     -0.0045465
      70.7702591840839830     -0.0208728
      71.3744067648202218     -0.0181633
      71.9785567799225277     -0.0112213
      72.5827092295240419     -0.0133114
      73.1868641134916516     -0.0121258
      73.7910214318919202      0.0106847
      74.3951811848579609      0.0158090
      74.9993433722566607      0.0215711
      75.6035079941545689      0.0249078
      76.2076750505517140      0.0211936
      76.8118445415146311      0.0045393
      77.4160164669767710     -0.0114606
      78.0201908270046971     -0.0083115
      78.6243676215983953     -0.0021262
      79.2285468508244719      0.0061036
      79.8327285146163206     -0.0007059
      80.4369126130405192      0.0107084
      81.0410991460970820      0.0041111
      81.6452881137859947      0.0026854
      82.2494795161072574      0.0082715
      82.8536733531940115     -0.0075373
      83.4578696248465377      0.0050719
      84.0620683312645696     -0.0080730
      84.6662694724480787      0.0115399
      85.2704730482639519      0.0158821
      85.8746790589118802      0.0180719
      86.4788875043252716      0.0046783
      87.0830983844376192      0.0203940
      87.6873116993819934      0.0041320
      88.2915274491584370      0.0124826
      88.8957456337669214     -0.0083680
      89.4999662532074893     -0.0055166
      90.1041893074800839      0.0101195
      90.7084147966513115      0.0035013
      91.3126427205880304     -0.0021913
      91.9168730795565097      0.0169253
      92.5211058733570439      0.0237541
      93.1253411021227464      0.0078254
      93.7295787657870960      0.0108679
      94.3338188644831916      0.0075063
      94.9380613980779202      0.0043874
      95.5423063666378170     -0.0056502
      96.1465537702960518     -0.0041799
      96.7508036088529053     -0.0056425
      97.3550558825080969      0.0016421
      97.9593105911950204      0.0010790
      98.5635677349137325     -0.0134423
      99.1678273137307400      0.0143381
      99.7720893276460856      0.0091085
     100.3763537766597551      0.0049555
     100.9806206607717485      0.0043242
     101.5848899800486294      0.0141549
     102.1891617344238341      0.0062114
     102.7934359239639264      0.0027320
     103.3977125487354982     -0.0065198
     104.0019916086719434     -0.0172684
     104.6062731037732902     -0.0087180
     105.2105570341061025      0.0051762
     105.8148433996703517     -0.0113182
     106.4191322004660663      0.0057310
     107.0234234366263877      0.0035620
     107.6277171080181461      0.0051088
     108.2320132146413840     -0.0046353
     108.8363117566292004     -0.0004579
     109.4406127339150601     -0.0006114
     110.0449161464989345      0.0069280
     110.6492219945139652     -0.0062649
     111.2535302778936028      0.0084641
     111.8578409965712552     -0.0028194
     112.4621541507466276      0.0032128
     113.0664697402866210      0.0094072
     113.6707877651911787     -0.0055601
     114.2751082256600483     -0.0041985
     114.8794311214935107      0.0173849
     115.4837564528247071      0.0031308
     116.0880842196536236     -0.0074812
     116.6924144219802741      0.0003663
     117.2967470598046305     -0.0089481
     117.9010821331267351     -0.0136158
     118.5054196420797155     -0.0003805
     119.1097595865304015      0.0192141
     119.7141019665453996      0.0073266
     120.3184467821912449      0.0068815
     120.9227940334013880     -0.0024860
     121.5271437202423925     -0.0041412
     122.1314958427142727      0.0057850
     122.7358504008170001     -0.0039822
     123.3402073945506032      0.0033400
     123.9445668240481950      0.0202993
     124.5489286891766341      0.0061184
     125.1532929900025408      0.0058326
     125.7576597265924221      0.0136084
     126.3620288989463063     -0.0108493
     126.9664005069310377      0.0071457
     127.5707745508129136      0.0069945
     128.1751510303922146     -0.0019066
     128.7795299457355327      0.0051662
     129.3839112969759526      0.0127058
     129.9882950839804039      0.0063335
     130.5926813068819570      0.0040221
     131.1970699655475414      0.0146266
     131.8014610601767913     -0.0032361
     132.4058545906366078     -0.0094647
     133.0102505569935545      0.0142748
     133.6146489592476598      0.0017251
     134.2190497974654306     -0.0036554
     134.8234530715803601      0.0006973
     135.4278587816589834      0.0018220
     136.0322669277678642     -0.0067111
     136.6366775097739037     -0.0098185
     137.2410905278767359     -0.0113033
     137.8455059819432904     -0.0079709
     138.4499238719735388     -0.0083235
     139.0543441981672004     -0.0009280
     139.6587669603911195      0.0064714
     140.2631921585787325     -0.0000296
     140.8676197929963223     -0.0084618
     141.4720498634441697      0.0120918
     142.0764823699888666      0.0061009
     142.6809173126969483     -0.0117349
     143.2853546916350069     -0.0015233
     143.8897945066698867      0.0060125
     144.4942367578016160      0.0012312
     145.0986814452298574      0.0045067
     145.7031285688215405      0.0032982
     146.3075781285766084     -0.0111243
     146.9120301246947520      0.0002722
     147.5164845569763372      0.0040712
     148.1209414255544345      0.0038982
     148.7254007303624803      0.0172093
     149.3298624715336587     -0.0010070
     149.9343266489348139      0.0041298
     150.5387932627656369      0.0004256
     151.1432623128929720     -0.0023121
     151.7477337993168192      0.0061173
     152.3522077221703910     -0.0116286
     152.9566840813870385     -0.0108885
     153.5611628769668187     -0.0095612
     154.1656441090428018     -0.0182436
     154.7701277774819175     -0.0054065
     155.3746138823506726      0.0095448
     155.9791024237156591     -0.0100599
     156.5835934015769055      0.0030181
     157.1880868158678481      0.0065546
     157.7925826666549938      0.0157016
     158.3970809540049629      0.0075540
     159.0015816778511635     -0.0154049
     159.6060848382601307      0.0058060
     160.2105904352319499     -0.0042496
     160.8150984687665357     -0.0016830
     161.4196089388639734     -0.0103461
     162.0241218455907699     -0.0289081
     162.6286371889469251     -0.0111324
     163.2331549689324390     -0.0053755
     163.8376751855473685      0.0076589
     164.4421978388582204      0.0046930
     165.0467229287984026      0.0036180
     165.6512504555011276     -0.0022180
     166.2557804188332113     -0.0010934
     166.8603128189278380      0.0005962
     167.4648476557849506      0.0025473
     168.0693849293379856      0.0039570
     168.6739246396535350     -0.0042934
     169.2784667867981909     -0.0094719
     169.8830113707053044      0.0030431
     170.4875583915080597     -0.0076483
     171.0921078490067941      0.0053276
     171.6966597434011703     -0.0022547
     172.3012140746911598      0.0010088
     172.9057708427436637     -0.0034889
     173.5103300477583446     -0.0070428
     174.1148916896687240      0.0009658
     174.7194557684747167      0.0072304
     175.3240222842429432     -0.0030254
     175.9285912369067546     -0.0014253
     176.5331626265328282     -0.0074996
     177.1377364531210787     -0.0136179
     177.7423127167381267     -0.0047238
     178.3468914173173800      0.0203694
     178.9514725549919945      0.0090968
     179.5560561296287574     -0.0029523
     180.1606421412943462      0.0096751
     180.7652305900552676      0.0068164
     181.3698214759115501      0.0042934
     181.9744147987965732     -0.0083079
     182.5790105588435210      0.0017148
     183.1836087559858299      0.0175702
     183.7882093902900351     -0.0067707
     184.3928124616895445      0.0009937
     184.9974179702510355     -0.0079742
     185.6020259160409580     -0.0046604
     186.2066362989928052      0.0008387
     186.8112491191731124     -0.0031373
     187.4158643765819363      0.0045872
     188.0204820711526565      0.0036280
     188.6251022030849640     -0.0075909
     189.2297247722457598      0.0060608
     189.8343497786350440      0.0235382
     190.4389772223859438      0.0039336
     191.0436071034318957     -0.0060472
     191.6482394217728711     -0.0060394
     192.2528741774754621     -0.0020731
     192.8575113705396689     -0.0117952
     193.4621510009654628      0.0042051
     194.0667930688194645     -0.0041648
     194.6714375740351102     -0.0197379
     195.2760845166123147     -0.0039864
     195.8807338966843190      0.0012610
     196.4853857141844742      0.0068941
     197.0900399691793439     -0.0093547
     197.6946966616024213     -0.0114319
     198.2993557915202416     -0.0060710
     198.9040173589328049      0.0062196
     199.5086813638401395      0.0073758
     200.1133478063753444     -0.0010701
     200.7180166864052921      0.0164845
     201.3226880039300113      0.0125058
     201.9273617590825722      0.0060932
     202.5320379518630318     -0.0060229
     203.1367165822047980     -0.0016170
     203.7413976501744344     -0.0066424
     204.3460811558385615     -0.0056056
     204.9507670990639951      0.0049314
     205.5554554799838627     -0.0170417
     206.1601462985981641     -0.0024118
     206.7648395548403926     -0.0032682
     207.3695352489101253      0.0008405
     207.9742333806743773      0.0027144
     208.5789339500664710     -0.0071847
     209.1836369573527463     -0.0023995
     209.7883424023334555      0.0041058
     210.3930502851417828     -0.0086165
     210.9977606056444870     -0.0109289
     211.6024733640414013     -0.0035306
     212.2071885602658767      0.0048540
     212.8119061943179418     -0.0048293
     213.4166262661975964     -0.0121241
     214.0213487760379394      0.0044396
     214.6260737236393368     -0.0100745
     215.2308011092680147      0.0088784
     215.8355309327242537      0.0001167
     216.4402631941412096     -0.0081243
     217.0449978935189108     -0.0027465
     217.6497350308573004     -0.0157046
     218.2544746060898433      0.0051628
     218.8592166194162587     -0.0050433
     219.4639610707033910      0.0174520
     220.0687079599512401     -0.0079713
     220.6734572872929334     -0.0093511
     221.2782090527284993     -0.0095338
     221.8829632561247536     -0.0053087
     222.4877198976814441     -0.0045222
     223.0924789772654151      0.0068368
     223.6972404950098223     -0.0070597
     224.3020044508480737      0.0259331
     224.9067708448467044     -0.0048690
     225.5115396770058283      0.0026315
     226.1163109472587394     -0.0018237
     226.7210846557386787      0.0009382
     227.3258608024455896     -0.0016213
     227.9306393873129366     -0.0052279
     228.5354204104072551     -0.0177552
     229.1402038717951086     -0.0055778
     229.7449897714099905      0.0043621
     230.3497781092518153     -0.0086939
     230.9545688854537957     -0.0140208
     231.5593620998827475      0.0008263
     232.1641577526718265     -0.0007162
     232.7689558437544690      0.0028769
     233.3737563731972102      0.0095903
     233.9785593410001070      0.0059518
     234.5833647471631025     -0.0022622
     235.1881725917528172     -0.0129335
     235.7929828747026022      0.0116772
     236.3977955960791064      0.0140736
     237.0026107559488651      0.0094596
     237.6074283541787509     -0.0037799
     238.2122483909018911      0.0057424
     238.8170708661182857      0.0060392
     239.4218957797613712      0.0150801
     240.0267231319642747      0.0193890
     240.6315529226604326      0.0072767
     241.2363851519164086     -0.0025460
     241.8412198196656675     -0.0051724
     242.4460569260412797     -0.0077740
     243.0508964709767668     -0.0084959
     243.6557384545386071     -0.0098261
     244.2605828766602656      0.0059466
     244.8654297374083626     -0.0046130
     245.4702790368493481      0.0074092
     246.0751307749168006      0.0014420
     246.6799849515440428      0.0003784
     247.2848415669973576     -0.0104105
     247.8897006210770542     -0.0085968
     248.4945621138497529     -0.0019385
     249.0994260454485243     -0.0116805
     249.7042924157402695      0.0037742
     250.3091612247915236     -0.0077139
     250.9140324725357232     -0.0027729
     251.5189061591726158      0.0047237
     252.1237822845690175      0.0005557
     252.7286608487249566     -0.0035347
     253.3335418517735320      0.0159352
     253.9384252937147721      0.0067304
     254.5433111744155497      0.0013599
     255.1481994940089919     -0.0154618
     255.7530902525616341     -0.0137313
     256.3579834499403773     -0.0125694
     256.9628790862784058      0.0123465
     257.5677771615090137      0.0032614
     258.1726776756989352     -0.0113260
     258.7775806288479998      0.0020198
     259.3824860210228849      0.0018284
     259.9873938521570267     -0.0033539
     260.5923041223169321     -0.0039942
     261.1972168315026579     -0.0092936
     261.8021319796475836     -0.0039399
     262.4070495668848935     -0.0037666
     263.0119695932145305      0.0082983
     263.6168920586366085     -0.0004776
     264.2218169630843931     -0.0253064
     264.8267443067576892      0.0071804
     265.4316740894568056     -0.0054321
     266.0366063113148698      0.0147680
     266.6415409723318248      0.0004413
     267.2464780725742912      0.0007274
     267.8514176119090848     -0.0006773
     268.4563595904694466      0.0056443
     269.0613040082552629     -0.0131413
     269.6662508652665906      0.0002071
     270.2712001615033728     -0.0098325
     270.8761518970322868      0.0031955
     271.4811060717866553     -0.0015546
     272.0860626858996625      0.0055496
     272.6910217393047446     -0.0040332
     273.2959832319352813     -0.0148556
     273.9009471639911339     -0.0017716
     274.5059135353389479      0.0051071
     275.1108823460454005      0.0067365
     275.7158535961770554     -0.0084181
     276.3208272856673489     -0.0118222
     276.9258034145828447     -0.0005203
     277.5307819828569791      0.0100836
     278.1357629906228226      0.0003476
     278.7407464378804889      0.0054344
     279.3457323244967938      0.0111779
     279.9507206506713715      0.0004588
     280.5557114163378287      0.0004821
     281.1607046214293746     -0.0055795
     281.7657002661458705     -0.0042932
     282.3706983503540755      0.0112522
     282.9756988740541033      0.0139557
     283.5807018373790811      0.0029525
     284.1857072403288953     -0.0090551
     284.7907150828370391     -0.0114001
     285.3957253649700760      0.0099049
     286.0007380867280062      0.0005694
     286.6057532480443228      0.0014472
     287.2107708491186600      0.0043229
     287.8157908898178903      0.0075582
     288.4208133702085206      0.0039698
     289.0258382902907215      0.0047309
     289.6308656501308860      0.0157958
     290.2358954497291847     -0.0085844
     290.8409276889523198     -0.0127736
     291.4459623679999822      0.0027437
     292.0509994868723425      0.0001794
     292.6560390454361595     -0.0023633
     293.2610810438245608      0.0020222
     293.8661254821041098     -0.0010696
     294.4711723601417361     -0.0002238
     295.0762216780705671     -0.0223064
     295.6812734358239254     -0.0037200
     296.2863276334684315     -0.0135766
     296.8913842710041990     -0.0014749
     297.4964433484976212      0.0200265
     298.1015048658156843      0.0046100
     298.7065688231580225     -0.0122141
     299.3116352203916222     -0.0155373
     299.9167040575828764      0.0057993
     300.5217753347984626      0.0060518
     301.1268490520383239     -0.0013730
     301.7319252092358965     -0.0093930
     302.3370038064578580      0.0112774
     302.9420848437706582      0.0024689
     303.5471683211077334     -0.0220374
     304.1522542384691974      0.0017619
     304.7573425959880069     -0.0112415
     305.3624333935312052     -0.0135814
     305.9675266312317490     -0.0055537
     306.5726223090232452      0.0034799
     307.1777204270386505      0.0209661
     307.7828209851450083      0.0126843
     308.3879239834087684      0.0139874
     308.9930294218965514      0.0022445
     309.5981373005417936     -0.0081185
     310.2032476194775654      0.0202978
     310.8083603786373601      0.0073036
     311.4134755779546140     -0.0089484
     312.0185932176290180     -0.0016735
     312.6237132975939517      0.0118533
     313.2288358177163445     -0.0171755
     313.8339607782624512     -0.0039445
     314.4390881790990875      0.0055743
     315.0442180202263671     -0.0056369
     315.6493503017773037      0.0025389
     316.2544850236853904      0.0002116
     316.8596221859506272      0.0165006
     317.4647617885730142      0.0171723
     318.0699038316191150      0.0116181
     318.6750483151554931     -0.0051485
     319.2801952389824010     -0.0081714
     319.8853446034327703      0.0089125
     320.4904964082402330      0.0007752
     321.0956506535380299     -0.0032253
     321.7008073393926111      0.0006493
     322.3059664657374697     -0.0047828
     322.9111280325726057      0.0124174
     323.5162920399646396     -0.0064629
     324.1214584879800782      0.0015153
     324.7266273764191169      0.0155242
     325.3317987055482945     -0.0047815
     325.9369724753007631     -0.0034225
     326.5421486856100728     -0.0123219
     327.1473273366094077     -0.0003704
     327.7525084282321473     -0.0044553
     328.3576919604117279     -0.0031302
     328.9628779334144042     -0.0080483
     329.5680663470405420      0.0097399
     330.1732572013566482      0.0030170
     330.7784504963626659     -0.0080812
     331.3836462321918361      0.0041463
     331.9888444087109747      0.0049090
     332.5940450259867021     -0.0039556
     333.1992480840854682      0.0020557
     333.8044535829408233     -0.0025762
     334.4096615226192739      0.0001571
     335.0148719031208202     -0.0058991
     335.6200847244455190     -0.0063546
     336.2252999865933134      0.0039423
     336.8305176896973308      0.0014028
     337.4357378336245006     -0.0014418
     338.0409604184413297      0.0010818
     338.6461854441478749      0.0234477
     339.2514129108771499      0.0023827
     339.8566428184295773     -0.0030761
     340.4618751670048482      0.0038762
     341.0671099565363420      0.0074374
     341.6723471870240587      0.0031012
     342.2775868585346188     -0.0028342
     342.8828289710679655     -0.0158685
     343.4880735246241557     -0.0035755
     344.0933205192031892     -0.0115353
     344.6985699548715729     -0.0070354
     345.3038218316293069      0.0038571
     345.9090761494098842      0.0114172
     346.5143329083464323      0.0060055
     347.1195921083723306     -0.0088806
     347.7248537494875791     -0.0050283
     348.3301178318254188      0.0125147
     348.9353843553191155     -0.0041153
     349.5406533199688397     -0.0078103
     350.1459247257744778     -0.0058955
     350.7511985728692139      0.0094566
     351.3564748611198638      0.0100366
     351.9617535905930481      0.0019186
     352.5670347614218940      0.0042634
     353.1723183734067106      0.0045798
     353.7776044266806252      0.0087676
     354.3828929213100878     -0.0010499
     354.9881838571621415      0.0059494
     355.5934772344364205      0.0019349
     356.1987730529997407      0.0047826
     356.8040713129187225      0.0055233
     357.4093720141933659     -0.0009215
     358.0146751568902346     -0.0105161
     358.6199807409427649     -0.0043615
     359.2252887664174636      0.0107254
     359.8305992333144445      0.0126448
     360.4359121417001575      0.0021089
     361.0412274915080957      0.0072231
     361.6465452828048228     -0.0021551
     362.2518655155903389      0.0015225
     362.8571881897980802     -0.0041450
     363.4625133056277377      0.0041288
     364.0678408629461842     -0.0115727
     364.6731708617534196     -0.0124420
     365.2785033021825143      0.0074899
     365.8838381842336389     -0.0049711
     366.4891755077734956      0.0011701
     367.0945152730017753     -0.0091936
     367.6998574797855213      0.0106054
     368.3052021281910697      0.0106540
     368.9105492183517754     -0.0023174
     369.5158987500677199      0.0117855
     370.1212507235388784     -0.0027971
     370.7266051386318395      0.0019751
     371.3319619954799009     -0.0041564
     371.9373212940829490     -0.0077217
     372.5426830343745337      0.0078222
     373.1480472164211619      0.0007735
     373.7534138402228905      0.0092619
     374.3587829057796057      0.0011222
     374.9641544132245485      0.0093704
     375.5695283624245349     -0.0105531
     376.1749047534461852     -0.0115279
     376.7802835863558926     -0.0121760
     377.3856648610873208     -0.0167367
     377.9910485776403561      0.0026760
     378.5964347361482396      0.0035763
     379.2018233365441802     -0.0068166
     379.8072143788283483     -0.0118517
     380.4126078630673078      0.0046819
     381.0180037892610017      0.0082777
     381.6234021574094299      0.0105177
     382.2288029675126495     -0.0060583
     382.8342062196371103     -0.0145107
     383.4396119137829260     -0.0096021
     384.0450200498169693      0.0000302
     384.6504306280055516     -0.0114967
     385.2558436482153184      0.0017311
     385.8612591104464400     -0.0201933
     386.4666770148320438     -0.0143579
     387.0720973613055662     -0.0089138
     387.6775201498003298     -0.0088218
     388.2829453804495756     -0.0200300
     388.8883730532533605     -0.0183885
     389.4938031682115138     -0.0118864
     390.0992357253242062     -0.0076659
     390.7046707246578308     -0.0111319
     391.3101081661459943     -0.0065888
     391.9155480498550901     -0.0032550
     392.5209903757852885      0.0121842
     393.1264351439364759      0.0010166
     393.7318823543752728     -0.0039497
     394.3373320071016792      0.0130324
     394.9427841020490746     -0.0073792
     395.5482386392840795     -0.0019041
     396.1536956189398211      0.0018171
     396.7591550408831154     -0.0025521
     397.3646169051140191     -0.0065741
     397.9700812117657165     -0.0022110
     398.5755479607714733      0.0204603
     399.1810171521314032      0.0198934
     399.7864887859121268      0.0269822
     400.3919628621135303      0.0263311
     400.9974393807356705      0.0322591
     401.6029183418451680      0.0217965
     402.2083997453752886      0.0194739
     402.8138835913927664      0.0243027
     403.4193698798974879      0.0377632
     404.0248586109561302      0.0388607
     404.6303497844354524      0.0324282
     405.2358434005352592      0.0001676
     405.8413394591888732     -0.0144566
     406.4468379603297876     -0.0255047
     407.0523389041577502     -0.0245683
     407.6578422905395200     -0.0201805
     408.2633481194750971     -0.0196673
     408.8688563910312155     -0.0052282
     409.4743671053408889     -0.0066764
     410.0798802622043695      0.0021253
     410.6853958617548983      0.0005770
     411.2909139039923048      0.0074202
     411.8964343889834367      0.0058984
     412.5019573165948827     -0.0099345
     413.1074826870265042      0.0028717
     413.7130105001451170      0.0053236
     414.3185407560173417      0.0023951
     414.9240734546430645     -0.0075921
     415.5296085960889627      0.0123256
     416.1351461803549228     -0.0037608
     416.7406862073744946      0.0100270
     417.3462286773473124     -0.0005585
     417.9517735900071784     -0.0077248
     418.5573209456202335      0.0055286
     419.1628707441200277      0.0026968
     419.7684229854399405      0.0043726
     420.3739776697131560      0.0042958
     420.9795347969395607      0.0001417
     421.5850943670527613     -0.0116250
     422.1906563801191510     -0.0103159
     422.7962208362054071     -0.0174405
     423.4017877352449659     -0.0168586
     424.0073570771711502     -0.0017007
     424.6129288622503282      0.0083505
     425.2185030902828089     -0.0012480
     425.8240797613350423      0.0080754
     426.4296588754737058      0.0063918
     427.0352404326987994      0.0022427
     427.6408244329437025      0.0065761
     428.2464108763416561      0.0012411
     428.8519997628924330      0.0145731
     429.4575910924631330      0.0010277
     430.0631848652533336      0.0101449
     430.6687810811965278      0.0077415
     431.2743797402261521      0.0003484
     431.8799808425417837     -0.0049561
     432.4855843880104089      0.0090403
     433.0911903766986484     -0.0036969
     433.6967988086063315      0.0120396
     434.3024096838001924      0.0120930
     434.9080230022134970      0.0073669
     435.5136387639130362     -0.0126103
     436.1192569688985827      0.0016648
     436.7248776172368139     -0.0041634
     437.3305007087945455      0.0033906
     437.9361262437715823     -0.0099324
     438.5417542221012468     -0.0104772
     439.1473846437169755     -0.0071681
     439.7530175087520092      0.0015827
     440.3586528172062913      0.0221758
     440.9642905690131442     -0.0034239
     441.5699307643058660      0.0067806
     442.1755734030178360     -0.0117074
     442.7812184851490542     -0.0211729
     443.3868660107660276      0.0056223
     443.9925159799354333      0.0125350
     444.5981683924574099     -0.0022998
     445.2038232485984395      0.0142518
     445.8094805482251672      0.0009244
     446.4151402914043274      0.0108988
     447.0208024781358631     -0.0143891
     447.6264671084863380     -0.0192689
     448.2321341823225680      0.0042431
     448.8378036998443577     -0.0004417
     449.4434756609185229      0.0003194
     450.0491500656781909      0.0057038
     450.6548269140567413      0.0115257
     451.2605062060542309     -0.0144531
     451.8661879418038438     -0.0082274
     452.4718721211723960      0.0068979
     453.0775587442930146      0.0022378
     453.6832478110990792     -0.0143692
     454.2889393216572671     -0.0216693
     454.8946332759675784      0.0061889
     455.5003296740298993     -0.0015140
     456.1060285158442866     -0.0097330
     456.7117298015439246      0.0023629
     457.3174335309956291     -0.0057693
     457.9231397041993432      0.0017740
     458.5288483212883079     -0.0153460
     459.1345593822625233     -0.0059060
     459.7402728870553119     -0.0089510
     460.3459888357999148     -0.0057508
     460.9517072284297114      0.0013373
     461.5574280648781382      0.0042740
     462.1631513453448861     -0.0151851
     462.7688770696968845     -0.0017531
     463.3746052380672040      0.0079353
     463.9803358503227741     -0.0039484
     464.5860689065966653      0.0139470
     465.1918044068888776      0.0141601
     465.7975423511994109      0.0018173
     466.4032827395283221     -0.0069782
     467.0090255718756111      0.0010316
     467.6147708483077849     -0.0106157
     468.2205185688248434     -0.0036792
     468.8262687334267866     -0.0023519
     469.4320213420471646      0.0042484
     470.0377763948854977     -0.0107621
     470.6435338918087723      0.0043984
     471.2492938328835521      0.0093788
     471.8550562181763439      0.0162594
     472.4608210476206409     -0.0140184
     473.0665883212163294      0.0049929
     473.6723580390301436      0.0152809
     474.2781302010619697      0.0092969
     474.8839048073118079     -0.0062052
     475.4896818579128990     -0.0021128
     476.0954613527320589      0.0078705
     476.7012432917691740      0.0012283
     477.3070276751574852     -0.0026368
     477.9128145028304289     -0.0159069
     478.5186037748545687     -0.0072208
     479.1243954911632841     -0.0042052
     479.7301896518897593      0.0036749
     480.3359862569674306      0.0065833
     480.9417853063962411     -0.0142226
     481.5475868003093751     -0.0015227
     482.1533907385737621     -0.0045671
     482.7591971212557951      0.0044386
     483.3650059484222083     -0.0087886
     483.9708172200063245      0.0035009
     484.5766309360747641     -0.0112761
     485.1824470966274703     -0.0158832
     485.7882657017311203     -0.0137265
     486.3940867512525301      0.0077186
     486.9999102453913906      0.0067200
     487.6057361840144608      0.0047574
     488.2115645672550954      0.0002060
     488.8173953950465602     -0.0065033
