Scan:     27          MRK1179 2015-10-21 +03 19 01.0
         OPTICAL                 Tb    
        km/s-LSR                 XX
    -522.5174716303724836     -0.0134421
    -521.9157308334272329     -0.0062978
    -521.3139876166277418     -0.0721415
    -520.7122419799403588     -0.0239196
    -520.1104939233987352     -0.0093955
    -519.5087434470026437      0.0183500
    -518.9069905506521536      0.0228331
    -518.3052352344474230      0.0021976
    -517.7034774983217176     -0.0178042
    -517.1017173421751068     -0.0107360
    -516.4999547661407178      0.0107270
    -515.8981897701521575      0.0043162
    -515.2964223541428055     -0.0148851
    -514.6946525180792378     -0.0021095
    -514.0928802620948090     -0.0099032
    -513.4911055860228544     -0.0231906
    -512.8893284898969114      0.0028829
    -512.2875489737500629      0.0104698
    -511.6857670375491125     -0.0011372
    -511.0839826811941862      0.0074994
    -510.4821959047519044      0.0000708
    -509.8804067082554070     -0.0024856
    -509.2786150915384837     -0.0003634
    -508.6768210547340914     -0.0014375
    -508.0750245977424697     -0.0053993
    -507.4732257205636188     -0.0067466
    -506.8714244232307919     -0.0044379
    -506.2696207056774256     -0.0070904
    -505.6678145678702663     -0.0126827
    -505.0660060098758777      0.0080274
    -504.4641950316275825      0.0149379
    -503.8623816331255512      0.0032041
    -503.2605658143030496      0.0046355
    -502.6587475752268119     -0.0085132
    -502.0569269158301609      0.0008188
    -501.4551038360798429     -0.0093725
    -500.8532783360424219      0.0176351
    -500.2514504156180806      0.0098360
    -499.6496200748067622     -0.0014791
    -499.0477873136750304     -0.0010402
    -498.4459521321564353      0.0016780
    -497.8441145301509323      0.0123212
    -497.2422745077918194      0.0162791
    -496.6404320649791657      0.0022231
    -496.0385872016464077      0.0107046
    -495.4367399179267863      0.0038787
    -494.8348902137202572     -0.0051263
    -494.2330380889603703     -0.0020368
    -493.6311835437470563     -0.0070494
    -493.0293265779803278      0.0126692
    -492.4274671916601847     -0.0098532
    -491.8256053848199940     -0.0074626
    -491.2237411573931354     -0.0013124
    -490.6218745093796088     -0.0019122
    -490.0200054407462176      0.0077367
    -489.4181339515261016      0.0063815
    -488.8162600416860641     -0.0060263
    -488.2143837111595417      0.0109530
    -487.6125049600130410      0.0044838
    -487.0106237882133655     -0.0126154
    -486.4087401956606413     -0.0147276
    -485.8068541824545719     -0.0042090
    -485.2049657485288208     -0.0152847
    -484.6030748938167108     -0.0206725
    -484.0011816184180589     -0.0046894
    -483.3992859222663583     -0.0139406
    -482.7973878052949885     -0.0105068
    -482.1954872675706270      0.0091416
    -481.5935843090598496      0.0086742
    -480.9916789296628394      0.0069051
    -480.3897711294795272     -0.0106280
    -479.7878609084766026     -0.0238695
    -479.1859482665873884     -0.0134723
    -478.5840332037787448      0.0049216
    -477.9821157201171218      0.0103633
    -477.3801958155693228     -0.0063424
    -476.7782734900354171      0.0055338
    -476.1763487436153923     -0.0011637
    -475.5744215762425711     -0.0073683
    -474.9724919878836999     -0.0013635
    -474.3705599785720324     -0.0123392
    -473.7686255482743150      0.0080034
    -473.1666886968906738      0.0064364
    -472.5647494245875464     -0.0006149
    -471.9628077311984953     -0.0025665
    -471.3608636167235773     -0.0102046
    -470.7589170812292991      0.0101168
    -470.1569681246823507      0.0042698
    -469.5550167469497751     -0.0059301
    -468.9530629481644723      0.0011009
    -468.3511067282599925     -0.0155628
    -467.7491480871697149      0.0124937
    -467.1471870249935705      0.0172550
    -466.5452235416316853     -0.0029948
    -465.9432576370840593     -0.0077340
    -465.3412893112840152     -0.0188662
    -464.7393185642982871      0.0033170
    -464.1373453961268183     -0.0053838
    -463.5353698066363677      0.0058456
    -462.9333917959601763      0.0030853
    -462.3314113639984271     -0.0059505
    -461.7294285107178098      0.0028834
    -461.1274432361515210      0.0095756
    -460.5254555402996743     -0.0084117
    -459.9234654230622823      0.0024943
    -459.3214728845393324      0.0035428
    -458.7194779246308940      0.0065792
    -458.1174805433370807     -0.0056709
    -457.5154807406910322      0.0001724
    -456.9134785166261850      0.0023750
    -456.3114738711093423     -0.0090543
    -455.7094668042070680      0.0025370
    -455.1074573158527414      0.0017454
    -454.5054454060131093      0.0126352
    -453.9034310746882284      0.0104268
    -453.3014143219112384      0.0089472
    -452.6993951476156326      0.0013236
    -452.0973735517682144     -0.0009719
    -451.4953495344354906     -0.0105183
    -450.8933230955508407     -0.0016046
    -450.2912942350477579     -0.0047423
    -449.6892629530261161     -0.0095682
    -449.0872292494192379      0.0065178
    -448.4851931241274201     -0.0074896
    -447.8831545772836762      0.0057145
    -447.2811136087881891     -0.0104567
    -446.6790702186077056      0.0152587
    -446.0770244068087891     -0.0029902
    -445.4749761733248761      0.0125320
    -444.8729255180893460     -0.0001059
    -444.2708724412021297     -0.0055300
    -443.6688169425965498      0.0007242
    -443.0667590222394097      0.0095603
    -442.4646986800973991      0.0102160
    -441.8626359162038284     -0.0071852
    -441.2605707305586975      0.0011273
    -440.6585031230621325     -0.0169102
    -440.0564330937806403      0.0010930
    -439.4543606427143914      0.0046180
    -438.8522857697300310     -0.0003284
    -438.2502084749276037     -0.0028831
    -437.6481287582736854     -0.0038708
    -437.0460466197017695      0.0025991
    -436.4439620592452229     -0.0062037
    -435.8418750769038184      0.0149440
    -435.2397856725446559      0.0051265
    -434.6376938463340593      0.0026885
    -434.0355995981389015     -0.0032956
    -433.4335029279259288     -0.0126791
    -432.8314038357948448     -0.0132474
    -432.2293023216459460     -0.0089504
    -431.6271983854459791     -0.0036465
    -431.0250920272280837     -0.0057099
    -430.4229832469923736     -0.0097549
    -429.8208720447055384     -0.0074850
    -429.2187584202677044     -0.0023160
    -428.6166423738120557     -0.0083715
    -428.0145239052386614      0.0138394
    -427.4124030145143252     -0.0058781
    -426.8102797016722434     -0.0136800
    -426.2081539667124730      0.0209310
    -425.6060258095351969      0.0251298
    -425.0038952302401185      0.0019825
    -424.4017622287275913     -0.0020378
    -423.7996268049641344     -0.0064557
    -423.1974889590497355      0.0113504
    -422.5953486908845207      0.0090365
    -421.9932060004352365      0.0101738
    -421.3910608877349659      0.0134794
    -420.7889133527839931      0.0160049
    -420.1867633954822736      0.0044685
    -419.5846110159297382      0.0056470
    -418.9824562140265130     -0.0163525
    -418.3802989898058513     -0.0214555
    -417.7781393432013033     -0.0236506
    -417.1759772742460086     -0.0041865
    -416.5738127829399673     -0.0065293
    -415.9716458691502226      0.0012049
    -415.3694765330430414      0.0184647
    -414.7673047744852965      0.0251653
    -414.1651305934436778      0.0191294
    -413.5629539899848623      0.0059391
    -412.9607749640422298      0.0097852
    -412.3585935156157802      0.0073627
    -411.7564096447055135      0.0156685
    -411.1542233512781763      0.0105712
    -410.5520346353004015     -0.0038002
    -409.9498434968054994     -0.0075762
    -409.3476499357602165     -0.0119468
    -408.7454539520980461     -0.0107763
    -408.1432555458854381     -0.0042837
    -407.5410547170890823     -0.0133266
    -406.9388514656093321     -0.0020150
    -406.3366457915458341      0.0091076
    -405.7344376948653917     -0.0006741
    -405.1322271755014413      0.0122671
    -404.5300142334206726      0.0016324
    -403.9277988687229595      0.0011596
    -403.3255810813084281     -0.0024273
    -402.7233608711105148     -0.0080040
    -402.1211382382290935      0.0012225
    -401.5189131826309108     -0.0055951
    -400.9166857041827257      0.0002749
    -400.3144558030177222      0.0058538
    -399.7122234790693369     -0.0035067
    -399.1099887322710629      0.0031766
    -398.5077515626893501      0.0060066
    -397.9055119702911156      0.0006057
    -397.3032699549762015      0.0087861
    -396.7010255168780191      0.0007080
    -396.0987786558633275     -0.0194527
    -395.4965293718988164     -0.0035195
    -394.8942776651176132     -0.0118611
    -394.2920235353866474     -0.0140858
    -393.6897669827059190      0.0116071
    -393.0875080070420609     -0.0031358
    -392.4852466084616935     -0.0138382
    -391.8829827868983102     -0.0111108
    -391.2807165423185438     -0.0008353
    -390.6784478747223943     -0.0033995
    -390.0761767841432288     -0.0023419
    -389.4739032704477495      0.0108978
    -388.8716273337693110      0.0177232
    -388.2693489740078121      0.0065448
    -387.6670681911301699      0.0254773
    -387.0647849851696378      0.0253134
    -386.4624993561261590      0.0045975
    -385.8602113038998596     -0.0156353
    -385.2579208285906702     -0.0007325
    -384.6556279300987171      0.0080325
    -384.0533326083906331      0.0080095
    -383.4510348635664627     -0.0042620
    -382.8487346955261046     -0.0158804
    -382.2464321042697293      0.0044883
    -381.6441270897307732      0.0009526
    -381.0418196520089964      0.0044719
    -380.4395097910378922     -0.0160976
    -379.8371975067175299     -0.0114225
    -379.2348827991811504     -0.0028546
    -378.6325656683288230     -0.0089587
    -378.0302461141274080     -0.0025860
    -377.4279241366099882      0.0026252
    -376.8255997357766773     -0.0006962
    -376.2232729115276015     -0.0051976
    -375.6209436639293244      0.0142299
    -375.0186119929485926     -0.0050042
    -374.4162778985187856     -0.0054658
    -373.8139413807397204     -0.0044784
    -373.2116024395117506     -0.0126778
    -372.6092610747680283      0.0116222
    -372.0069172866086546     -0.0020739
    -371.4045710750001490     -0.0090860
    -370.8022224398428079      0.0197514
    -370.1998713812031383      0.0060622
    -369.5975178990478298     -0.0039660
    -368.9951619933768256     -0.0104635
    -368.3928036640904793      0.0122898
    -367.7904429112884941     -0.0076446
    -367.1880797349043064      0.0019611
    -366.5857141348712958     -0.0016017
    -365.9833461112895066      0.0007998
    -365.3809756640589512     -0.0012093
    -364.7786027931795729     -0.0024959
    -364.1762274986514853      0.0162042
    -363.5738497804746885      0.0016380
    -362.9714696385825050      0.0050379
    -362.3690870730083589      0.0068389
    -361.7667020837520795      0.0185979
    -361.1643146707140204      0.0032288
    -360.5619248339605747     -0.0122740
    -359.9595325734918561      0.0030057
    -359.3571378891746804     -0.0116224
    -358.7547407811089215     -0.0070754
    -358.1523412492612124     -0.0066737
    -357.5499392935984133     -0.0021496
    -356.9475349140538469      0.0001547
    -356.3451281107273871     -0.0041362
    -355.7427188835191600      0.0046553
    -355.1403072323959691     -0.0238143
    -354.5378931574243211     -0.0048904
    -353.9354766585709058      0.0053427
    -353.3330577357359630     -0.0005372
    -352.7306363890525631      0.0123946
    -352.1282126183875221      0.0010325
    -351.5257864237077001      0.0050308
    -350.9233578051127438      0.0175560
    -350.3209267625362600      0.0233933
    -349.7184932959116281      0.0037078
    -349.1160574053054120      0.0024040
    -348.5136190906510478      0.0156910
    -347.9111783519152254      0.0076914
    -347.3087351891645085      0.0200744
    -346.7062896022990799      0.0289302
    -346.1038415913523068      0.0041187
    -345.5013911562907083     -0.0016297
    -344.8989382971477653     -0.0015224
    -344.2964830138567436     -0.0021849
    -343.6940253063511364      0.0075923
    -343.0915651747641277     -0.0047148
    -342.4891026189625904     -0.0147912
    -341.8866376389131005     -0.0237284
    -341.2841702347157025      0.0046627
    -340.6817004063036620      0.0058540
    -340.0792281536105293      0.0104397
    -339.4767534767028678      0.0102449
    -338.8742763755140004      0.0063326
    -338.2717968499774202      0.0065099
    -337.6693149002262544     -0.0071360
    -337.0668305261607429      0.0075663
    -336.4643437277141516      0.0135010
    -335.8618545049532145      0.0195762
    -335.2593628578778180      0.0107526
    -334.6568687863548917     -0.0036901
    -334.0543722904841957      0.0039433
    -333.4518733702325903     -0.0033050
    -332.8493720255666517     -0.0007970
    -332.2468682564198730      0.0094182
    -331.6443620628588747     -0.0017366
    -331.0418534448835999      0.0095023
    -330.4393424023608645      0.0029942
    -329.8368289353906562     -0.0076332
    -329.2343130439062406      0.0009276
    -328.6317947278744782      0.0077331
    -328.0292739873618189      0.0042706
    -327.4267508223016989     -0.0085368
    -326.8242252326277253      0.0009209
    -326.2216972184396013      0.0011457
    -325.6191667796374531      0.0055336
    -325.0166339162213944     -0.0126628
    -324.4140986281913115      0.0092489
    -323.8115609155472612     -0.0002084
    -323.2090207781894264     -0.0073948
    -322.6064782162508209     -0.0188007
    -322.0039332295984309     -0.0066700
    -321.4013858182655099     -0.0000257
    -320.7988359821854942     -0.0031464
    -320.1962837214249475     -0.0169846
    -319.5937290359505027     -0.0152923
    -318.9911719256291462     -0.0124177
    -318.3886123906272019     -0.0033355
    -317.7860504308449663     -0.0114919
    -317.1834860461823951     -0.0053378
    -316.5809192368059826     -0.0099484
    -315.9783500025826584      0.0058539
    -315.3757783434458020     -0.0049858
    -314.7732042595285407     -0.0014909
    -314.1706277507643676     -0.0124704
    -313.5680488170532954     -0.0102449
    -312.9654674584620579     -0.0022684
    -312.3628836749905417     -0.0029160
    -311.7602974665389866      0.0019422
    -311.1577088332070957      0.0140585
    -310.5551177748951659     -0.0038965
    -309.9525242915698300      0.0096900
    -309.3499283832977085     -0.0127099
    -308.7473300500454343     -0.0113797
    -308.1447292917798677      0.0017957
    -307.5421261084342746      0.0036507
    -306.9395205000753890     -0.0103907
    -306.3369124666697303      0.0056358
    -305.7343020081509053      0.0112170
    -305.1316891245854208     -0.0076199
    -304.5290738159067132     -0.0047601
    -303.9264560820814722     -0.0043021
    -303.3238359231430081     -0.0027252
    -302.7212133390913209      0.0078351
    -302.1185883297932264     -0.0128340
    -301.5159608954152759      0.0014703
    -300.9133310358242284      0.0094303
    -300.3106987509534065      0.0014985
    -299.7080640409361649      0.0058636
    -299.1054269057058832     -0.0031655
    -298.5027873451293772      0.0059083
    -297.9001453593730275      0.0012026
    -297.2975009483370172      0.0071817
    -296.6948541119880929     -0.0012008
    -296.0922048502930011     -0.0032295
    -295.4895531633515020      0.0057528
    -294.8868990510304684      0.0117387
    -294.2842425133300139      0.0054184
    -293.6815835503165886      0.0016538
    -293.0789221619236855     -0.0023731
    -292.4762583480513172      0.0098767
    -291.8735921088661485     -0.0016584
    -291.2709234442348816     -0.0015273
    -290.6682523540909528     -0.0020096
    -290.0655788385676033      0.0090734
    -289.4629028975980987      0.0184202
    -288.8602245310494254      0.0069082
    -288.2575437390880211     -0.0056653
    -287.6548605216138981     -0.0015281
    -287.0521748785273530      0.0134031
    -286.4494868099946530      0.0075598
    -285.8467963158495877     -0.0025184
    -285.2441033961252401      0.0199915
    -284.6414080508549773      0.0108260
    -284.0387102800056027      0.0113999
    -283.4360100835103822     -0.0063668
    -282.8333074613360623     -0.0081224
    -282.2306024135826306     -0.0020173
    -281.6278949401834097     -0.0027606
    -281.0251850410385259     -0.0031934
    -280.4224727162479667      0.0096932
    -279.8197579657783081      0.0024815
    -279.2170407894964228     -0.0051731
    -278.6143211875688053      0.0030452
    -278.0115991598955816      0.0095983
    -277.4088747064101881      0.0170715
    -276.8061478271791316      0.0076510
    -276.2034185222024121      0.0020677
    -275.6006867913137057     -0.0041440
    -274.9979526346793932      0.0012515
    -274.3952160522329109      0.0068798
    -273.7924770438410746     -0.0075651
    -273.1897356096703220     -0.0076766
    -272.5869917496208927     -0.0067536
    -271.9842454636593629     -0.0060711
    -271.3814967517524792      0.0118351
    -270.7787456139669189     -0.0034496
    -270.1759920502359478     -0.0065233
    -269.5732360605264830     -0.0003752
    -268.9704776448716075      0.0069009
    -268.3677168032714349      0.0077840
    -267.7649535355928379      0.0077336
    -267.1621878419688869      0.0042515
    -266.5594197223330752      0.0018590
    -265.9566491765854721     -0.0055847
    -265.3538762048260651     -0.0063080
    -264.7511008070214302      0.0080591
    -264.1483229830718074      0.0160304
    -263.5455427330769567     -0.0036343
    -262.9427600569704282     -0.0044530
    -262.3399749546854878      0.0079017
    -261.7371874262889264     -0.0088232
    -261.1343974717472634      0.0021597
    -260.5316050909940486      0.0054229
    -259.9288102840957890     -0.0028575
    -259.3260130510192880      0.0118817
    -258.7232133916978682      0.0024483
    -258.1204113060982763      0.0024285
    -257.5176067943203861     -0.0072085
    -256.9147998562643238     -0.0112083
    -256.3119904918968928      0.0059229
    -255.7091787012844861      0.0040054
    -255.1063644843939926     -0.0033762
    -254.5035478410921996      0.0072080
    -253.9007287715454879      0.0250575
    -253.2979072756208154     -0.0075995
    -252.6950833533180969     -0.0062060
    -252.0922570046706710      0.0012315
    -251.4894282296119741     -0.0039731
    -250.8865970281086959      0.0126905
    -250.2837634002606819      0.0177627
    -249.6809273459680867      0.0019731
    -249.0780888651643465     -0.0252007
    -248.4752479579493354     -0.0098546
    -247.8724046242564611     -0.0174544
    -247.2695588640524136      0.0098190
    -246.6667106773039677      0.0100555
    -246.0638600640776588     -0.0050357
    -245.4610070243401765     -0.0120235
    -244.8581515579584504     -0.0065550
    -244.2552936650988613     -0.0171728
    -243.6524333456282818     -0.0006952
    -243.0495705995134301     -0.0062550
    -242.4467054268541517     -0.0075126
    -241.8438378275505727     -0.0054190
    -241.2409678015694396      0.0125372
    -240.6380953489773162      0.0218622
    -240.0352204697409206      0.0109933
    -239.4323431637270971     -0.0151394
    -238.8294634311022833     -0.0069696
    -238.2265812717333517     -0.0046039
    -237.6236966856203026      0.0060945
    -237.0208096727631073     -0.0139583
    -236.4179202331950762     -0.0033153
    -235.8150283668496172      0.0047758
    -235.2121340736601951      0.0013760
    -234.6092373536933451     -0.0041103
    -234.0063382069490956     -0.0171519
    -233.4034366332942909      0.0139933
    -232.8005326328620583      0.0087807
    -232.1976262055526092     -0.0146521
    -231.5947173513326049     -0.0182298
    -230.9918060702685807     -0.0161003
    -230.3888923623273115     -0.0022813
    -229.7859762273756417      0.0015581
    -229.1830576655800087      0.0019648
    -228.5801366768072853     -0.0075009
    -227.9772132610241329     -0.0222614
    -227.3742874182971434      0.0058774
    -226.7713591486263454      0.0033956
    -226.1684284518452444     -0.0097622
    -225.5654953281203632      0.0103298
    -224.9625597773850814      0.0016279
    -224.3596217995062432     -0.0211899
    -223.7566813946170328     -0.0030841
    -223.1537385626841399     -0.0003180
    -222.5507933036076906     -0.0010695
    -221.9478456174210237      0.0120207
    -221.3448955041240822      0.0003942
    -220.7419429637169230     -0.0137620
    -220.1389879960663620      0.0054985
    -219.5360306013388367      0.0026359
    -218.9330707794011914      0.0103724
    -218.3301085302202011     -0.0077834
    -217.7271438538956545     -0.0005172
    -217.1241767503277345      0.0034944
    -216.5212072194831308      0.0030740
    -215.9182352613951537     -0.0032184
    -215.3152608760638032     -0.0022832
    -214.7122840634224872      0.0194275
    -214.1093048235045160      0.0097254
    -213.5063231562766077     -0.0096842
    -212.9033390616721704     -0.0151444
    -212.3003525397577675      0.0137278
    -211.6973635905001458      0.0058164
    -211.0943722138659666     -0.0068049
    -210.4913784097887515      0.0065817
    -209.8883821783682890     -0.0029267
    -209.2853835195047338      0.0077802
    -208.6823824331981143      0.0010079
    -208.0793789194816839     -0.0013575
    -207.4763729782888504      0.0051055
    -206.8733646095863890     -0.0100539
    -206.2703538134408632     -0.0032930
    -205.6673405897856526     -0.0076637
    -205.0643249385542504     -0.0168648
    -204.4613068598464736     -0.0014327
    -203.8582863535957586      0.0063318
    -203.2552634197355417     -0.0081686
    -202.6522380583323582     -0.0050575
    -202.0492102693529830     -0.0155254
    -201.4461800526975424      0.0024523
    -200.8431474084991635      0.0148470
    -200.2401123366246907      0.0090195
    -199.6370748370741808      0.0097055
    -199.0340349098808588      0.0081062
    -198.4309925550447531      0.0005516
    -197.8279477724993001      0.0080437
    -197.2249005621779361     -0.0026271
    -196.6218509241804782      0.0090130
    -196.0187988584737013      0.0058476
    -195.4157443649243930      0.0033728
    -194.8126874436990192      0.0034421
    -194.2096280946644526      0.0006836
    -193.6065663177873830      0.0147583
    -193.0035021131344308     -0.0123658
    -192.4004354806722574     -0.0053956
    -191.7973664203009889     -0.0104184
    -191.1942949321205560      0.0025437
    -190.5912210160976485     -0.0002819
    -189.9881446720990823     -0.0068431
    -189.3850659002913233     -0.0202872
    -188.7819847005412157      0.0003978
    -188.1789010728155063      0.0156580
    -187.5758150171807301      0.0012339
    -186.9727265336036055     -0.0010431
    -186.3696356220508505      0.0022298
    -185.7665422824559300     -0.0019060
    -185.1634465149186326     -0.0122429
    -184.5603483193724514     -0.0142351
    -183.9572476957175127      0.0123168
    -183.3541446440869720      0.0013581
    -182.7510391643809271      0.0133569
    -182.1479312565328428      0.0111771
    -181.5448209206758747     -0.0117352
    -180.9417081566768388     -0.0047893
    -180.3385929645357635      0.0267733
    -179.7354753443192124      0.0036463
    -179.1323552959273400     -0.0040233
    -178.5292328193268929      0.0008130
    -177.9261079145843780     -0.0069741
    -177.3229805816665134     -0.0078576
    -176.7198508204734821      0.0048535
    -176.1167186311384398     -0.0110331
    -175.5135840135282024      0.0033384
    -174.9104469676760516     -0.0022486
    -174.3073074935154523     -0.0163256
    -173.7041655911129681     -0.0138780
    -173.1010212604353171      0.0000669
    -172.4978745013826540     -0.0129299
    -171.8947253140547673     -0.0102476
    -171.2915736983851502      0.0083267
    -170.6884196543072392      0.0096640
    -170.0852631818875693      0.0007494
    -169.4821042811261691      0.0025718
    -168.8789429518898828      0.0048433
    -168.2757791943118377      0.0087056
    -167.6726130082589634      0.0051255
    -167.0694443937644564     -0.0185138
    -166.4662733508283452     -0.0082242
    -165.8630998794506581      0.0019721
    -165.2599239794982395      0.0162251
    -164.6567456511042167      0.0140224
    -164.0535648942020543      0.0053123
    -163.4503817087251605     -0.0055796
    -162.8471960947400987      0.0187578
    -162.2440080522135872     -0.0031136
    -161.6408175810790624     -0.0040947
    -161.0376246813365242      0.0013713
    -160.4344293530192544     -0.0043877
    -159.8312315960939713      0.0000732
    -159.2280314104608294      0.0089711
    -158.6248287962529560      0.0066035
    -158.0216237533705055     -0.0125022
    -157.4184162817801962      0.0138291
    -156.8152063815153099     -0.0010235
    -156.2119940525758182      0.0026500
    -155.6087792948286221     -0.0034247
    -155.0055621084401594     -0.0016216
    -154.4023424932772173      0.0034960
    -153.7991204492732891      0.0094355
    -153.1958959765615305      0.0023948
    -152.5926690750752925     -0.0057358
    -151.9894397446815333     -0.0052222
    -151.3862079855466050     -0.0074534
    -150.7829737975706905     -0.0040860
    -150.1797371807204797      0.0008211
    -149.5764981349959726      0.0065382
    -148.9732566603972259      0.0023622
    -148.3700127568909011      0.0027587
    -147.7667664244437162      0.0174971
    -147.1635176631222350      0.0273110
    -146.5602664728599223      0.0118598
    -145.9570128535901858      0.0047370
    -145.3537568053796178      0.0059778
    -144.7504983281949080     -0.0033862
    -144.1472374219694927      0.0008180
    -143.5439740867699356     -0.0040587
    -142.9407083225629833      0.0072145
    -142.3374401292154801      0.0176461
    -141.7341695068938066      0.0154771
    -141.1308964554981742      0.0130038
    -140.5276209749287091      0.0102470
    -139.9243430653518203      0.0145796
    -139.3210627266344090      0.0135257
    -138.7177799587098548     -0.0038310
    -138.1144947617113132      0.0049444
    -137.5112071355722207      0.0283803
    -136.9079170802260421      0.0305326
    -136.3046245956394102      0.0226999
    -135.7013296819122559      0.0089346
    -135.0980323389447051      0.0068699
    -134.4947325667034477      0.0210191
    -133.8914303652550757      0.0269194
    -133.2881257345663073      0.0137397
    -132.6848186745372971      0.0080881
    -132.0815091852345802      0.0076027
    -131.4781972666581851      0.0033775
    -130.8748829187082663      0.0077802
    -130.2715661414513590      0.0141953
    -129.6682469348542099     -0.0026345
    -129.0649252988169735      0.0197034
    -128.4616012334727202      0.0150530
    -127.8582747387216898      0.0106516
    -127.2549458144972618      0.0059237
    -126.6516144609325778      0.0039746
    -126.0482806778944962      0.0173873
    -125.4449444654163273      0.0135085
    -124.8416058233981829      0.0069906
    -124.2382647519732330      0.0118744
    -123.6349212510416180      0.0170995
    -123.0315753205367457      0.0185246
    -122.4282269605252083      0.0117539
    -121.8248761710070056      0.0168499
    -121.2215229518822781      0.0089029
    -120.6181673032175894      0.0098080
    -120.0148092249796719      0.0254503
    -119.4114487170686658      0.0332024
    -118.8080857796176986      0.0009854
    -118.2047204125269246      0.0232073
    -117.6013526157297804      0.0120855
    -116.9979823893261113      0.0184301
    -116.3946097332493537      0.0100874
    -115.7912346474329439      0.0086651
    -115.1878571319434457      0.0124423
    -114.5844771867475629      0.0126048
    -113.9810948118120280      0.0119991
    -113.3777100071035591     -0.0048630
    -112.7743227726554238     -0.0013393
    -112.1709331084343546      0.0133612
    -111.5675410143737736      0.0168926
    -110.9641464905402586      0.0253419
    -110.3607495369004994      0.0246551
    -109.7573501533879750      0.0064692
    -109.1539483400359245      0.0117372
    -108.5505440968443764      0.0324840
    -107.9471374237134711      0.0170639
    -107.3437283207430397      0.0109720
    -106.7403167878332795      0.0169581
    -106.1369028249841335      0.0154542
    -105.5334864322289405      0.0184433
    -104.9300676095343618     -0.0016755
    -104.3266463568005804      0.0177573
    -103.7232226741274559      0.0293559
    -103.1197965614816638      0.0392308
    -102.5163680187633872      0.0267587
    -101.9129370460724715      0.0176267
    -101.3095036433090712      0.0163860
    -100.7060678105064540      0.0134249
    -100.1026295475980561      0.0060560
     -99.4991888546171737      0.0274164
     -98.8957457315637924      0.0371604
     -98.2923001783380670      0.0378171
     -97.6888521950398427      0.0477662
     -97.0854017816025561      0.0319288
     -96.4819489379263757      0.0274090
     -95.8784936641443863      0.0141931
     -95.2750359601567993      0.0153150
     -94.6715758259302902      0.0258946
     -94.0681132615314368      0.0147544
     -93.4646482668936756      0.0207307
     -92.8611808419504428      0.0196639
     -92.2577109868348515      0.0451689
     -91.6542387014137745      0.0191802
     -91.0507639856206623      0.0164562
     -90.4472868396219241      0.0322903
     -89.8438072632844325      0.0202183
     -89.2403252566081449      0.0334411
     -88.6368408195265687      0.0368638
     -88.0333539521062107      0.0194346
     -87.4298646543470852      0.0311709
     -86.8263729261160648      0.0195009
     -86.2228787675462769      0.0135792
     -85.6193821785378901      0.0365981
     -85.0158831590575943      0.0265779
     -84.4123817091386854      0.0268020
     -83.8088778287811778      0.0241405
     -83.2053715178851974      0.0229563
     -82.6018627765505897      0.0205329
     -81.9983516046775378      0.0154899
     -81.3948380022327314      0.0290548
     -80.7913219693160158      0.0252219
     -80.1878035058275742      0.0387598
     -79.5842826117340820      0.0223301
     -78.9807592870688495      0.0159495
     -78.3772335318318625      0.0083620
     -77.7737053459232897      0.0324546
     -77.1701747294429623      0.0201260
     -76.5666416823243168      0.0180464
     -75.9631062045340855      0.0238996
     -75.3595682960056763      0.0259607
     -74.7560279568389348      0.0194434
     -74.1524851870006216      0.0225117
     -73.5489399863575670      0.0068915
     -72.9453923550761800      0.0158262
     -72.3418422930233618      0.0184980
     -71.7382898001325202      0.0236975
     -71.1347348765368110      0.0134858
     -70.5311775221696280      0.0282275
     -69.9276177369311682      0.0250328
     -69.3240555209212346      0.0439104
     -68.7204908740732918      0.0263599
     -68.1169237963207763      0.0287269
     -67.5133542877635051      0.0189438
     -66.9097823483016754      0.0337442
     -66.3062079779352302      0.0314693
     -65.7026311766642266      0.0131428
     -65.0990519445219036      0.0290859
     -64.4954702814084442      0.0251583
     -63.8918861872905453      0.0237822
     -63.2882996622680594      0.0266031
     -62.6847107062411411      0.0229118
     -62.0811193192097832      0.0359642
     -61.4775255011739930      0.0108656
     -60.8739292521337632      0.0311911
     -60.2703305719892555      0.0246616
     -59.6667294608403012      0.0286071
     -59.0631259186536326      0.0339346
     -58.4595199452961083      0.0426282
     -57.8559115409008697      0.0410973
     -57.2523007053680573      0.0416791
     -56.6486874386976709      0.0377716
     -56.0450717408897177      0.0366378
     -55.4414536119441976      0.0523261
     -54.8378330517945400      0.0455124
     -54.2342100604740267      0.0568299
     -53.6305846379826647      0.0512701
     -53.0269567842538763      0.0659836
     -52.4233264992543795      0.0557552
     -51.8196937830507522      0.0877647
     -51.2160586355764167      0.0847787
     -50.6124210567980910      0.0924487
     -50.0087810467490641      0.0846877
     -49.4051386054293360      0.0999797
     -48.8014937327057581      0.1122683
     -48.1978464287114861      0.1149479
     -47.5941966933799350      0.1318055
     -46.9905445266112594      0.1453357
     -46.3868899285386007      0.1522228
     -45.7832328990620994      0.1677973
     -45.1795734381151917      0.1792944
     -44.5759115457977302      0.1811392
     -43.9722472220431513      0.1843774
     -43.3685804667848700      0.1959279
     -42.7649112801227602      0.1992452
     -42.1612396619902441      0.2066430
     -41.5575656122874619      0.2066091
     -40.9538891311475624      0.2120810
     -40.3502102184374039      0.2203041
     -39.7465288742235501      0.2386694
     -39.1428450984061627      0.2198521
     -38.5391588910517982      0.2384447
     -37.9354702521271747      0.2350097
     -37.3317791815324469      0.2513844
     -36.7280856794007420      0.2638390
     -36.1243897455989256      0.2603984
     -35.5206913801270119      0.2541245
     -34.9169905830515503      0.2566425
     -34.3132873543059773      0.2542949
     -33.7095816938237363      0.2552857
     -33.1058736017046584      0.2778018
     -32.5021630778489126      0.2556890
     -31.8984501221899244      0.2668153
     -31.2947347348608247      0.2659596
     -30.6910169157617645      0.2904099
     -30.0872966648594620      0.2747494
     -29.4835739821872025      0.2874404
     -28.8798488677449825      0.2816090
     -28.2761213214329494      0.2757535
     -27.6723913432843958      0.2899157
     -27.0686589332993108      0.2941948
     -26.4649240914777018      0.2895418
     -25.8611868177197088      0.2987663
     -25.2574471121251953      0.3216429
     -24.6537049745943051      0.3154380
     -24.0499604051270310      0.3114715
     -23.4462134037566692      0.3339375
     -22.8424639704166452      0.3573145
     -22.2387121050736702      0.3677032
     -21.6349578078276075      0.4107885
     -21.0312010785453118      0.4364700
     -20.4274419172267905      0.4323506
     -19.8236803239053216      0.4760703
     -19.2199162985809124      0.5315496
     -18.6161498411204178      0.5708363
     -18.0123809516569828      0.6339884
     -17.4086096301240332      0.7211971
     -16.8048358764217234      0.8041426
     -16.2010596906498989      0.8960059
     -15.5972810727419926      1.0376110
     -14.9935000227312916      1.1943469
     -14.3897165404846614      1.3882788
     -13.7859306261019512      1.7153356
     -13.1821422795498790      2.1280017
     -12.5783515007618760      2.6925666
     -11.9745582897712222      3.3913388
     -11.3707626465779263      4.1635623
     -10.7669645710821289      4.9641709
     -10.1631640633836895      5.7803588
      -9.5593611233827467      6.7650189
      -8.9555557510793093      8.2453756
      -8.3517479465066575     10.4274836
      -7.7479377095982240     13.0036459
      -7.1441250403207253     15.3045397
      -6.5403099387407284     16.7483368
      -5.9364924047916663     17.3495350
      -5.3326724384402562     17.3596478
      -4.7288500397197808     17.2299023
      -4.1250252085969557     17.3831158
      -3.5211979450384989     17.9826603
      -2.9173682490111261     19.0157204
      -2.3135361205814045     20.3326855
      -1.7097015596827665     22.4333954
      -1.1058645662486453     25.2690945
      -0.5020251403788917     28.0489368
       0.1018167180263453     29.7481251
       0.7056610089670656     29.6840916
       1.3095077324099857     28.3068142
       1.9133568884216727     27.0399704
       2.5172084770021268     25.9480839
       3.1210624982179151     23.5733833
       3.7249189519359032     19.3973579
       4.3287778383557933     14.8730917
       4.9326391573444495     11.4562378
       5.5365029089684414      9.3329954
       6.1403690933609001      8.0060043
       6.7442377103221283      7.0086756
       7.3481087599852559      6.1237755
       7.9519822423502866      5.2983208
       8.5558581574837866      4.6191292
       9.1597365052526190      4.1190553
       9.7636172857899215      3.7465141
      10.3675004991622615      3.4460499
      10.9713861452364991      3.1497326
      11.5752742241457760      2.9190929
      12.1791647358235231      2.7068887
      12.7830576803363041      2.5610855
      13.3869530576841207      2.3952072
      13.9908508679335419      2.2291260
      14.5947511109514334      2.0957108
      15.1986537868709259      1.9675492
      15.8025588957585921      1.8378117
      16.4064664374812921      1.6863043
      17.0103764121055931      1.5450624
      17.6142888197646386      1.4041907
      18.2182036602587161      1.2754498
      18.8221209337875344      1.1759102
      19.4260406402845227      1.0875286
      20.0299627797496811      0.9569184
      20.6338873522495732      0.8686918
      21.2378143577842096      0.7887633
      21.8417437963535797      0.7334692
      22.4456756679576941      0.6679571
      23.0496099726631059      0.6056330
      23.6535467104698292      0.5415764
      24.2574858813112861      0.4870452
      24.8614274852540547      0.4683580
      25.4653715224312585      0.4178985
      26.0693179926432030      0.3767166
      26.6732668960230193      0.3543046
      27.2772182326372743      0.3211464
      27.8811720024194010      0.2855711
      28.4851282053694028      0.2536914
      29.0890868415538435      0.2365989
      29.6930479109727230      0.2145185
      30.2970114136260449      0.2277948
      30.9009773495803763      0.1985155
      31.5049457187691431      0.1662469
      32.1089165212589194      0.1617687
      32.7128897569831381      0.1500104
      33.3168654261414900      0.1296810
      33.9208435286008552      0.1110612
      34.5248240643612263      0.1268263
      35.1288070335557450      0.1196498
      35.7327924360512625      0.1216590
      36.3367802719809276      0.0946563
      36.9407705413447331      0.0621205
      37.5447632440761154      0.0844340
      38.1487583802416310      0.0787490
      38.7527559499078649      0.0869303
      39.3567559530082391      0.0611172
      39.9607583896093175      0.0502539
      40.5647632597111070      0.0510059
      41.1687705633136147      0.0412345
      41.7727803004168194      0.0347012
      42.3767924710873061      0.0328049
      42.9808070753250675      0.0346675
      43.5848241130635330      0.0296663
      44.1888435845024219      0.0192886
      44.7928654894420077      0.0233269
      45.3968898279488826      0.0215835
      46.0009166001561596      0.0246183
      46.6049458060638528      0.0050138
      47.2089774455388209     -0.0020315
      47.8130115187141982      0.0186466
      48.4170480255899918      0.0196598
      49.0210869661661874      0.0008865
      49.6251283404427994      0.0256839
      50.2291721484863913      0.0027114
      50.8332183902303854     -0.0005586
      51.4372670657413664      0.0339779
      52.0413181750193274      0.0298190
      52.6453717181308321      0.0073566
      53.2494276950093095      0.0046001
      53.8534861057213377     -0.0085710
      54.4575469502669094     -0.0185197
      55.0616102286460318     -0.0082541
      55.6656759409252615      0.0026489
      56.2697440870380348     -0.0130364
      56.8738146670509295      0.0078522
      57.4778876809639314      0.0135936
      58.0819631288436113      0.0088436
      58.6860410105568420      0.0107428
      59.2901213263033213      0.0098626
      59.8942040760830423      0.0026592
      60.4982892596963140      0.0024620
      61.1023768774093980      0.0085591
      61.7064669290891672      0.0060173
      62.3105594148021780      0.0102003
      62.9146543345484375     -0.0016118
      63.5187516883945165      0.0025397
      64.1228514762738371     -0.0184839
      64.7269536981864064      0.0029110
      65.3310583543319296      0.0021786
      65.9351654444441238      0.0012838
      66.5392749687892859     -0.0098051
      67.1433869272342463      0.0311212
      67.7475013198455827      0.0062660
      68.3516181465567456      0.0019197
      68.9557374075008624      0.0055939
      69.5598591027444968      0.0143183
      70.1639832320879293      0.0150884
      70.7681097956643157      0.0121131
      71.3722387936067975      0.0006235
      71.9763702256490916     -0.0050107
      72.5805040920574669     -0.0125086
      73.1846403927653597      0.0116273
      73.7887791277727700      0.0086043
      74.3929202970131200     -0.0037229
      74.9970639006861290     -0.0082175
      75.6012099386586698     -0.0123545
      76.2053584109972775     -0.0172721
      76.8095093177685300     -0.0195872
      77.4136626589058778     -0.0028057
      78.0178184344093069      0.0064625
      78.6219766444119443      0.0049199
      79.2261372887806772     -0.0095872
      79.8303003675820690     -0.0208302
      80.4344658809492330     -0.0242828
      81.0386338286824923      0.0030393
      81.6428042109815237      0.0133973
      82.2469770277132142     -0.0017988
      82.8511522790772688      0.0133490
      83.4553299649405176      0.0065741
      84.0595100853695811     -0.0044410
      84.6636926403644168     -0.0034443
      85.2678776299250245      0.0015045
      85.8720650540514470      0.0050290
      86.4762549128767688      0.0111809
      87.0804472062678769      0.0182056
      87.6846419342913492      0.0045602
      88.2888390970137351      0.0075993
      88.8930386944350488      0.0097017
      89.4972407264886982     -0.0044021
      90.1014451932412896     -0.0156013
      90.7056520947593583     -0.0074926
      91.3098614309097769     -0.0118292
      91.9140732019588143      0.0090837
      92.5182874076402157     -0.0001574
      93.1225040481536723     -0.0019183
      93.7267231233660425     -0.0058030
      94.3309446335436093     -0.0068244
      94.9351685784200896      0.0115770
      95.5393949581286250     -0.0016803
      96.1436237728023713     -0.0064535
      96.7478550222415805     -0.0000583
      97.3520887065794227      0.0002799
      97.9563248258158836     -0.0042889
      98.5605633799509633     -0.0083520
      99.1648043689846617      0.0204610
      99.7690477930501345      0.0193746
     100.3732936519476482     -0.0014557
     100.9775419458769363     -0.0072170
     101.5817926747713926     -0.0327424
     102.1860458386976234     -0.0182738
     102.7903014375890365     -0.0028954
     103.3945594715121956      0.0054725
     103.9988199404671292     -0.0001956
     104.6030828445203866      0.0014248
     105.2073481836053901      0.0049669
     105.8116159577887174     -0.0213476
     106.4158861670703828     -0.0075207
     107.0201588114503579     -0.0103986
     107.6244338909952347     -0.0032183
     108.2287114056384354      0.0013244
     108.8329913554465236      0.0119698
     109.4372737404860629      0.0064391
     110.0415585606905040     -0.0127602
     110.6458458160598326     -0.0180431
     111.2501355066606124     -0.0012485
     111.8544276324928717      0.0119375
     112.4587221935565822     -0.0037588
     113.0630191899183075     -0.0129583
     113.6673186215780760     -0.0114148
     114.2716204884692814      0.0082421
     114.8759247906585301      0.0003700
     115.4802315282123715     -0.0039359
     116.0845407010642418     -0.0066943
     116.6888523093472543     -0.0030933
     117.2931663528617463     -0.0081141
     117.8974828318073946      0.0063404
     118.5018017461841993      0.0035993
     119.1061230959921602      0.0113908
     119.7104468811647280     -0.0043583
     120.3147731017684521     -0.0099642
     120.9191017578698961     -0.0005774
     121.5234328494025107     -0.0004221
     122.1277663764328452     -0.0150295
     122.7321023389609138     -0.0110970
     123.3364407369867166     -0.0048978
     123.9407815705102394     -0.0095741
     124.5451248396646236      0.0076213
     125.1494705443167277      0.0083297
     125.7538186845331296      0.0019086
     126.3581692603804072      0.0152553
     126.9625222717254189      0.0091250
     127.5668777187678558     -0.0120465
     128.1712356014411398     -0.0219138
     128.7755959197452853     -0.0107026
     129.3799586736803064      0.0098681
     129.9843238633127669      0.0026827
     130.5886914886426382     -0.0003341
     131.1930615496699488     -0.0077485
     131.7974340463946987      0.0059051
     132.4018089788834232     -0.0026239
     133.0061863470695869     -0.0029670
     133.6105661510197251      0.0109830
     134.2149483908670504     -0.0078705
     134.8193330663451945     -0.0134649
     135.4237201777204973     -0.0176896
     136.0281097249263667     -0.0148079
     136.6325017078962105      0.0022577
     137.2368961267631562      0.0018479
     137.8412929815273174      0.0162653
     138.4456922721219883     -0.0085632
     139.0500939986137894     -0.0285656
     139.6544981610027207     -0.0016368
     140.2589047593553744      0.0018140
     140.8633137936051583      0.0078271
     141.4677252638851996     -0.0141650
     142.0721391700623712      0.0029900
     142.6765555122032367      0.0077491
     143.2809742903743881      0.0017634
     143.8853955045757687      0.0087831
     144.4898191547408999     -0.0074547
     145.0942452410028238     -0.0021771
     145.6986737632950337      0.0128133
     146.3031047216840648     -0.0015949
     146.9075381161033818     -0.0023820
     147.5119739467526472      0.0145425
     148.1164122133656349     -0.0020769
     148.7208529162085711      0.0130593
     149.3252960551483284      0.0109409
     149.9297416302515273      0.0064755
     150.5341896415180827     -0.0103887
     151.1386400890812070     -0.0117083
     151.7430929727411524      0.0043149
     152.3475482925644826      0.0095513
     152.9520060487509454     -0.0027184
     153.5564662411007930      0.0093903
     154.1609288697471811     -0.0127160
     154.7653939346235461     -0.0262889
     155.3698614358630152     -0.0114041
     155.9743313733989964     -0.0142560
     156.5788037472315182     -0.0015855
     157.1832785574271725      0.0057264
     157.7877558039193389     -0.0052161
     158.3922354867746094     -0.0080971
     158.9967176061261398     -0.0083297
     159.6012021617741539     -0.0018435
     160.2056891537853289      0.0065613
     160.8101785823592422     -0.0053782
     161.4146704472297529      0.0061471
     162.0191647486630586     -0.0081201
     162.6236614865260321     -0.0144702
     163.2281606608852087      0.0038481
     163.8326622716740815      0.0018258
     164.4371663190923414     -0.0129364
     165.0416728029402407     -0.0153294
     165.6461817233509919     -0.0037319
     166.2506930803244813      0.0121790
     166.8552068738608227      0.0266964
     167.4597231040265228      0.0088812
     168.0642417707550464      0.0126865
     168.6687628741129004      0.0130361
     169.2732864141001414     -0.0171877
     169.8778123907167696      0.0061687
     170.4823408040293486     -0.0130218
     171.0868716539712864     -0.0221736
     171.6914049406091465     -0.0088938
     172.2959406640095494      0.0029765
     172.9004788241058463     -0.0041021
     173.5050194208981225     -0.0092922
     174.1095624544528846     -0.0012113
     174.7141079247701612      0.0037685
     175.3186558318499237     -0.0038315
     175.9232061758253565     -0.0060395
     176.5277589564967116     -0.0067801
     177.1323141739971447     -0.0070626
     177.7368718283932196      0.0057567
     178.3414319196184010     -0.0140625
     178.9459944476726037     -0.0150438
     179.5505594126224764      0.0133522
     180.1551268145345261      0.0006152
     180.7596966532756824      0.0077888
     181.3642689289125087      0.0098665
     181.9688436415780473     -0.0071427
     182.5734207912058196      0.0015191
     183.1780003777292336      0.0021792
     183.7825824012814167     -0.0046674
     184.3871668617958619     -0.0003398
     184.9917537593390193     -0.0075384
     185.5963430939775378      0.0115758
     186.2009348655782617     -0.0022515
     186.8055290742743182     -0.0091962
     187.4101257200657642     -0.0064502
     188.0147248028859224      0.0080858
     188.6193263228014700     -0.0144075
     189.2239302798789424     -0.0111894
     189.8285366740517190     -0.0171801
     190.4331455053863920     -0.0204172
     191.0377567739496101     -0.0184847
     191.6423704796081040     -0.0060464
     192.2469866224285511      0.0128492
     192.8516052025440217     -0.0199609
     193.4562262198213887     -0.0165510
     194.0608496743272724      0.0067789
     194.6654755661281797      0.0131298
     195.2701038952241390      0.0026797
     195.8747346614819946      0.0080612
     196.4793678651014659     -0.0197070
     197.0840035060825812     -0.0004356
     197.6886415842921281      0.0108660
     198.2932820998633190      0.0002914
     198.8979250528626608     -0.0036012
     199.5025704430905193      0.0026363
     200.1072182708130924      0.0053900
     200.7118685358972812     -0.0038790
     201.3165212384096776      0.0014430
     201.9211763782836613      0.0120491
     202.5258339557189515     -0.0021351
     203.1304939705158858     -0.0131747
     203.7351564227409710     -0.0054213
     204.3398213125273912     -0.0133341
     204.9444886398085544     -0.0217226
     205.5491584045844604     -0.0146138
     206.1538306069216731     -0.0141851
     206.7585052468202207     -0.0184378
     207.3631823242135113      0.0019108
     207.9678618391680800      0.0030033
     208.5725437918171110      0.0051033
     209.1772281819609418      0.0003891
     209.7819150097991496     -0.0180155
     210.3866042752652845     -0.0058115
     210.9912959782926976      0.0002207
     211.5959901190146013     -0.0082383
     212.2006866974975026     -0.0151127
     212.8053857136083025     -0.0168407
     213.4100871674135362      0.0084636
     214.0147910589797959      0.0193956
     214.6194973882404611      0.0057375
     215.2242061552621806     -0.0037072
     215.8289173600448976     -0.0075854
     216.4336310026552326     -0.0047516
     217.0383470830265367     -0.0035617
     217.6430656011588951     -0.0050130
     218.2477865571854068     -0.0130284
     218.8525099510394796     -0.0051306
     219.4572357827211420     -0.0091018
     220.0619640522969291      0.0040647
     220.6666947597669264     -0.0076585
     221.2714279050644848     -0.0101557
     221.8761634883893237     -0.0067731
     222.4809015095417237     -0.0105934
     223.0856419686548406      0.0088484
     223.6903848657952949      0.0000446
     224.2951302008298455     -0.0010622
     224.8998779738917051     -0.0123588
     225.5046281849143099      0.0093949
     226.1093808339641669      0.0030338
     226.7141359210413043      0.0064258
     227.3188934462122859      0.0057680
     227.9236534094105764     -0.0089836
     228.5284158107027110      0.0099098
     229.1331806500221546     -0.0055255
     229.7379479275019776      0.0030954
     230.3427176430756731     -0.0003775
     230.9474897968098048      0.0085698
     231.5522643887043159      0.0016420
     232.1570414186927280      0.0057448
     232.7618208869081116      0.0055687
     233.3666027933504665      0.0116493
     233.9713871379532577      0.0213611
     234.5761739207830203      0.0083087
     235.1809631418397828     -0.0004533
     235.7857548011900803     -0.0050823
     236.3905488987673778     -0.0104453
     236.9953454346382387      0.0115999
     237.6001444088026346      0.0035040
     238.2049458212606226     -0.0034489
     238.8097496720787092     -0.0053043
     239.4145559612568945     -0.0139108
     240.0193646887286718     -0.0039711
     240.6241758545605762      0.0038613
     241.2289894588857067      0.0061174
     241.8338055015044006      0.0123439
     242.4386239825497853      0.0022893
     243.0434449020884244      0.0109828
     243.6482682599871907     -0.0020658
     244.2530940563791830     -0.0137539
     244.8579222912644866     -0.0059083
     245.4627529646430446     -0.0061871
     246.0675860764482366     -0.0127150
     246.6724216268798671     -0.0009614
     247.2772596158047520      0.0193622
     247.8821000432228630     -0.0012999
     248.4869429092673840     -0.0010722
     249.0917882138717232     -0.0071742
     249.6966359570358804      0.0010765
     250.3014861388264478      0.0206160
     250.9063387592433685      0.0034811
     251.5111938182867277      0.0067279
     252.1160513160230323      0.0151148
     252.7209112523191550      0.0068683
     253.3257736273747867      0.0103710
     253.9306384411233921      0.0046011
     254.5355056935649429     -0.0004839
     255.1403753846994675      0.0063678
     255.7452475145935296      0.0010048
     256.3501220833136927      0.0041568
     256.9549990907267443      0.0002801
     257.5598785368994186      0.0104448
     258.1647604219646723      0.0193320
     258.7696447457894919      0.0080414
     259.3745315083738205      0.0147145
     259.9794207099174059      0.0193465
     260.5843123502870640     -0.0001758
     261.1892064294827946      0.0198064
     261.7941029475712185      0.0112669
     262.3990019046188422     -0.0140239
     263.0039033004925386      0.0113565
     263.6088071353921123      0.0049832
     264.2137134091843222      0.0021468
     264.8186221218691117     -0.0018110
     265.4235332735797783      0.0103808
     266.0284468643827722      0.0016195
     266.6333628940784024     -0.0010504
     267.2382813627999099     -0.0098513
     267.8432022706137445      0.0012101
     268.4481256173867791      0.0060718
     269.0530514032521978     -0.0076473
     269.6579796282765642     -0.0015702
     270.2629102923266373      0.0000068
     270.8678433954692082      0.0085334
     271.4727789377705562     -0.0025632
     272.0777169192309657      0.0085649
     272.6826573397837024     -0.0002954
     273.2876001995618367      0.0113278
     273.8925454984324688      0.0097939
     274.4974932365285554      0.0105949
     275.1024434139166601     -0.0010372
     275.7073960304637694      0.0092468
     276.3123510862362764      0.0035809
     276.9173085812343515     -0.0027319
     277.5222685155910654      0.0162916
     278.1272308891732337      0.0161178
     278.7321957020474770      0.0093563
     279.3371629543469794      0.0003547
     279.9421326458718795      0.0071480
     280.5471047766889114     -0.0118324
     281.1520793469977093      0.0156965
     281.7570563565985822      0.0019326
     282.3620358055580368     -0.0091069
     282.9670176940092574     -0.0063243
     283.5720020218191166      0.0028901
     284.1769887890542350      0.0002689
     284.7819779958475692      0.0074923
     285.3869696419996558      0.0060983
     285.9919637275768878     -0.0078543
     286.5969602527790130     -0.0101509
     287.2019592174063405      0.0012944
     287.8069606215254908      0.0083523
     288.4119644652694774     -0.0028664
     289.0169707485052299     -0.0106258
     289.6219794712993121     -0.0064803
     290.2269906336517238      0.0005226
     290.8320042356290855      0.0262064
     291.4370202772313405      0.0094759
     292.0420387584584319      0.0070207
     292.6470596793104733     -0.0004708
     293.2520830397874079     -0.0041716
     293.8571088399557993      0.0026830
     294.4621370798157045      0.0019420
     295.0671677593670097     -0.0021619
     295.6722008786098286      0.0108034
     296.2772364376772884      0.0140328
     296.8822744363695847      0.0022905
     297.4873148748864651     -0.0036700
     298.0923577531614796      0.0064111
     298.6974030711944010     -0.0083091
     299.3024508289853998     -0.0134185
     299.9075010267341668     -0.0079693
     300.5125536641744475     -0.0169365
     301.1176087415058191     -0.0055727
     301.7226662587283386      0.0146291
     302.3277262157755558      0.0186315
     302.9327886127804277      0.0092872
     303.5378534496099405      0.0178139
     304.1429207263971648      0.0068803
     304.7479904431422142      0.0045745
     305.3530625997783545     -0.0019092
     305.9581371964387699      0.0080823
     306.5632142330570105     -0.0015864
     307.1682937096329056     -0.0191692
     307.7733756262996963     -0.0087131
     308.3784599828576916      0.0042163
     308.9835467795064687     -0.0061306
     309.5886360163128188      0.0133644
     310.1937276930768235      0.0217938
     310.7988218099317237      0.0164584
     311.4039183668774626     -0.0005013
     312.0090173639806608      0.0104278
     312.6141188011747545      0.0190323
     313.2192226785262505      0.0221103
     313.8243289959686422      0.0113977
     314.4294377536349998      0.0201669
     315.0345489514588166      0.0128953
     315.6396625895732200      0.0075579
     316.2447786677785189      0.0049073
     316.8498971862743474      0.0086191
     317.4550181450608193      0.0076683
     318.0601415440046935     -0.0049808
     318.6652673833056610      0.0158935
     319.2703956628306514      0.0189782
     319.8755263827128488      0.0149399
     320.4806595428855189      0.0038547
     321.0857951434153961      0.0036168
     321.6909331842358029     -0.0017195
     322.2960736654133598     -0.0192670
     322.9012165870812510      0.0020433
     323.5063619490396718     -0.0065794
     324.1115097514218064      0.0078962
     324.7166599942276548      0.0028189
     325.3218126774571601      0.0094518
     325.9269678011104929      0.0083748
     326.5321253652539895     -0.0131153
     327.1372853699543839     -0.0125647
     327.7424478150784353      0.0010950
     328.3476127006927641      0.0047676
     328.9527800268640476     -0.0020181
     329.5579497935920585      0.0114006
     330.1631220008103469      0.0028609
     330.7682966486520968     -0.0071857
     331.3734737370506878      0.0031445
     331.9786532660726834      0.0003498
     332.5838352357180838      0.0119033
     333.1890196459203253      0.0173096
     333.7942064968125351     -0.0030685
     334.3993957883946564     -0.0085889
     335.0045875206002961     -0.0006871
     335.6097816934958473     -0.0019657
     336.2149783071479874      0.0035559
     336.8201773614234753      0.0152305
     337.4253788564556089      0.0072618
     338.0305827922442177     -0.0001394
     338.6357891688559221     -0.0152646
     339.2409979861576517     -0.0107553
     339.8462092442825337      0.0255397
     340.4514229432304546      0.0055325
     341.0566390829349075     -0.0038399
     341.6618576635290765     -0.0065530
     342.2670786850129616      0.0035942
     342.8723021472533219     -0.0031566
     343.4775280504499051     -0.0040086
     344.0827563945362613     -0.0162535
     344.6879871795122199      0.0021726
     345.2932204053778946     -0.0007676
     345.8984560721997923      0.0115665
     346.5036941799779697     -0.0090708
     347.1089347287123701      0.0087193
     347.7141777184695570     -0.0181478
     348.3194231491830237     -0.0052250
     348.9246710209193338     -0.0028696
     349.5299213337449942      0.0085584
     350.1351740875269343      0.0138512
     350.7404292823981677      0.0057054
     351.3456869182923015      0.0151292
     351.9509469953424059      0.0055477
     352.5562095134152401     -0.0014504
     353.1614744726440449     -0.0082631
     353.7667418730288205     -0.0011314
     354.3720117145695099      0.0139243
     354.9772839971996063     -0.0077883
     355.5825587210521803     -0.0059218
     356.1878358860607818     -0.0052058
     356.7931154922918608      0.0024372
     357.3983975398120378     -0.0030020
     358.0036820284215651     -0.0017944
     358.6089689583867539      0.0022084
     359.2142583295744203      0.0018601
     359.8195501420512414      0.0005120
     360.4248443958171038      0.0140899
     361.0301410908720641      0.0045495
     361.6354402272826292      0.0024132
     362.2407418049822923     -0.0002161
     362.8460458240376738      0.0140740
     363.4513522845152238      0.0180302
     364.0566611862818718      0.0062694
     364.6619725295372518     -0.0167710
     365.2672863141483504     -0.0171670
     365.8726025401816742     -0.0098321
     366.4779212077037300     -0.0150805
     367.0832423166480112     -0.0106541
     367.6885658670811381     -0.0016924
     368.2938918589363766      0.0058059
     368.8992202924135881      0.0166695
     369.5045511672464613      0.0052211
     370.1098844837012507      0.0084590
     370.7152202417113358      0.0068293
     371.3205584412103235      0.0055654
     371.9258990823311706      0.0029713
     372.5312421650739338      0.0080432
     373.1365876893719928      0.0062279
     373.7419356552920817     -0.0099381
     374.3472860628339731     -0.0029659
     374.9526389119978376     -0.0074134
     375.5579942028502387     -0.0092222
     376.1633519353910629      0.0192168
     376.7687121096203668     -0.0005550
     377.3740747255382075     -0.0029558
     377.9794397832110917      0.0139447
     378.5848072826390194      0.0073894
     379.1901772237554269     -0.0051122
     379.7955496066269347      0.0087089
     380.4009244313199929      0.0187391
     381.0063016977681514      0.0060438
     381.6116814060378601      0.0083576
     382.2170635561958534     -0.0022771
     382.8224481481088333     -0.0200173
     383.4278351819100976     -0.0211789
     384.0332246575994759      0.0040029
     384.6386165751104613      0.0008149
     385.2440109345762380     -0.0068078
     385.8494077359301855      0.0038288
     386.4548069792388674     -0.0145025
     387.0602086644357769     -0.0081946
     387.6656127915874208     -0.0103206
     388.2710193607604197     -0.0041246
     388.8764283718880961      0.0107585
     389.4818398250371843      0.0065472
     390.0872537202075705      0.0085742
     390.6926700573992548      0.0102874
     391.2980888366122940      0.0007550
     391.9035100579131949      0.0150174
     392.5089337213020144     -0.0173273
     393.1143598267121320     -0.0154092
     393.7197883743432953      0.0072410
     394.3252193639957568      0.0067537
     394.9306527958027004     -0.0123399
     395.5360886697641263     -0.0060021
     396.1415269858799206      0.0105008
     396.7469677442168745      0.0138979
     397.3524109447081401     -0.0098287
     397.9578565874205083      0.0062624
     398.5633046722873019      0.0180869
     399.1687551994417618     -0.0037379
     399.7742081689503379      0.0042787
     400.3796635806133395     -0.0176870
     400.9851214345639505     -0.0129422
     401.5905817308687347      0.0023032
     402.1960444693945647      0.0061266
     402.8015096502745109      0.0088438
     403.4069772735751940      0.0041732
     404.0124473391634865     -0.0019850
     404.6179198471058953      0.0024406
     405.2233947974691546      0.0161619
     405.8288721901864733     -0.0044673
     406.4343520253244719     -0.0022876
     407.0398343030164483      0.0002790
     407.6453190229959205      0.0138269
     408.2508061854627499     -0.0058262
     408.8562957904834434      0.0089508
     409.4617878379247600      0.0060456
     410.0672823279200543     -0.0056788
     410.6727792604025922      0.0159671
     411.2782786354390510     -0.0085245
     411.8837804529627533     -0.0220717
     412.4892847130403197     -0.0162161
     413.0947914158048775     -0.0108908
     413.7003005610567357     -0.0108486
     414.3058121489955852      0.0007217
     414.9113261795548624      0.0054453
     415.5168426526680037      0.0136070
     416.1223615684681363     -0.0116020
     416.7278829269553171      0.0005374
     417.3334067281294324     -0.0005127
     417.9389329719905959     -0.0102370
     418.5444616585387507     -0.0089667
     419.1499927878404037     -0.0204388
     419.7555263598291049     -0.0106393
     420.3610623746379247      0.0142058
     420.9666008322002995      0.0081433
     421.5721417325162292     -0.0136420
     422.1776850757188981     -0.0002498
     422.7832308616085015     -0.0026024
     423.3887790903849009     -0.0130298
     423.9943297619813052     -0.0231935
     424.5998828765311259     -0.0009605
     425.2054384338343880      0.0001123
     425.8109964340909528     -0.0009760
     426.4165568772341999      0.0117022
     427.0221197632641861      0.0024221
     427.6276850922473614     -0.0044260
     428.2332528642504599      0.0106094
     428.8388230791402407      0.0074342
     429.4443957369832106      0.0014693
     430.0499708379126105      0.0022081
     430.6555483817287495     -0.0046380
     431.2611283686313186      0.0031400
     431.8667107985536404      0.0079959
     432.4722956715624491     -0.0044839
     433.0778829875910105     -0.0230489
     433.6834727467060020     -0.0030510
     434.2890649489074235     -0.0073151
     434.8946595942617250     -0.0044209
     435.5002566827690202     -0.0157499
     436.1058562142962387     -0.0126383
     436.7114581890429008     -0.0103328
     437.3170626069425566     -0.0096019
     437.9226694680617697     -0.0073439
     438.5282787723339197     -0.0087896
     439.1338905198256271     -0.0178133
     439.7395047106033985     -0.0114546
     440.3451213446007273     -0.0002665
     440.9507404218175566      0.0145919
     441.5563619423206205     -0.0113100
     442.1619859061096349     -0.0123262
     442.7676123131848271      0.0042099
     443.3732411636792108      0.0065139
     443.9788724573931518      0.0035633
     444.5845061944597774     -0.0040566
     445.1901423749456512      0.0002276
     445.7957809987175892     -0.0174564
     446.4014220659753391      0.0123791
     447.0070655765857737      0.0043113
     447.6127115306153996      0.0163331
     448.2183599280643307     -0.0042045
     448.8240107689990168     -0.0169957
     449.4296640534195717     -0.0113196
     450.0353197812592612     -0.0074944
     450.6409779526513830      0.0035890
     451.2466385675292599     -0.0100690
     451.8523016258930056     -0.0070956
     452.4579671278091269      0.0130137
     453.0636350733441304     -0.0157197
     453.6693054623650028     -0.0137526
     454.2749782950047575     -0.0008956
     454.8806535712633945      0.0035468
     455.4863312910745208     -0.0016580
     456.0920114545710931     -0.0110347
     456.6976940616866614     -0.0069195
     457.3033791124876757      0.0186706
     457.9090666069076292      0.0182331
     458.5147565450797060     -0.0101071
     459.1204489268706652      0.0160787
     459.7261437524137477      0.0041980
     460.3318410216422762      0.0092701
     460.9375407346894917      0.0014947
     461.5432428914887737      0.0227765
     462.1489474920401221      0.0048632
     462.7546545364101007      0.0013876
     463.3603640245321458     -0.0074740
     463.9660759564728210     -0.0107915
     464.5717903322988036     -0.0058315
     465.1775071519433595      0.0117468
     465.7832264154731092      0.0037536
     466.3889481228880527      0.0033604
     466.9946722741881899      0.0103363
     467.6003988693070141     -0.0005500
     468.2061279085107230      0.0023488
     468.8118593915331189      0.0019806
     469.4175933185072722     -0.0069393
     470.0233296894997466      0.0124160
     470.6290685044439783      0.0040018
     471.2348097634065880      0.0061457
     471.8405534663875187      0.0156008
     472.4462996133868273     -0.0022543
     473.0520482044044002     -0.0027518
     473.6577992394403509     -0.0042196
     474.2635527186278637     -0.0069303
     474.8693086419002043     -0.0114604
     475.4750670091908660     -0.0030082
     476.0808278206995965      0.0007097
     476.6865910762932685     -0.0098592
     477.2923567759718253     -0.0015956
     477.8981249199350145     -0.0022207
     478.5038955079830316      0.0015518
     479.1096685401826676      0.0012826
     479.7154440166667655     -0.0040827
     480.3212219373689891     -0.0076957
     480.9270023022892246     -0.0196803
     481.5327851114275290      0.0141617
     482.1385703648504659      0.0249620
     482.7443580625579784     -0.0037262
     483.3501482045501234     -0.0062919
     483.9559407908268440      0.0011220
     484.5617358214547608      0.0000745
     485.1675332963673100      0.0031301
     485.7733332157641826      0.0049888
     486.3791355793790672     -0.0115443
     486.9849403874782752     -0.0208258
     487.5907476399286793     -0.0128930
     488.1965573367967863     -0.0047200
     488.8023694780827100      0.0031819
