Scan:    442          MRK1158 2015-10-24 +03 33 09.0
         OPTICAL                 Tb    
        km/s-LSR                 I
    -522.5203007091798781     -0.0087661
    -521.9185566129264089     -0.0136925
    -521.3168100967852752     -0.0106177
    -520.7150611608562940     -0.0012075
    -520.1133098049397177     -0.0098391
    -519.5115560291354768     -0.0034323
    -518.9097998334435715     -0.0059966
    -518.3080412177973813     -0.0022931
    -517.7062801821635958     -0.0077492
    -517.1045167266089493     -0.0062781
    -516.5027508510333973     -0.0084742
    -515.9009825554702502     -0.0137101
    -515.2992118399196215     -0.0062064
    -514.6974387043147772     -0.0186958
    -514.0956631486559445     -0.0037707
    -513.4938851729762064     -0.0033194
    -512.8921047771758595      0.0079670
    -512.2903219613212968      0.0003458
    -511.6885367253794357      0.0093170
    -511.0867490693168520      0.0028913
    -510.4849589931002924     -0.0071513
    -509.8831664967630672     -0.0114072
    -509.2813715802718093     -0.0068610
    -508.6795742435600687     -0.0020464
    -508.0777744867276624     -0.0097654
    -507.4759723096414064     -0.0054877
    -506.8741677123346676     -0.0065413
    -506.2723606948738961     -0.0113275
    -505.6705512570928249     -0.0001331
    -505.0687393990578471      0.0094975
    -504.4669251207691332      0.0123293
    -503.8651084221932592     -0.0050733
    -503.2632893032637185      0.0073386
    -502.6614677640803848     -0.0019478
    -502.0596438045101308     -0.0215591
    -501.4578174246194635     -0.0124742
    -500.8559886243750725     -0.0131780
    -500.2541574037437613     -0.0083746
    -499.6523237626922764     -0.0037490
    -499.0504877012870679     -0.0060863
    -498.4486492194283755     -0.0027157
    -497.8468083171160856      0.0002085
    -497.2449649943836221      0.0021122
    -496.6431192511643644      0.0067483
    -496.0412710874583126     -0.0158821
    -495.4394205033319736      0.0033739
    -494.8375674986190234      0.0107230
    -494.2357120733859688     -0.0049534
    -493.6338542276661201     -0.0080067
    -493.0319939613262932      0.0047183
    -492.4301312744331653      0.0052727
    -491.8282661670198763      0.0072477
    -491.2263986389534693      0.0012731
    -490.6245286902670841     -0.0027075
    -490.0226563209939741     -0.0070409
    -489.4207815310676892     -0.0096087
    -488.8189043204549193     -0.0037141
    -488.2170246892222281     -0.0020558
    -487.6151426372696847     -0.0100605
    -487.0132581646306562     -0.0019972
    -486.4113712713051996     -0.0055598
    -485.8094819571932703      0.0200303
    -485.2075902223616026      0.0010480
    -484.6056960668101397     -0.0102140
    -484.0037994904391212     -0.0026108
    -483.4019004932816870     -0.0016255
    -482.7999990753711472     -0.0062235
    -482.1980952366076849      0.0023232
    -481.5961889770579205     -0.0024094
    -480.9942802965886699     -0.0155271
    -480.3923691952997501     -0.0060659
    -479.7904556731578509      0.0085501
    -479.1885397300965224      0.0092225
    -478.5866213661157644      0.0027527
    -477.9847005812487168      0.0063814
    -477.3827773754288728     -0.0043269
    -476.7808517486562891     -0.0070323
    -476.1789237009642761      0.0016708
    -475.5769932322528462     -0.0066483
    -474.9750603425554232     -0.0057297
    -474.3731250319051469      0.0147954
    -473.7711873001690037      0.0094103
    -473.1692471474135573      0.0013952
    -472.5673045736386939      0.0045056
    -471.9653595787779636      0.0053619
    -471.3634121628313665     -0.0088931
    -470.7614623258320421     -0.0029924
    -470.1595100676470338      0.0121606
    -469.5575553883761017      0.0012233
    -468.9555982880192460      0.0112371
    -468.3536387664433391     -0.0014875
    -467.7516768237150018      0.0053399
    -467.1497124598341770      0.0025766
    -466.5477456747343012     -0.0007275
    -465.9457764684153744     -0.0005622
    -465.3438048409107068     -0.0072350
    -464.7418307921204246     -0.0051893
    -464.1398543221110344      0.0084593
    -463.5378754308493967      0.0087319
    -462.9358941182355807     -0.0009419
    -462.3339103843694602     -0.0032908
    -461.7319242292176114      0.0038982
    -461.1299356526803876      0.0098518
    -460.5279446547909856      0.0015761
    -459.9259512356159121      0.0007290
    -459.3239553950221534     -0.0041094
    -458.7219571330429631      0.0051381
    -458.1199564497115944     -0.0047304
    -457.5179533449281735      0.0009711
    -456.9159478186926435     -0.0046770
    -456.3139398710717387     -0.0144915
    -455.7119295019322180     -0.0051071
    -455.1099167113406452     -0.0086841
    -454.5079014992971338      0.0039196
    -453.9058838657016963     -0.0044459
    -453.3038638105876430      0.0067586
    -452.7018413340215375      0.0064592
    -452.0998164358369991     -0.0037482
    -451.4977891160672812     -0.0154499
    -450.8957593748123145      0.0055254
    -450.2937272118722944      0.0107672
    -449.6916926273804052     -0.0040273
    -449.0896556212700830     -0.0103737
    -448.4876161935080177      0.0013279
    -447.8855743440942092      0.0065029
    -447.2835300730619110      0.0044084
    -446.6814833803114198     -0.0084714
    -446.0794342658426217     -0.0042624
    -445.4773827297220237     -0.0082215
    -444.8753287718498655      0.0023844
    -444.2732723922261471      0.0089101
    -443.6712135909173753      0.0093761
    -443.0691523677904797      0.0070834
    -442.4670887228787137      0.0070150
    -441.8650226562153875     -0.0047789
    -441.2629541677006273      0.0072126
    -440.6608832573676864      0.0250181
    -440.0588099252498751      0.0041479
    -439.4567341712141229     -0.0076294
    -438.8546559952936263      0.0016265
    -438.2525753975549492      0.0042133
    -437.6504923778983311     -0.0059364
    -437.0484069362904052     -0.0012191
    -436.4463190728309883     -0.0088808
    -435.8442287873870669      0.0048183
    -435.2421360799585841      0.0051482
    -434.6400409506454139     -0.0065218
    -434.0379433992810618      0.0003648
    -433.4358434258988950     -0.0093408
    -432.8337410305653634     -0.0001954
    -432.2316362131807068      0.0093495
    -431.6295289737117287      0.0108777
    -431.0274193122581323     -0.0045034
    -430.4253072286867905      0.0069017
    -429.8231927229978169      0.0048398
    -429.2210757952909717     -0.0005948
    -428.6189564453998742      0.0008561
    -428.0168346733910312     -0.0033744
    -427.4147104792644996      0.0039574
    -426.8125838629537157      0.0035123
    -426.2104548244586226     -0.0085123
    -425.6083233638126444      0.0091298
    -425.0061894809490468     -0.0059684
    -424.4040531758345765      0.0006340
    -423.8019144485359107     -0.0064892
    -423.1997732989530618     -0.0013177
    -422.5976297271193971      0.0098862
    -421.9954837330349164      0.0073714
    -421.3933353165997460     -0.0002074
    -420.7911844778804493     -0.0115749
    -420.1890312168770265      0.0144685
    -419.5868755335229139      0.0140609
    -418.9847174277848580      0.0101193
    -418.3825568997293658      0.0182978
    -417.7803939492566201     -0.0022740
    -417.1782285763999312     -0.0040567
    -416.5760607811592422      0.0021223
    -415.9738905634680464     -0.0077759
    -415.3717179233262868      0.0050998
    -414.7695428608005841      0.0064951
    -414.1673653757245006      0.0030315
    -413.5651854681978534     -0.0041765
    -412.9630031382206425     -0.0039399
    -412.3608183856597975      0.0050330
    -411.7586312106150785     -0.0014874
    -411.1564416130533459      0.0023373
    -410.5542495928746121      0.0075176
    -409.9520551501454975     -0.0051817
    -409.3498582848992555      0.0070680
    -408.7476589969694487      0.0098298
    -408.1454572864560646      0.0112417
    -407.5432531533256792      0.0060442
    -406.9410465975450393      0.0113737
    -406.3388376190808913      0.0052075
    -405.7366262179997989      0.0081928
    -405.1344123942018882     -0.0083694
    -404.5321961476872161      0.0048502
    -403.9299774784889223     -0.0079940
    -403.3277563865406137      0.0058628
    -402.7255328718422334      0.0216173
    -402.1233069344269211     -0.0036509
    -401.5210785741950872     -0.0076780
    -400.9188477911798145      0.0089896
    -400.3166145853811599      0.0044355
    -399.7143789567326166      0.0058227
    -399.1121409052673812     -0.0059854
    -398.5099004309855104      0.0080204
    -397.9076575337870736     -0.0029636
    -397.3054122137387481      0.0163521
    -396.7031644708404770      0.0025051
    -396.1009143049924432     -0.0014489
    -395.4986617161945333      0.0004564
    -394.8964067045467345      0.0097513
    -394.2941492698825527     -0.0119867
    -393.6918894122352981      0.0030822
    -393.0896271316715342     -0.0039886
    -392.4873624280913873      0.0113682
    -391.8850953014949141     -0.0093064
    -391.2828257519154249     -0.0026004
    -390.6805537792196219      0.0113244
    -390.0782793835741131      0.0055254
    -389.4760025647790940      0.0113411
    -388.8737233229343815     -0.0004039
    -388.2714416580067223     -0.0073840
    -387.6691575699296095     -0.0021672
    -387.0668710587362966     -0.0007265
    -386.4645821244600938     -0.0007186
    -385.8622907669677602     -0.0028503
    -385.2599969863259730      0.0085212
    -384.6577007825346755      0.0060615
    -384.0554021554940505     -0.0013773
    -383.4531011052372946     -0.0043917
    -382.8507976317977750      0.0006671
    -382.2484917350757314      0.0052479
    -381.6461834151042467      0.0053612
    -381.0438726719167448      0.0098985
    -380.4415595053799848      0.0088185
    -379.8392439155273337     -0.0088915
    -379.2369259024253552     -0.0100870
    -378.6346054659741753     -0.0084149
    -378.0322826061405976     -0.0063083
    -377.4299573230242686     -0.0006503
    -376.8276296164589780     -0.0056712
    -376.2252994865111759     -0.0118704
    -375.6229669332141725     -0.0057816
    -375.0206319564680939     -0.0088207
    -374.4182945562730538     -0.0004482
    -373.8159547326621350      0.0014795
    -373.2136124855689445      0.0100463
    -372.6112678149934254      0.0049735
    -372.0089207209688880     -0.0186403
    -371.4065712033954014     -0.0052370
    -370.8042192623062761      0.0055579
    -370.2018648977348789      0.0061166
    -369.5995081095480259      0.0072510
    -368.9971488978122238      0.0020592
    -368.3947872625608397     -0.0004980
    -367.7924232036273793      0.0105251
    -367.1900567211118300     -0.0025597
    -366.5876878150140215     -0.0115017
    -365.9853164852675036      0.0080243
    -365.3829427318389094     -0.0000318
    -364.7805665547949161     -0.0013386
    -364.1781879540022260     -0.0016215
    -363.5758069295275732     -0.0133015
    -362.9734234814041542     -0.0094837
    -362.3710376094988419     -0.0107235
    -361.7686493138449464     -0.0070124
    -361.1662585945090314     -0.0002137
    -360.5638654513579127      0.0084785
    -359.9614698843916472     -0.0007755
    -359.3590718937100519      0.0005717
    -358.7566714791467462      0.0021763
    -358.1542686407682368     -0.0028557
    -357.5518633785745806     -0.0193134
    -356.9494556924992139     -0.0025212
    -356.3470455825420800      0.0020080
    -355.7446330487697992     -0.0117097
    -355.1422180910159341     -0.0006338
    -354.5398007093803017     -0.0040012
    -353.9373809038297054      0.0054894
    -353.3349586743307214     -0.0130712
    -352.7325340208502098     -0.0050982
    -352.1301069434214241      0.0112471
    -351.5276774419777439     -0.0036403
    -350.9252455165524793      0.0018150
    -350.3228111671123202      0.0091095
    -349.7203743936240130      0.0024861
    -349.1179351960875579      0.0096641
    -348.5154935745362081     -0.0144290
    -347.9130495288368934     -0.0080631
    -347.3106030590894306     -0.0075059
    -346.7081541652605665     -0.0017396
    -346.1057028472503134      0.0016275
    -345.5032491051254055     -0.0097289
    -344.9007929389190394     -0.0066496
    -344.2983343484648344     -0.0022890
    -343.6958733338626075     -0.0031895
    -343.0934098951124724     -0.0085078
    -342.4909440320810745     -0.0064049
    -341.8884757448351479      0.0018739
    -341.2860050334079460     -0.0038202
    -340.6835318976995950     -0.0138960
    -340.0810563377100380     -0.0058162
    -339.4785783534727557     -0.0052268
    -338.8760979449209572     -0.0057860
    -338.2736151120215027     -0.0053838
    -337.6711298548741524      0.0012836
    -337.0686421733458360     -0.0058169
    -336.4661520674365534     -0.0020495
    -335.8636595372461215     -0.0062090
    -335.2611645825747928     -0.0058628
    -334.6586672035558081      0.0018529
    -334.0561674001558004      0.0013712
    -333.4536651722750094      0.0060078
    -332.8511605199465748      0.0021445
    -332.2486534432039207     -0.0064906
    -331.6461439419471731     -0.0080914
    -331.0436320162428387     -0.0243978
    -330.4411176660576643     -0.0205451
    -329.8386008912917760     -0.0027926
    -329.2360816920118509     -0.0051165
    -328.6335600682509721     -0.0111004
    -328.0310360198761828      0.0019381
    -327.4285095469207363      0.0046649
    -326.8259806494177724     -0.0018461
    -326.2234493272676445     -0.0131769
    -325.6209155805035493     -0.0083445
    -325.0183794091919367      0.0121124
    -324.4158408131332862      0.0012823
    -323.8132997924274150     -0.0044109
    -323.2107563471075196     -0.0079613
    -322.6082104770404726      0.0075855
    -322.0056621822929515     -0.0060245
    -321.4031114628315891     -0.0030711
    -320.8005583186231888      0.0038756
    -320.1980027496342700     -0.0002249
    -319.5954447559648770     -0.0202669
    -318.9928843374485155     -0.0138239
    -318.3903214941517490     -0.0022966
    -317.7877562260745776      0.0085449
    -317.1851885331504945     -0.0060637
    -316.5826184153793861      0.0009715
    -315.9800458727946193      0.0000709
    -315.3774709053296306     -0.0102310
    -314.7748935129511096     -0.0204992
    -314.1723136957256202      0.0048890
    -313.5697314535532882      0.0022820
    -312.9671467864675378      0.0063172
    -312.3645596945014518     -0.0060078
    -311.7619701774887062     -0.0038496
    -311.1593782355291751     -0.0090787
    -310.5567838686561117     -0.0168650
    -309.9541870767030787     -0.0109849
    -309.3515878597699498      0.0003478
    -308.7489862178234716     -0.0086920
    -308.1463821507970806      0.0015763
    -307.5437756587239733      0.0003003
    -306.9411667416374598      0.0011514
    -306.3385553994044699      0.0029430
    -305.7359416320915102     -0.0011162
    -305.1333254396986376      0.0068324
    -304.5307068221259215     -0.0011202
    -303.9280857794067856     -0.0016179
    -303.3254623115743698      0.0056374
    -302.7228364185288569      0.0031287
    -302.1202081002702471     -0.0016032
    -301.5175773568984710     -0.0015517
    -300.9149441882469773     -0.0002712
    -300.3123085943491333     -0.0044104
    -299.7096705752715593     -0.0103052
    -299.1070301308477042     -0.0069930
    -298.5043872612440623     -0.0016652
    -297.9017419662609427     -0.0025703
    -297.2990942459981056     -0.0019686
    -296.6964441004557216      0.0109984
    -296.0937915295338030     -0.0021774
    -295.4911365332656601      0.0087737
    -294.8884791116845463     -0.0020469
    -294.2858192646907582      0.0057212
    -293.6831569922840686      0.0012575
    -293.0804922945312114     -0.0033877
    -292.4778251712990027     -0.0080803
    -291.8751556226206958     -0.0058539
    -291.2724836485296578     -0.0205228
    -290.6698092489592682     -0.0118997
    -290.0671324238762736     -0.0062621
    -289.4644531733803774      0.0115911
    -288.8617714973054262     -0.0062139
    -288.2590873956845030     -0.0075756
    -287.6564008686174816     -0.0093680
    -287.0537119159047279     -0.0007034
    -286.4510205376460021     -0.0064065
    -285.8483267338746714      0.0027294
    -285.2456305044243550      0.0125504
    -284.6429318493614460     -0.0055614
    -284.0402307687526786      0.0098735
    -283.4375272624315585      0.0001166
    -282.8348213304313958      0.0080279
    -282.2321129728520646      0.0006972
    -281.6294021894937600      0.0035078
    -281.0266889804564698      0.0096743
    -280.4239733457733337      0.0121866
    -279.8212552852780846      0.0119728
    -279.2185347990704827      0.0073640
    -278.6158118871172746     -0.0071898
    -278.0130865493851502      0.0143593
    -277.4103587858408559      0.0063755
    -276.8076285965175884      0.0028415
    -276.2048959813822080      0.0050671
    -275.6021609403680941     -0.0050909
    -274.9994234735749501      0.0009838
    -274.3966835808699329      0.0002856
    -273.7939412622860118      0.0096695
    -273.1911965178567243      0.0093061
    -272.5884493474820829      0.0082173
    -271.9856997511953978     -0.0057022
    -271.3829477290299792      0.0056047
    -270.7801932808193897      0.0024430
    -270.1774364066967564     -0.0107526
    -269.5746771066287693      0.0041972
    -268.9719153804823009     -0.0108002
    -268.3691512283906491      0.0012785
    -267.7663846502869660     -0.0032370
    -267.1636156461049154     -0.0181805
    -266.5608442158443268      0.0062305
    -265.9580703596052444     -0.0008182
    -265.3552940772210604      0.0119054
    -264.7525153687583952     -0.0029281
    -264.1497342342173624     -0.0016289
    -263.5469506734979745     -0.0047475
    -262.9441646866335418      0.0065180
    -262.3413762736907415      0.0024295
    -261.7385854345029657     -0.0037329
    -261.1357921691369484     -0.0027217
    -260.5329964776258862      0.0043849
    -259.9301983598699621     -0.0010910
    -259.3273978158691193      0.0032029
    -258.7245948456567248     -0.0014063
    -258.1217894491661582      0.0059499
    -257.5189816263974762      0.0019775
    -256.9161713773838756      0.0009853
    -256.3133587020255391     -0.0046456
    -255.7105436003558054     -0.0003203
    -255.1077260724078712     -0.0007022
    -254.5049061180819763     -0.0112388
    -253.9020837373780353     -0.0008498
    -253.2992589303293869     -0.0052080
    -252.6964316968694391      0.0019999
    -252.0936020369981918     -0.0032350
    -251.4907699507489554     -0.0027515
    -250.8879354380218558     -0.0068848
    -250.2850984988501466      0.0137274
    -249.6822591332671948      0.0083352
    -249.0794173411730696      0.0148819
    -248.4765731225678280      0.0068251
    -247.8737264775179767     -0.0038484
    -247.2708774058904453     -0.0023862
    -246.6680259077184587     -0.0091181
    -246.0651719830686375      0.0002042
    -245.4623156317745156      0.0014299
    -244.8594568539359955     -0.0039249
    -244.2565956495197668     -0.0051336
    -243.6537320184924909     -0.0042722
    -243.0508659607877178     -0.0017542
    -242.4479974765384895      0.0133171
    -241.8451265655451152     -0.0072357
    -241.2422532279074971      0.0128643
    -240.6393774636588603     -0.0059584
    -240.0364992726328239     -0.0013940
    -239.4336186548959517     -0.0053593
    -238.8307356105147790     -0.0052842
    -238.2278501393229249     -0.0015085
    -237.6249622413869247      0.0024248
    -237.0220719167068353     -0.0023199
    -236.4191791652160077      0.0126645
    -235.8162839869145273     -0.0007013
    -235.2133863818356190     -0.0063369
    -234.6104863499127191      0.0031372
    -234.0075838911125743     -0.0053959
    -233.4046790055349732     -0.0029262
    -232.8017716930135919      0.0078605
    -232.1988619536149088      0.0040277
    -231.5959497873389807      0.0083620
    -230.9930351941524975     -0.0040364
    -230.3901181739889239      0.0015411
    -229.7871987269480769     -0.0162131
    -229.1842768528968293     -0.0195747
    -228.5813525518684628     -0.0011744
    -227.9784258238962877     -0.0170063
    -227.3754966688804018      0.0060285
    -226.7725650868208334      0.0020597
    -226.1696310777841745      0.0126545
    -225.5666946416705230      0.0136855
    -224.9637557784799355     -0.0013927
    -224.3608144882789475      0.0008927
    -223.7578707709344030     -0.0042768
    -223.1549246264463591      0.0142105
    -222.5519760549146042      0.0094779
    -221.9490250562060396      0.0114987
    -221.3460716303539471     -0.0058323
    -220.7431157773583266      0.0026546
    -220.1401574971525861      0.0006187
    -219.5371967897367824     -0.0076245
    -218.9342336551441406      0.0034149
    -218.3312680933081253      0.0083408
    -217.7283001042287083     -0.0010065
    -217.1253296879391996     -0.0062571
    -216.5223568443397539      0.0031433
    -215.9193815734636530      0.0106603
    -215.3164038753441503     -0.0052288
    -214.7134237498481184      0.0102486
    -214.1104411970088677      0.0037346
    -213.5074562169262151      0.0153812
    -212.9044688094004698      0.0024019
    -212.3014789744982522     -0.0006515
    -211.6984867122860408      0.0040572
    -211.0954920225974831     -0.0017364
    -210.4924949055323964      0.0086627
    -209.8894953610575271      0.0196968
    -209.2864933891062549     -0.0008475
    -208.6834889896786365      0.0057913
    -208.0804821628412355      0.0057432
    -207.4774729084608964      0.0023989
    -206.8744612265708724      0.0075079
    -206.2714471172377841      0.0078331
    -205.6684305802951940      0.0093146
    -205.0654116158762292      0.0062317
    -204.4623902238477626      0.0018862
    -203.8593664042430760     -0.0163312
    -203.2563401570621693     -0.0023427
    -202.6533114822717323      0.0038523
    -202.0502803798385401     -0.0009553
    -201.4472468498291278     -0.0006390
    -200.8442108921103681     -0.0127928
    -200.2411725067487964     -0.0193151
    -199.6381316937444410     -0.0129410
    -199.0350884529974849     -0.0110918
    -198.4320427845411245      0.0013775
    -197.8289946884086987      0.0039864
    -197.2259441645003619     -0.0102642
    -196.6228912128494244      0.0113580
    -196.0198358334558009      0.0049296
    -195.4167780262529845      0.0088734
    -194.8137177912409754      0.0029691
    -194.2106551284863087     -0.0070974
    -193.6075900378226038     -0.0041617
    -193.0045225193497060     -0.0124329
    -192.4014525730675587      0.0039879
    -191.7983801988764014     -0.0155616
    -191.1953053967761491     -0.0051574
    -190.5922281668334222      0.0014322
    -189.9891485089483751      0.0000287
    -189.3860664231209796     -0.0058762
    -188.7829819093845174     -0.0016930
    -188.1798949676724533      0.0048257
    -187.5768055979847304     -0.0015342
    -186.9737138003546875     -0.0052201
    -186.3706195746491687      0.0085916
    -185.7675229209680197      0.0054138
    -185.1644238392779585     -0.0086393
    -184.5613223295124499     -0.0060642
    -183.9582183916714371     -0.0024108
    -183.3551120258215121      0.0042396
    -182.7520032317962944     -0.0028851
    -182.1488920097288826      0.0002740
    -181.5457783595527133      0.0173010
    -180.9426622812011942     -0.0076137
    -180.3395437747076642     -0.0086802
    -179.7364228400720378     -0.0019363
    -179.1332994772611471     -0.0026786
    -178.5301736862083430      0.0030200
    -177.9270454670467529     -0.0182136
    -177.3239148195767427     -0.0094061
    -176.7207817438981010      0.0022701
    -176.1176462399776028      0.0069932
    -175.5145083077818811      0.0067959
    -174.9113679473109926      0.0100354
    -174.3082251585649374     -0.0007028
    -173.7050799414771234      0.0041783
    -173.1019322960808893     -0.0077661
    -172.4987822223761782     -0.0021471
    -171.8956297202631163      0.0030923
    -171.2924747898083524      0.0101489
    -170.6893174310118582      0.0004891
    -170.0861576437404494      0.0086603
    -169.4829954280940285      0.0068054
    -168.8798307840392852     -0.0016994
    -168.2766637115096557      0.0027996
    -167.6734942105384789     -0.0081899
    -167.0703222811256694     -0.0011429
    -166.4671479232046920      0.0048521
    -165.8639711367756036     -0.0041793
    -165.2607919218715722     -0.0044829
    -164.6576102783928377     -0.0041448
    -164.0544262063726819     -0.0017074
    -163.4512397058443582     -0.0013901
    -162.8480507766747110      0.0085673
    -162.2448594189303321      0.0099951
    -161.6416656326445320     -0.0032116
    -161.0384694176841265     -0.0021037
    -160.4352707740824542     -0.0035466
    -159.8320697019060219      0.0018430
    -159.2288662010217308      0.0016278
    -158.6256602714296093     -0.0138488
    -158.0224519132294461     -0.0084141
    -157.4192411262548603     -0.0000365
    -156.8160279105724157     -0.0005371
    -156.2128122661820839      0.0051967
    -155.6095941930173296      0.0028811
    -155.0063736910781529      0.0017191
    -154.4031507604311457      0.0027843
    -153.7999254009097854      0.0015121
    -153.1966976126140594      0.0066262
    -152.5934673955105723      0.0005740
    -151.9902347495661274     -0.0035615
    -151.3869996747140760     -0.0099043
    -150.7837621710876022     -0.0030888
    -150.1805222385202967      0.0035722
    -149.5772798770454131      0.0025021
    -148.9740350867295717     -0.0000947
    -148.3707878674395317      0.0054279
    -147.7675382191753783      0.0085132
    -147.1642861420369570     -0.0013585
    -146.5610316358911120      0.0044196
    -145.9577747007378719     -0.0057676
    -145.3545153366437717     -0.0051917
    -144.7512535434756842     -0.0018398
    -144.1479893213001731     -0.0042334
    -143.5447226701172383     -0.0048844
    -142.9414535898270628      0.0165642
    -142.3381820804961535     -0.0031078
    -141.7349081420912569      0.0009796
    -141.1316317745458377      0.0016046
    -140.5283529778931779      0.0061964
    -139.9250717521665024      0.0024434
    -139.3217880972326839      0.0101631
    -138.7185020131250610      0.0107585
    -138.1152134999101690      0.0145496
    -137.5119225574548523      0.0001771
    -136.9086291857924493      0.0019678
    -136.3053333849894670     -0.0044671
    -135.7020351548795247      0.0007028
    -135.0987344955291860     -0.0058848
    -134.4954314069384509      0.0179825
    -133.8921258890407273     -0.0001327
    -133.2888179418693255     -0.0066975
    -132.6855075654242171      0.0022905
    -132.0821947596056134      0.0123726
    -131.4788795244467394      0.0064712
    -130.8755618600141872     -0.0003269
    -130.2722417661415193      0.0089243
    -129.6689192428952992      0.0088573
    -129.0655942903088658      0.0042018
    -128.4622669082490063      0.0099071
    -127.8589370967823555      0.0129017
    -127.2556048559088708     -0.0016517
    -126.6522701855620028     -0.0147214
    -126.0489330857417372      0.0052172
    -125.4455935564813700      0.0043704
    -124.8422515976477740      0.0009503
    -124.2389072093407947     -0.0031041
    -123.6355603915271217     -0.0015096
    -123.0322111441402200     -0.0012174
    -122.4288594672133712      0.0096503
    -121.8255053607465612      0.0175041
    -121.2221488246399588      0.0091474
    -120.6187898589268173      0.0119278
    -120.0154284636737145      0.0021872
    -119.4120646387142415      0.0098304
    -118.8086983841482578      0.0103699
    -118.2053296999424674     -0.0042946
    -117.6019585860303067      0.0046995
    -116.9985850424117615      0.0129116
    -116.3952090691534238      0.0085253
    -115.7918306661221237      0.0001393
    -115.1884498333844675     -0.0072916
    -114.5850665709071592     -0.0174258
    -113.9816808786569027      0.0038531
    -113.3782927566669798      0.0232564
    -112.7749022048375593      0.0077959
    -112.1715092232019231      0.0067253
    -111.5681138117933244      0.0078857
    -110.9647159705119606      0.0078484
    -110.3613156993577888      0.0072999
    -109.7579129983974013      0.0040532
    -109.1545078675309242      0.0154262
    -108.5511003067251039      0.0083030
    -107.9476903161130537     -0.0049298
    -107.3442778954950683     -0.0055718
    -106.7408630449377398      0.0076129
    -106.1374457645076035      0.0058209
    -105.5340260540382786     -0.0037548
    -104.9306039135962862     -0.0019224
    -104.3271793432149508     -0.0078841
    -103.7237523427611166      0.0046712
    -103.1203229122680796      0.0269322
    -102.5168910518023893      0.0238842
    -101.9134567612309326      0.0116896
    -101.3100200406202589      0.0075526
    -100.7065808899371007      0.0313430
    -100.1031393091148800      0.0387934
     -99.4996952981868645      0.0337810
     -98.8962488571530969      0.0163232
     -98.2927999859469708      0.0182224
     -97.6893486845685146      0.0232997
     -97.0858949530842636      0.0209498
     -96.4824387913611048      0.0361083
     -95.8789801994323199      0.0240502
     -95.2755191773644725      0.0273344
     -94.6720557249911536      0.0159143
     -94.0685898423789126      0.0326600
     -93.4651215295277780      0.0253388
     -92.8616507863711433      0.0542554
     -92.2581776129423190      0.0419548
     -91.6547020092413192      0.0434679
     -91.0512239751682557      0.0357374
     -90.4477435107897065      0.0466930
     -89.8442606160724040      0.0522511
     -89.2407752909830663      0.0350860
     -88.6372875354883689      0.0356353
     -88.0337973496549324      0.0387854
     -87.4303047333495869      0.0364702
     -86.8268096866389243      0.0498118
     -86.2233122095562123      0.0546034
     -85.6198123019683095      0.0423779
     -85.0163099639085260      0.0472859
     -84.4128051954101295      0.0483337
     -83.8092979963732461      0.0430412
     -83.2057883667979183      0.0336003
     -82.6022763067839634      0.0441636
     -81.9987618161649863      0.0488391
     -81.3952448950075365      0.0643167
     -80.7917255433449242      0.0556761
     -80.1882037610106977      0.0474582
     -79.5846795481047167      0.0444055
     -78.9811529046269953      0.0525298
     -78.3776238304776740      0.0545477
     -77.7740923256567669      0.0526711
     -77.1705583902640910      0.0547382
     -76.5670220241332515      0.0683373
     -75.9634832273308263      0.0610820
     -75.3599419998567868      0.0509432
     -74.7563983416445978      0.0645692
     -74.1528522526609493      0.0584377
     -73.5493037330389825      0.0675027
     -72.9457527825457248      0.0850013
     -72.3421994013142893      0.0905988
     -71.7386435893446901      0.0910984
     -71.1350853465370676      0.0952934
     -70.5315246728914502      0.0943339
     -69.9279615684410771      0.1008392
     -69.3243960331194131      0.1239007
     -68.7208280669264440      0.1363287
     -68.1172576699287475      0.1349843
     -67.5136848419599005      0.1447176
     -66.9101095830864665      0.1625685
     -66.3065318933750092      0.1726813
     -65.7029517726258376      0.1807663
     -65.0993692209720791      0.1817144
     -64.4957842383804518      0.1866237
     -63.8921968247511032      0.2101300
     -63.2886069801506110      0.2204536
     -62.6850147045789541      0.2367277
     -62.0814199979363082      0.2665472
     -61.4778228602559409      0.2666977
     -60.8742232915711270      0.2880432
     -60.2706212917820352      0.2988541
     -59.6670168608886584      0.3180811
     -59.0634099989575603      0.3432451
     -58.4598007058556135      0.3588427
     -57.8561889816493746      0.3696097
     -57.2525748263388436      0.3889102
     -56.6489582398241822      0.4093274
     -56.0453392221386650      0.4266602
     -55.4417177733155739      0.4529681
     -54.8380938932217887      0.4500448
     -54.2344675819238589      0.4567655
     -53.6308388394883622      0.4745126
     -53.0272076657155935      0.4770389
     -52.4235740607053984      0.5068470
     -51.8199380244577839      0.5077976
     -51.2162995568729045      0.5093373
     -50.6126586579840279      0.5176551
     -50.0090153278244500      0.5250801
     -49.4053695662943113      0.5503459
     -48.8017213733936330      0.5412869
     -48.1980707492222322      0.5416777
     -47.5944176935804322      0.5344037
     -46.9907622065680783      0.5395336
     -46.3871042882184454      0.5462196
     -45.7834439383651315      0.5553939
     -45.1797811571079748      0.5374018
     -44.5761159444469754      0.5545909
     -43.9724483002490061      0.5308051
     -43.3687782245806304      0.5272371
     -42.7651057174751230      0.5295567
     -42.1614307787993710      0.5348805
     -41.5577534086199236      0.5411894
     -40.9540736069367881      0.5405077
     -40.3503913736501048      0.5284917
     -39.7467067088264514      0.5274580
     -39.1430196124325391      0.5082034
     -38.5393300844018043      0.5209655
     -37.9356381247675216      0.5165129
     -37.3319437335629942      0.5056920
     -36.7282469106550664      0.5077655
     -36.1245476560770271      0.5091155
     -35.5208459698954542      0.5018455
     -34.9171418519771990      0.5176450
     -34.3134353023888394      0.5230518
     -33.7097263210970866      0.5124575
     -33.1060149080353696      0.5170678
     -32.5023010632369846      0.5221735
     -31.8985847867352064      0.5361954
     -31.2948660783969004      0.5369721
     -30.6911449382553485      0.5450868
     -30.0874213664104069      0.5665688
     -29.4836953626623703      0.5768712
     -28.8799669270778061      0.5852548
     -28.2762360597232849      0.6045724
     -27.6725027604323834      0.6191600
     -27.0687670292716724      0.6303804
     -26.4650288662744337      0.6667490
     -25.8612882713408219      0.6984910
     -25.2575452444708297      0.7391381
     -24.6537997856977427      0.7425652
     -24.0500518949549900      0.7532106
     -23.4463015722425858      0.7906673
     -22.8425488175937978      0.8212877
     -22.2387936309087770      0.8701591
     -21.6350360122541012      0.9108822
     -21.0312759615299143      0.9513849
     -20.4275134787694945      1.0092160
     -19.8237485640061308      1.0588260
     -19.2199812171399707      1.1060264
     -18.6162114381710211      1.1856979
     -18.0124392271658351      1.2518702
     -17.4086645839912890      1.3211055
     -16.8048875087139464      1.4113178
     -16.2011080013338074      1.4935361
     -15.5973260617510210      1.5916333
     -14.9935416899988727      1.6759558
     -14.3897548861106443      1.7602056
     -13.7859656499532015      1.8631506
     -13.1821739815931132      1.9976665
     -12.5783798810636593      2.1412754
     -11.9745833482317092      2.3050697
     -11.3707843831638282      2.5152214
     -10.7669829858600163      2.7517591
     -10.1631791562204228      3.0311151
      -9.5593728942783329      3.3957682
      -8.9555642000670286      3.8167992
      -8.3517530734533736      4.3235488
      -7.7479395145039387      4.9497309
      -7.1441235232852893      5.7229791
      -6.5403050995977239      6.5105476
      -5.9364842435410941      7.3062696
      -5.3326609551153981      8.1069155
      -4.7288352342207860      8.8233480
      -4.1250070808905424      9.4691448
      -3.5211764951579489     10.0735388
      -2.9173434769231563     10.7492867
      -2.3135080262194476     11.5378141
      -1.7096701430468224     12.2369356
      -1.1058298273387144     12.4300661
      -0.5019870790951226     11.9159307
       0.1018581016506686     11.1051283
       0.7057057149652270     10.4760332
       1.3095557608485524     10.1174879
       1.9134082393006446      9.9258080
       2.5172631503215039      9.6280012
       3.1211204940442649      8.9979153
       3.7249802702692261      8.0482664
       4.3288424792626552      7.0067320
       4.9327071208248521      6.1022038
       5.5365741950223830      5.3810849
       6.1404437019883824      4.8120046
       6.7443156416562839      4.3379936
       7.3481900139595204      3.9063113
       7.9520668190977926      3.5613475
       8.5559460569379659      3.1843703
       9.1598277274800406      2.8463018
       9.7637118308571509      2.5784011
      10.3675983670027332      2.3094494
      10.9714873359167822      2.0738423
      11.5753787376658668      1.8540926
      12.1792725722499888      1.6746652
      12.7831688396691465      1.5013981
      13.3870675399899088      1.3472242
      13.9909686732122740      1.2137760
      14.5948722392031076      1.1036311
      15.1987782381621113      1.0009282
      15.8026866700892885      0.9248098
      16.4065975348514996      0.8365062
      17.0105108326484462      0.7617315
      17.6144265634135699      0.7147934
      18.2183447270802930      0.6505691
      18.8222653237817532      0.6086889
      19.4261883535179543      0.5519632
      20.0301138162223253      0.5222120
      20.6340417120280044      0.4883152
      21.2379720408684172      0.4500989
      21.8419048026770035      0.4282747
      22.4458399977200287      0.4134938
      23.0497776257977947      0.3792186
      23.6537176869102943      0.3479868
      24.2576601812572328      0.3234019
      24.8616051087054792      0.2929986
      25.4655524692550337      0.2609449
      26.0695022630390270      0.2447175
      26.6734544899908919      0.2260826
      27.2774091501106319      0.2044078
      27.8813662434648073      0.1833617
      28.4853257700534215      0.1782130
      29.0892877298764816      0.1683385
      29.6932521230005477      0.1369406
      30.2972189493590527      0.1176704
      30.9011882089519965      0.1059608
      31.5051599019125170      0.0904242
      32.1091340282406108      0.0836888
      32.7131105878031434      0.0813905
      33.3170895807332528      0.0688015
      33.9210710070309389      0.0680710
      34.5250548666962018      0.0679829
      35.1290411597955980      0.0406814
      35.7330298862625710      0.0479459
      36.3370210460971208      0.0449209
      36.9410146394989454      0.0480457
      37.5450106662683467      0.0263040
      38.1490091264718885      0.0213015
      38.7530100201761414      0.0245137
      39.3570133474476691      0.0262160
      39.9610191080867665      0.0203059
      40.5650273023597094      0.0041899
      41.1690379301333635      0.0158302
      41.7730509914742996      0.0170435
      42.3770664863825104      0.0155024
      42.9810844148579960      0.0055641
      43.5851047769007565      0.0009235
      44.1891275725773625      0.0026322
      44.7931528018878069      0.0210837
      45.3971804648321040      0.0019986
      46.0012105614102396      0.0059275
      46.6052430916887843      0.0091947
      47.2092780556011817      0.0037910
      47.8133154532805520      0.0066584
      48.4173552846603243      0.0026293
      49.0213975497405201      0.0028418
      49.6254422485876958      0.0225529
      50.2294893812018373      0.0042300
      50.8335389475163950     -0.0015032
      51.4375909477310671      0.0002138
      52.0416453816461484      0.0010199
      52.6457022493947804     -0.0027629
      53.2497615510435267      0.0068803
      53.8538232865258095     -0.0061543
      54.4578874557750794     -0.0022454
      55.0619540589910272     -0.0106904
      55.6660230960405187     -0.0000505
      56.2700945669901245      0.0171262
      56.8741684719064082     -0.0012368
      57.4782448107893700     -0.0003974
      58.0823235835058895      0.0090611
      58.6864047902556507      0.0105743
      59.2904884310386535     -0.0050288
      59.8945745057217707     -0.0005776
      60.4986630144381436      0.0054218
      61.1027539571877583      0.0049554
      61.7068473339706145     -0.0075225
      62.3109431447867266      0.0073648
      62.9150413897026510      0.0040055
      63.5191420686518242     -0.0014663
      64.1232451817673734     -0.0061831
      64.7273507289827421     -0.0008441
      65.3314587102313737      0.0112737
      65.9355691257129308     -0.0027032
      66.5396819753608924      0.0080622
      67.1437972591086378     -0.0029097
      67.7479149770893514      0.0031204
      68.3520351292364552      0.0156845
      68.9561577155499208      0.0091691
      69.5602827362294960     -0.0029432
      70.1644101910088693     -0.0002485
      70.7685400801543238      0.0021003
      71.3726724035327322      0.0027700
      71.9768071611440945     -0.0053814
      72.5809443531215379      0.0019493
      73.1850839794650625      0.0028697
      73.7892260400415410      0.0083802
      74.3933705349841006      0.0019136
      74.9975174642927414     -0.0001031
      75.6016668279674775      0.0162400
      76.2058186260748585     -0.0017391
      76.8099728586148842     -0.0129557
      77.4141295254544417      0.0093842
      78.0182886268597855      0.0041854
      78.6224501626311962      0.0029319
      79.2266141328352660      0.0045369
      79.8307805376051078      0.0017958
      80.4349493768742008     -0.0047246
      81.0391206505759243     -0.0023080
      81.6432943588434341     -0.0015374
      82.2474705016767302      0.0069694
      82.8516490789426712      0.0032821
      83.4558300909075541     -0.0067198
      84.0600135373716313     -0.0012245
      84.6641994184680868     -0.0024335
      85.2683877341968781      0.0078342
      85.8725784845580193      0.0106272
      86.4767716694849469      0.0241082
      87.0809672891108022      0.0219222
      87.6851653434355853      0.0055249
      88.2893658323261548      0.0140276
      88.8935687560487509      0.0180501
      89.4977741144702890      0.0121598
      90.1019819075241770      0.0134583
      90.7061921354101344      0.0090245
      91.3104047980615547      0.0050502
      91.9146198954119171     -0.0126964
      92.5188374275943204      0.0033018
      93.1230573946087787     -0.0012273
      93.7272797963887427     -0.0000078
      94.3315046330007476      0.0074647
      94.9357319045113854      0.0025285
      95.5399616108540641      0.0001149
      96.1441937520953616      0.0077989
      96.7484283281687283     -0.0041924
      97.3526653391407137     -0.0045414
      97.9569047850778816      0.0127316
      98.5611466659802602     -0.0055390
      99.1653909817812433      0.0023036
      99.7696377325474231      0.0118023
     100.3738869183453488     -0.0027445
     100.9781385390419075      0.0011490
     101.5823925948367901     -0.0074517
     102.1866490856634186     -0.0050656
     102.7909080113886802     -0.0020812
     103.3951693722788292     -0.0040046
     103.9994331682673021     -0.0064154
     104.6036993992209716     -0.0100044
     105.2079680654060923      0.0007572
     105.8122391666229873      0.0105879
     106.4165127029381779      0.0166272
     107.0207886744848480      0.0066856
     107.6250670811298278      0.0010649
     108.2293479229397235     -0.0038397
     108.8336311999144783      0.0070604
     109.4379169121872906     -0.0069246
     110.0422050595584125     -0.0072339
     110.6464956422275634      0.0033475
     111.2507886601281655      0.0007461
     111.8550841132602329     -0.0057107
     112.4593820016903152      0.0056603
     113.0636823254184407      0.0024843
     113.6679850843780315     -0.0115703
     114.2722902787687644      0.0017559
     114.8765979083909627      0.0069790
     115.4809079733777537      0.0049657
     116.0852204737957010      0.0096962
     116.6895354095782551      0.0017577
     117.2938527806588240      0.0021975
     117.8981725872371129      0.0027268
     118.5024948291800087      0.0002519
     119.1068195065540607      0.0021750
     119.7111466194258469      0.0068811
     120.3154761677953672      0.0161902
     120.9198081515294660      0.0098043
     121.5241425708278626      0.0054751
     122.1284794256239934      0.0034690
     122.7328187159178441      0.0083995
     123.3371604418425704     -0.0014088
     123.9415046032650167      0.0021822
     124.5458512001851972      0.0066969
     125.1502002328027885      0.0001300
     125.7545517009181140      0.0073793
     126.3589056046643293      0.0059269
     126.9632619441079413     -0.0022204
     127.5676207191824290     -0.0127082
     128.1719819298212144      0.0064221
     128.7763455762240028     -0.0011830
     129.3807116582576384      0.0019156
     129.9850801759887133      0.0112618
     130.5894511294837912      0.0186244
     131.1938245186763083      0.0208880
     131.7982003435662079      0.0088424
     132.4025786042867026      0.0061151
     133.0069593007712001     -0.0029501
     133.6113424330197290      0.0013170
     134.2157280010987677     -0.0035726
     134.8201160050083729     -0.0102939
     135.4245064446819811     -0.0067838
     136.0288993202527479     -0.0062734
     136.6332946317206449      0.0083587
     137.2376923789525165     -0.0032060
     137.8420925621480819     -0.0077825
     138.4464951813073696     -0.0105045
     139.0509002362971955      0.0025657
     139.6553077272507437     -0.0002371
     140.2597176541679573     -0.0015803
     140.8641300169823580     -0.0075779
     141.4685448158935515      0.0091180
     142.0729620507019035      0.0132002
     142.6773817215405131      0.0054597
     143.2818038284759439      0.0023208
     143.8862283713750685      0.0095260
     144.4906553503044790      0.0038647
     145.0950847653972744      0.0025559
     145.6995166165203557     -0.0034868
     146.3039509037402581      0.0034108
     146.9083876270570101     -0.0218651
     147.5128267865371186      0.0111129
     148.1172683821141050      0.0117371
     148.7217124138544762      0.0140092
     149.3261588818248242     -0.0070428
     149.9306077858919934     -0.0010419
     150.5350591262557032     -0.0109123
     151.1395129027828261      0.0101057
     151.7439691155399260      0.0136262
     152.3484277645269458     -0.0001100
     152.9528888498105630     -0.0074227
     153.5573523713241002     -0.0173019
     154.1618183292007700      0.0018965
     154.7662867233739519      0.0038498
     155.3707575537771106      0.0094209
     155.9752308205433735      0.0058695
     156.5797065237393326     -0.0058894
     157.1841846631652118      0.0083036
     157.7886652390873508      0.0021411
     158.3931482513725939     -0.0003926
     158.9976337000209696     -0.0046919
     159.6021215850989563      0.0017793
     160.2066119066732028     -0.0008526
     160.8111046646105819     -0.0127228
     161.4155998591107561      0.0025630
     162.0200974899740061      0.0090544
     162.6245975574666431      0.0001009
     163.2291000613889480      0.0104195
     163.8336050018075127     -0.0016762
     164.4381123788554078      0.0060717
     165.0426221923995627     -0.0013559
     165.6471344425065411      0.0073596
     166.2516491292428782     -0.0068436
     166.8561662525419820      0.0062344
     167.4606858124705013      0.0023130
     168.0652078090283794      0.0064364
     168.6697322422156446     -0.0131795
     169.2742591120322686     -0.0063219
     169.8787884186114070     -0.0029812
     170.4833201618199325     -0.0029253
     171.0878543416577600     -0.0020052
     171.6923909583247507     -0.0035591
     172.2969300116876354     -0.0011502
     172.9014715017464425      0.0017406
     173.5060154286343561      0.0024861
     174.1105617922847841     -0.0034535
     174.7151105926976982     -0.0069551
     175.3196618299396903      0.0038233
     175.9242155040107605      0.0053279
     176.5287716149108803      0.0009156
     177.1333301626401067     -0.0009914
     177.7378911472649747      0.0005512
     178.3424545687188925     -0.0084957
     178.9470204270684519     -0.0029944
     179.5515887223802451     -0.0198490
     180.1561594545876801      0.0038627
     180.7607326236907284      0.0074979
     181.3653082298225740     -0.0093901
     181.9698862728500330     -0.0082648
     182.5744667529062895      0.0084432
     183.1790496699913433      0.0104783
     183.7836350239720105      0.0064555
     184.3882228150480387     -0.0001239
     184.9928130432193996     -0.0091615
     185.5974057083529374     -0.0053372
     186.2020008105818647      0.0035972
     186.8065983499726883      0.0095099
     187.4111983263257173     -0.0040750
     188.0158007399072346     -0.0042765
     188.6204055905840846     -0.0101125
     189.2250128783562673     -0.0002277
     189.8296226033569667     -0.0037687
     190.4342347655195340      0.0024607
     191.0388493647774624     -0.0085027
     191.6434664013304143     -0.0108316
     192.2480858751118831     -0.0104398
     192.8527077860552481      0.0091236
     193.4573321342936651      0.0010810
     194.0619589198271058     -0.0024230
     194.6665881425890348     -0.0045754
     195.2712198026459873      0.0102919
     195.8758538999980487      0.0053336
     196.4804904346451053      0.0030712
     197.0851294067203412      0.0059154
     197.6897708160906291      0.0039924
     198.2944146628225326     -0.0048797
     198.8990609469160518     -0.0035645
     199.5037096684377502     -0.0050015
     200.1083608273210359     -0.0101647
     200.7130144236990930     -0.0083536
     201.3176704575053293      0.0009037
     201.9223289286731813      0.0002829
     202.5269898374023398     -0.0138274
     203.1316531836262413      0.0022370
     203.7363189672783221     -0.0028873
     204.3409871884917379     -0.0076098
     204.9456578471998682      0.0031450
     205.5503309434693335     -0.0007886
     206.1550064773001338      0.0073827
     206.7596844486922123      0.0063355
     207.3643648576456258     -0.0066430
     207.9690477042269094     -0.0028301
     208.5737329884360634      0.0020404
     209.1784207102065523      0.0084141
     209.7831108697380671     -0.0003571
     210.3878034668308601     -0.0063834
     210.9924985016181438     -0.0057278
     211.5971959740998614     -0.0004733
     212.2018958843425764     -0.0029496
     212.8065982322131617     -0.0194556
     213.4113030179113935     -0.0088634
     214.0160102413040306     -0.0066569
     214.6207199023911016      0.0023026
     215.2254320013723543      0.0054140
     215.8301465381146045     -0.0011468
     216.4348635126178806      0.0014410
     217.0395829249487463     -0.0079607
     217.6443047751737652     -0.0186149
     218.2490290631597816     -0.0091900
     218.8537557891065433      0.0031718
     219.4584849529474297      0.0140533
     220.0632165545493422      0.0056811
     220.6679505941785351      0.0030619
     221.2726870717018812     -0.0046479
     221.8774259871193806     -0.0071044
     222.4821673405641604     -0.0014038
     223.0869111319696572      0.0048668
     223.6916573613358707     -0.0101369
     224.2964060286628012     -0.0086654
     224.9011571340836326     -0.0073871
     225.5059106774651241     -0.0036085
     226.1106666589404881     -0.0098041
     226.7154250784431326     -0.0112779
     227.3201859359730861     -0.0000191
     227.9249492316634189     -0.0078205
     228.5297149654475959      0.0055157
     229.1344831373256739      0.0083152
     229.7392537473641596     -0.0077260
     230.3440267954964895     -0.0059108
     230.9488022817892556      0.0164071
     231.5535802063089932      0.0083911
     232.1583605690556737     -0.0037083
     232.7631433698962837     -0.0065946
     233.3679286090304004      0.0003977
     233.9727162863915453     -0.0014328
     234.5775064019130696      0.0010437
     235.1822989557947494      0.0036911
     235.7870939479699643     -0.0091924
     236.3918913783721507     -0.0041928
     236.9966912471344642     -0.0003420
     237.6014935541903412      0.0063330
     238.2062982996063738      0.0008178
     238.8111054833159130     -0.0004759
     239.4159151055187351     -0.0067422
     240.0207271659485286      0.0094229
     240.6255416648716050     -0.0028156
     241.2303586022213153      0.0012087
     241.8351779779312096     -0.0079023
     242.4399997920677663     -0.0093553
     243.0448240447641695     -0.0024973
     243.6496507358206429     -0.0026219
     244.2544798654369913      0.0067204
     244.8593114335465657      0.0037305
     245.4641454400828593      0.0005156
     246.0689818852455062      0.0032970
     246.6738207689679996      0.0019574
     247.2786620911837474      0.0032886
     247.8835058519593133      0.0050232
     248.4883520514278246      0.0085102
     249.0932006893896187     -0.0080515
     249.6980517659777945     -0.0068441
     250.3029052812589157     -0.0044907
     250.9077612351664470     -0.0129721
     251.5126196277003601     -0.0060215
     252.1174804589938105     -0.0078734
     252.7223437288470791     -0.0080594
     253.3272094375264487      0.0129443
     253.9320775848321716      0.0056481
     254.5369481709640240      0.0129488
     255.1418211958553854      0.0158592
     255.7466966593731570     -0.0040724
     256.3515745617835933      0.0059484
     256.9564549030200737      0.0024607
     257.5613376829495564      0.0023410
     258.1662229018382391      0.0097639
     258.7711105594864875     -0.0002267
     259.3760006559608087      0.0048798
     259.9808931913277661     -0.0012869
     260.5857881656539803      0.0066082
     261.1906855787397035      0.0092102
     261.7955854308512471     -0.0030591
     262.4004877218554270     -0.0069486
     263.0053924518188637     -0.0138510
     263.6102996207414435     -0.0023495
     264.2152092286233938     -0.0085688
     264.8201212754644303      0.0077814
     265.4250357613313440      0.0005663
     266.0299526862240214      0.0094570
     266.6348720500758986     -0.0104788
     267.2397938530867805      0.0059502
     267.8447180950568054     -0.0079782
     268.4496447761192712      0.0024980
     269.0545738963406279      0.0059719
     269.6595054556543687      0.0107586
     270.2644394539938730      0.0155783
     270.8693758915588887      0.0231812
     271.4743147682828521      0.0134286
     272.0792560840991996     -0.0000231
     272.6841998391410016      0.0066764
     273.2891460334082581     -0.0091263
     273.8940946667678986     -0.0011981
     274.4990457394196142      0.0046280
     275.1039992513634616      0.0003906
     275.7089552024661430      0.0105380
     276.3139135928609562     -0.0001563
     276.9188744226144081     -0.0029535
     277.5238376915267509      0.0088005
     278.1288033998642959      0.0086702
     278.7337715474938591      0.0279357
     279.3387421344155541      0.0016990
     279.9437151607624514      0.0152125
     280.5486906264679305     -0.0029958
     281.1536685315320483      0.0060028
     281.7586488760213683     -0.0066689
     282.3636316599359475     -0.0144853
     282.9686168832091084     -0.0089072
     283.5736045459739785     -0.0107065
     284.1785946482307281     -0.0095386
     284.7835871899126232      0.0120212
     285.3885821710862842      0.0003883
     285.9935795918182748      0.0116308
     286.5985794519754677     -0.0041325
     287.2035817517575538     -0.0028542
     287.8085864910314058     -0.0024681
     288.4135936698635874     -0.0042776
     289.0186032883207190     -0.0002618
     289.6236153463361802      0.0073017
     290.2286298439098573      0.0097903
     290.8336467811751049      0.0070730
     291.4386661580652458      0.0054219
     292.0436879745802798     -0.0014031
     292.6487122307867708     -0.0121523
     293.2537389266847185     -0.0077827
     293.8587680622076164      0.0080142
     294.4637996374884779      0.0011388
     295.0688336525274167     -0.0017714
     295.6738701072578692      0.0017361
     296.2789090017462854      0.0106866
     296.8839503360593426     -0.0011863
     297.4889941100637998      0.0084698
     298.0940403238929548     -0.0010247
     298.6990889776132576      0.0073637
     299.3041400710250173      0.0005464
     299.9091936043944315     -0.0052345
     300.5142495775886005     -0.0012695
     301.1193079906072398      0.0168524
     301.7243688435837043      0.0106646
     302.3294321364513166      0.0045546
     302.9344978691435131      0.0091718
     303.5395660418599846      0.0046702
     304.1446366545342244      0.0072195
     304.7497097070996688      0.0086445
     305.3547851996893314     -0.0034154
     305.9598631322368192      0.0044920
     306.5649435048085820     -0.0008431
     307.1700263174046199      0.0121130
     307.7751115700249898     -0.0036908
     308.3801992626696347     -0.0187268
     308.9852893954717956     -0.0018356
     309.5903819682981748     -0.0000219
     310.1954769811488859     -0.0089104
     310.8005744341570562     -0.0085352
     311.4056743273226857      0.0096054
     312.0107766605791539     -0.0164808
     312.6158814339930814     -0.0078544
     313.2209886476309748     -0.0004431
     313.8260983013597638      0.0090863
     314.4312103953790825      0.0008884
     315.0363249295558603     -0.0021340
     315.6414419039567179     -0.0043110
     316.2465613186481050     -0.0003977
     316.8516831735634582      0.0054863
     317.4568074687028343      0.0007985
     318.0619342041994173      0.0012460
     318.6670633799865300     -0.0012962
     319.2721949959976087      0.0027442
     319.8773290524324580     -0.0102846
     320.4824655492244005     -0.0031905
     321.0876044862403660     -0.0096268
     321.6927458637465520     -0.0021775
     322.2978896816765086      0.0140045
     322.9030359398970518      0.0021092
     323.5081846386078155     -0.0057991
     324.1133357777424067      0.0016168
     324.7184893573005411     -0.0009662
     325.3236453773490666      0.0090795
     325.9288038378878127     -0.0038160
     326.5339647388503295     -0.0042219
     327.1391280803696304     -0.0019838
     327.7442938624458293     -0.0044506
     328.3494620850122487     -0.0152870
     328.9546327481355092     -0.0056176
     329.5598058518156108     -0.0045729
     330.1649813960525535      0.0107130
     330.7701593809129577     -0.0006866
     331.3753398064633302      0.0012879
     331.9805226725039802     -0.0012699
     332.5857079792345985      0.0068994
     333.1908957266551283     -0.0002559
     333.7960859146991197      0.0053920
     334.4012785434331363      0.0053921
     335.0064736129235712     -0.0043836
     335.6116711230375245     -0.0173558
     336.2168710739080097     -0.0129315
     336.8220734656015907     -0.0060254
     337.4272782979185763     -0.0000853
     338.0324855711252212      0.0054876
     338.6376952850884550      0.0019977
     339.2429074397416571      0.0025587
     339.8481220353510821      0.0022763
     340.4533390717836596      0.0036123
     341.0585585489727123     -0.0093736
     341.6637804671181016      0.0001148
     342.2690048260865296     -0.0083993
     342.8742316259446739      0.0098530
     343.4794608666924773      0.0049216
     344.0846925483965038      0.0049605
     344.6899266709902463      0.0051459
     345.2951632346067754      0.0128003
     345.9004022391130775     -0.0065439
     346.5056436846421093     -0.0007196
     347.1108875711939277      0.0000002
     347.7161338986355190     -0.0071855
     348.3213826672329674     -0.0097200
     348.9266338768532592     -0.0053737
     349.5318875274297739     -0.0060133
     350.1371436191623161      0.0053848
     350.7424021519841517     -0.0204767
     351.3476631258288876     -0.0008767
     351.9529265408295373     -0.0100887
     352.5581923969861009     -0.0039294
     353.1634606942320715     -0.0009780
     353.7687314326340129     -0.0192896
     354.3740046122583749     -0.0083248
     354.9792802329722576     -0.0039168
     355.5845582949751247     -0.0112157
     356.1898387982005261      0.0007241
     356.7951217425818982     -0.0087835
     357.4004071282523114      0.0103473
     358.0056949552118795     -0.0018555
     358.6109852233938682      0.0110761
     359.2162779329316322     -0.0017229
     359.8215730836918169     -0.0076546
     360.4268706758077201     -0.0109691
     361.0321707092791712     -0.0095744
     361.6374731841063408     -0.0092343
     362.2427781002226084      0.0012214
     362.8480854577611012      0.0052493
     363.4533952567217057     -0.0152988
     364.0587074970380854     -0.0139216
     364.6640221787766336      0.0115264
     365.2693393020039139      0.0000852
     365.8746588666534763      0.0006636
     366.4799808727917707     -0.0046589
     367.0853053203523473      0.0044859
     367.6906322094017128     -0.0022353
     368.2959615400729945     -0.0060749
     368.9012933122330082      0.0031612
     369.5066275258152473      0.0016123
     370.1119641810859662     -0.0090603
     370.7173032779120945     -0.0090355
     371.3226448162269548     -0.0055102
     371.9279887962303519     -0.0165674
     372.5333352178556652     -0.0020471
     373.1386840810362742      0.0066840
     373.7440353859054198     -0.0058463
     374.3493891324630454     -0.0012344
     374.9547453206425303     -0.0004901
     375.5601039505105518      0.0027998
     376.1654650221336738     -0.0092475
     376.7708285353785982     -0.0069119
     377.3761944904452434     -0.0016785
     377.9815628872669322     -0.0033898
     378.5869337257771008      0.0058609
     379.1923070061088765      0.0026629
     379.7976827282622594     -0.0036699
     380.4030608921041789     -0.0096082
     381.0084414979008329      0.0103609
     381.6138245455190940      0.0033652
     382.2192100348923987     -0.0056191
     382.8245979662204377     -0.0111789
     383.4299883393701407     -0.0038390
     384.0353811544080145     -0.0065683
     384.6407764114006227     -0.0218905
     385.2461741103480222     -0.0048074
     385.8515742511170856     -0.0041589
     386.4569768339740108     -0.0013166
     387.0623818587191067      0.0121447
     387.6677893254855576     -0.0061423
     388.2731992342066860      0.0076484
     388.8786115850157330     -0.0049301
     389.4840263777795712      0.0011585
     390.0894436126312712      0.0069450
     390.6948632895043261     -0.0035478
     391.3002854084652427      0.0030615
     391.9057099695140778      0.0121475
     392.5111369726507746      0.0040259
     393.1165664178753332      0.0137686
     393.7219983053209944      0.0114376
     394.3274326348545173      0.0075829
     394.9328694065425225      0.0040441
     395.5383086204514598     -0.0030958
     396.1437502765149361      0.0097922
     396.7491943747994583     -0.0141840
     397.3546409153049694     -0.0099989
     397.9600898980314128     -0.0079309
     398.5655413229790156     -0.0068963
     399.1709951902141711     -0.0138884
     399.7764514998034429      0.0070354
     400.3819102515472537      0.0093988
     400.9873714457117444      0.0022038
     401.5928350821637878     -0.0089981
     402.1983011609034975     -0.0063182
     402.8037696820638871     -0.0003229
     403.4092406455785067     -0.0008653
     404.0147140514472426     -0.0033137
     404.6201898997366584     -0.0084685
     405.2256681904468678      0.0036082
     405.8311489235777572     -0.0053634
     406.4366320991293833     -0.0157520
     407.0421177171683098      0.0004832
     407.6476057776279731     -0.0146098
     408.2530962806415005     -0.0043825
     408.8585892261422714      0.0190859
     409.4640846141303996      0.0214236
     410.0695824446723350      0.0082694
     410.6750827177681913     -0.0149410
     411.2805854333513480     -0.0076546
     411.8860905915548756     -0.0121252
     412.4915981923788877     -0.0203702
     413.0971082357567070     -0.0113970
     413.7026207218215745      0.0016616
     414.3081356504402493      0.0081558
     414.9136530217459722     -0.0031875
     415.5191728357386296     -0.0113330
     416.1246950923517716     -0.0121514
     416.7302197916519049     -0.0078506
     417.3357469337055932     -0.0021068
     417.9412765185128364     -0.0101643
     418.5468085460070142     -0.0003432
     419.1523430162548038     -0.0149650
     419.7578799293228258     -0.0121976
     420.3634192850777254      0.0013382
     420.9689610837193641     -0.0096945
     421.5745053251146146     -0.0048216
     422.1800520093298701      0.0097608
     422.7856011364319215      0.0015044
     423.3911527063540348      0.0012860
     423.9967067191629440     -0.0161647
     424.6022631748584786      0.0054250
     425.2078220734406955     -0.0013476
     425.8133834149096515     -0.0013550
     426.4189471993319103      0.0031530
     427.0245134267739218     -0.0010975
     427.6300820970361087     -0.0030660
     428.2356532103847258     -0.0016290
     428.8412267666865318      0.0026978
     429.4468027659416407      0.0072635
     430.0523812082831228     -0.0026008
     430.6579620936444712     -0.0029761
     431.2635454220256861      0.0006320
     431.8691311934932742      0.0114513
     432.4747194080472354      0.0025052
     433.0803100656875699      0.0025509
     433.6859031664143345      0.0083871
     434.2914987102941495      0.0182148
     434.8970966972602810      0.0166651
     435.5026971274459697      0.0119707
     436.1083000007845953      0.0115260
     436.7139053172095942      0.0017691
     437.3195130769207708     -0.0034601
     437.9251232798514479     -0.0091100
     438.5307359259351188      0.0063052
     439.1363510153048537      0.0045156
     439.7419685478941460      0.0044989
     440.3475885238361229      0.0013293
     440.9532109429976003     -0.0008548
     441.5588358054451419      0.0035919
     442.1644631112454249      0.0078617
     442.7700928603983357     -0.0047255
     443.3757250527708038     -0.0050576
     443.9813596886290838      0.0039910
     444.5869967678400485      0.0040033
     445.1926362904035841     -0.0078195
     445.7982782563864816      0.0036092
     446.4039226657885706     -0.0014667
     447.0095695185432874     -0.0005514
     447.6152188148504365      0.0162685
     448.2208705546433407      0.0113532
     448.8265247377889295      0.0009167
     449.4321813645534576      0.0010081
     450.0378404347372907      0.0096281
     450.6435019484733857      0.0162148
     451.2491659057618563      0.0112163
     451.8548323065361956      0.0009416
     452.4605011509294741     -0.0069154
     453.0661724388750713      0.0023454
     453.6718461704396645      0.0035722
     454.2775223456231970      0.0041483
     454.8832009644255550     -0.0048943
     455.4888820268469658     -0.0031030
     456.0945655328873158     -0.0004743
     456.7002514826796755      0.0004851
     457.3059398760910312      0.0096459
     457.9116307131878330     -0.0009538
     458.5173239941033216     -0.0078838
     459.1230197187042563      0.0008286
     459.7287178869908075      0.0006067
     460.3344184990293684      0.0081464
     460.9401215548865025      0.0075715
     461.5458270544958168      0.0022403
     462.1515349979903249     -0.0021971
     462.7572453852368426      0.0045113
     463.3629582163020473      0.0030764
     463.9686734912524457     -0.0094112
     464.5743912100215312      0.0054388
     465.1801113726757535      0.0046052
     465.7858339792151696      0.0080246
     466.3915590297064000      0.0006883
     466.9972865240828810     -0.0033758
     467.6030164624111194      0.0003951
     468.2087488446910584     -0.0096500
     468.8144836708563048      0.0014875
     469.4202209411063791      0.0016655
     470.0259606553082676      0.0209719
     470.6317028135284772      0.0136981
     471.2374474157670647     -0.0095262
     471.8431944620904801      0.0004519
     472.4489439523657666     -0.0094895
     473.0546958867925014      0.0016105
     473.6604502652376141     -0.0000961
     474.2662070878341183      0.0009797
     474.8719663545155640      0.0054863
     475.4777280653485150      0.0199825
     476.0834922202663506      0.0033988
     476.6892588194022551      0.0005177
     477.2950278626895511      0.0048705
     477.9007993501284659      0.0038801
     478.5065732818518995      0.0074708
     479.1123496577268384      0.0103852
     479.7181284778197892      0.0098575
     480.3239097421973725     -0.0013875
     480.9296934508595882     -0.0084040
     481.5354796037398160     -0.0016645
     482.1412682009046762     -0.0016745
     482.7470592424207325      0.0051772
     483.3528527282213076      0.0016991
     483.9586486583731357      0.0041426
     484.5644470329427236     -0.0042706
     485.1702478517303234     -0.0083394
     485.7760511150022467     -0.0048944
     486.3818568226253660     -0.0141017
     486.9876649746661883      0.0031717
     487.5934755711248272     -0.0037244
     488.1992886120676758      0.0015917
     488.8051040973617773      0.0112221
