Scan:     20           MRK352 2015-10-21 +02 00 43.0
         OPTICAL                 Tb    
        km/s-LSR                 XX
    -522.5223648554452893     -0.0003561
    -521.9206184098987933      0.0038750
    -521.3188695444645191     -0.0063195
    -520.7171182591758907     -0.0190057
    -520.1153645538997807     -0.0190237
    -519.5136084287025824     -0.0209893
    -518.9118498836510298     -0.0121090
    -518.3100889185453752      0.0018944
    -517.7083255334854357     -0.0032803
    -517.1065597284712112     -0.0081275
    -516.5047915034360813     -0.0038802
    -515.9030208583469630      0.0012122
    -515.3012477933035598      0.0067674
    -514.6994723081393204     -0.0038944
    -514.0976944029210927     -0.0092335
    -513.4959140777153834      0.0061432
    -512.8941313323223312     -0.0012943
    -512.2923461668418668      0.0068448
    -511.6905585813074140     -0.0050449
    -511.0887685755523080     -0.0206049
    -510.4869761496765364     -0.0036845
    -509.8851813036800991      0.0051947
    -509.2833840374631791     -0.0089022
    -508.6815843510589161      0.0040510
    -508.0797822444674807     -0.0070116
    -507.4779777176221955     -0.0076449
    -506.8761707705563708      0.0025170
    -506.2743614032700634     -0.0014024
    -505.6725496156632857     -0.0116103
    -505.0707354078027151     -0.0076609
    -504.4689187796883516     -0.0039208
    -503.8670997311870678     -0.0206091
    -503.2652782623986241      0.0042077
    -502.6634543733230771     -0.0126040
    -502.0616280638273565     -0.0240525
    -501.4597993339446020     -0.0149734
    -500.8579681837748012     -0.0112561
    -500.2561346131182063     -0.0026252
    -499.6542986220746343     -0.0164606
    -499.0524602106441421     -0.0216672
    -498.4506193787267989     -0.0081241
    -497.8487761263559719     -0.0071940
    -497.2469304535649144     -0.0043495
    -496.6450823602537525      0.0120961
    -496.0432318464224863     -0.0111880
    -495.4413789121376794     -0.0067101
    -494.8395235572662614     -0.0176175
    -494.2376657818414856     -0.0150066
    -493.6358055859299725      0.0027092
    -493.0339429693984243     -0.0060417
    -492.4320779322802082     -0.0015045
    -491.8302104746086911     -0.0228378
    -491.2283405962506322     -0.0080442
    -490.6264682973059053     -0.0084740
    -490.0245935777413138     -0.0177762
    -489.4227164374568133     -0.0031412
    -488.8208368764858847      0.0064497
    -488.2189548949283449      0.0106329
    -487.6170704925843893     -0.0091629
    -487.0151836695206384     -0.0071741
    -486.4132944257704025      0.0153358
    -485.8114027612338077     -0.0038600
    -485.2095086759441074     -0.0055680
    -484.6076121699014152      0.0052459
    -484.0057132430390539      0.0079669
    -483.4038118953570233      0.0012393
    -482.8019081269219441     -0.0044263
    -482.2000019376006890     -0.0182547
    -481.5980933274263975      0.0005235
    -480.9961822964325506     -0.0116832
    -480.3942688444859073     -0.0022272
    -479.7923529716863982      0.0028119
    -479.1904346780339097     -0.0111981
    -478.5885139633620611     -0.0104253
    -477.9865908278040934     -0.0023470
    -477.3846652713265826      0.0045714
    -476.7827372938297117      0.0100142
    -476.1808068953468478      0.0144935
    -475.5788740759111306     -0.0083149
    -474.9769388354228568      0.0032538
    -474.3750011739152228     -0.0108971
    -473.7730610914215390     -0.0095400
    -473.1711185878086212     -0.0091355
    -472.5691736631430899     -0.0147551
    -471.9672263174581985     -0.0044245
    -471.3652765505876232     -0.0148580
    -470.7633243626310673     -0.0101475
    -470.1613697535886445      0.0125119
    -469.5594127233604809      0.0156370
    -468.9574532719797730     -0.0074850
    -468.3554913994798881     -0.0169284
    -467.7535271057277555     -0.0003939
    -467.1515603907897685      0.0038964
    -466.5495912546660975     -0.0041791
    -465.9476196972900652      0.0062954
    -465.3456457186616717      0.0262625
    -464.7436693188142840      0.0046696
    -464.1416904976479714     -0.0077472
    -463.5397092551961009      0.0140299
    -462.9377255914918692     -0.0023805
    -462.3357395064354591      0.0076597
    -461.7337510000934344      0.0062345
    -461.1317600723326109      0.0030139
    -460.5297667232530330      0.0081242
    -459.9277709528211631     -0.0037974
    -459.3257727609372978      0.0039701
    -458.7237721476680008      0.0127265
    -458.1217691130131584     -0.0083745
    -457.5197636569063775     -0.0141351
    -456.9177557793142341      0.0025408
    -456.3157454803366591      0.0031933
    -455.7137327598072147     -0.0149706
    -455.1117176177924080     -0.0097575
    -454.5097000543256058      0.0027258
    -453.9076800693069345      0.0142241
    -453.3056576627363938      0.0072636
    -452.7036328346471805     -0.0005205
    -452.1016055849729014     -0.0023094
    -451.4995759137134428     -0.0000040
    -450.8975438209020581     -0.0116198
    -450.2955093064056769     -0.0105662
    -449.6934723703241161     -0.0007125
    -449.0914330126574328     -0.0131028
    -448.4893912332724426      0.0009545
    -447.8873470322023991      0.0051017
    -447.2853004095139227      0.0155379
    -446.6832513650738861      0.0086151
    -446.0811998989488529      0.0019133
    -445.4791460111388233      0.0012439
    -444.8770897015105561     -0.0054754
    -444.2750309701640390      0.0047589
    -443.6729698170659049      0.0028423
    -443.0709062421497038      0.0015512
    -442.4688402454485754      0.0055039
    -441.8667718269625766     -0.0156727
    -441.2647009865919472     -0.0180122
    -440.6626277244030803      0.0104746
    -440.0605520403960895      0.0134451
    -439.4584739344711011      0.0175801
    -438.8563934066281149      0.0112903
    -438.2543104569670049     -0.0097637
    -437.6522250853545870     -0.0025302
    -437.0501372917908611      0.0090167
    -436.4480470763091375      0.0039462
    -435.8459544388429094     -0.0050262
    -435.2438593793920631      0.0093570
    -434.6417618980232760     -0.0133352
    -434.0396619946033070      0.0014966
    -433.4375596691321562      0.0193037
    -432.8354549217097542     -0.0065188
    -432.2333477521697205      0.0019496
    -431.6312381605784481      0.0078226
    -431.0291261469361643     -0.0081229
    -430.4270117111760783     -0.0015132
    -429.8248948533316138      0.0168111
    -429.2227755733694039      0.0016665
    -428.6206538712562519      0.0116907
    -428.0185297469921011      0.0085634
    -427.4164032006103184      0.0074536
    -426.8142742319776062     -0.0047818
    -426.2121428411606416     -0.0005244
    -425.6100090281927351     -0.0001923
    -425.0078727929406455      0.0031041
    -424.4057341354710502     -0.0050287
    -423.8035930557838924      0.0063793
    -423.2014495538126084     -0.0165668
    -422.5993036295239449     -0.0068687
    -421.9971552829844086      0.0053629
    -421.3950045141274927     -0.0010037
    -420.7928513229198870      0.0049593
    -420.1906957093948449      0.0115090
    -419.5885376735192267      0.0023662
    -418.9863772152262413      0.0126274
    -418.3842143346159332     -0.0048375
    -417.7820490315883148      0.0132661
    -417.1798813061101328      0.0096304
    -416.5777111582480075     -0.0175678
    -415.9755385879353753     -0.0109048
    -415.3733635951388692     -0.0042414
    -414.7711861799251665      0.0024537
    -414.1690063421610262      0.0100457
    -413.5668240819131256     -0.0054634
    -412.9646393992146614     -0.0148565
    -412.3624522938991959     -0.0059740
    -411.7602627660667167     -0.0179792
    -411.1580708157170534     -0.0028816
    -410.5558764427504457     -0.0055057
    -409.9536796472001470      0.0056069
    -409.3514804290995244      0.0044286
    -408.7492787883152801      0.0035161
    -408.1470747248808948     -0.0096481
    -407.5448682388960719     -0.0211443
    -406.9426593301611774      0.0152826
    -406.3404479987760283      0.0147013
    -405.7382342447406813     -0.0154166
    -405.1360180679552059     -0.0037195
    -404.5337994684529122      0.0134588
    -403.9315784462338002      0.0107515
    -403.3293550012646733      0.0114956
    -402.7271291334788543     -0.0045738
    -402.1249008430094705     -0.0015218
    -401.5226701296901979      0.0081824
    -400.9204369935542331      0.0184434
    -400.3182014346349433      0.0082267
    -399.7159634528322840      0.0003219
    -399.1137230482131031     -0.0161475
    -398.5114802207439766     -0.0016422
    -397.9092349703583409      0.0061378
    -397.3069872970561391      0.0005781
    -396.7047372009039918      0.0041026
    -396.1024846818020819     -0.0018249
    -395.5002297397171560      0.0023807
    -394.8979723747489174     -0.0156506
    -394.2957125867976629     -0.0243150
    -393.6934503758300252      0.0006554
    -393.0911857419125681     -0.0106304
    -392.4889186849454745     -0.0155408
    -391.8866492049288013     -0.0047004
    -391.2843773019289415      0.0062698
    -390.6821029758461918      0.0052551
    -390.0798262266806091      0.0059528
    -389.4775470544652762      0.0310558
    -388.8752654591004898      0.0188741
    -388.2729814406527566     -0.0003239
    -387.6706949990888234      0.0076375
    -387.0684061343421263      0.0022193
    -386.4661148464459188     -0.0116340
    -385.8638211354335112      0.0132003
    -385.2615250011717194      0.0012235
    -384.6592264436939104      0.0075854
    -384.0569254630665910     -0.0029984
    -383.4546220591566907      0.0012649
    -382.8523162319974062     -0.0080750
    -382.2500079816220477     -0.0039530
    -381.6476973079307982     -0.0066763
    -381.0453842109569109      0.0042633
    -380.4430686907336394      0.0126898
    -379.8407507471279132      0.0046522
    -379.2384303801730425      0.0142339
    -378.6361075899354773     -0.0057217
    -378.0337823762822040      0.0103212
    -377.4314547392464192      0.0124228
    -376.8291246788614330      0.0068387
    -376.2267921950606819      0.0086242
    -375.6244572878108556      0.0046555
    -375.0221199571453212      0.0044355
    -374.4197802030307116      0.0064746
    -373.8174380254005200      0.0100054
    -373.2150934243878169     -0.0022021
    -372.6127463997929681      0.0024109
    -372.0103969517157338     -0.0050596
    -371.4080450801561710     -0.0108948
    -370.8056907850144626     -0.0143961
    -370.2033340662906085      0.0006177
    -369.6009749240843121     -0.0069436
    -368.9986133582293633      0.0011046
    -368.3962493687588449      0.0032982
    -367.7938829557728013      0.0082426
    -367.1915141190714280     -0.0022806
    -366.5891428587545988      0.0003351
    -365.9867691747890035      0.0180765
    -365.3843930671413318      0.0129996
    -364.7820145358117543     -0.0033386
    -364.1796335808000435     -0.0133597
    -363.5772502020730030     -0.0016318
    -362.9748643995641260     -0.0038263
    -362.3724761734064828      0.0031866
    -361.7700855234003825      0.0113477
    -361.1676924497122627      0.0069123
    -360.5652969521756859      0.0185256
    -359.9628990308239622     -0.0085464
    -359.3604986856902883     -0.0160380
    -358.7580959167082142     -0.0183165
    -358.1556907238776830     -0.0230663
    -357.5532831071986948     -0.0058592
    -356.9508730666379961     -0.0047703
    -356.3484606021622767     -0.0100476
    -355.7460457138381003     -0.0110000
    -355.1436284015655929      0.0043310
    -354.5412086653448114      0.0048322
    -353.9387865052090092     -0.0023918
    -353.3363619210916227      0.0099686
    -352.7339349129926518     -0.0004843
    -352.1315054809120397     -0.0025524
    -351.5290736248165899     -0.0119389
    -350.9266393446730490     -0.0052890
    -350.3242026405811771     -0.0075578
    -349.7217635123412265     -0.0053061
    -349.1193219600532416     -0.0081265
    -348.5168779837503052     -0.0116691
    -347.9144315832994039      0.0084168
    -347.3119827587337340     -0.0051931
    -346.7095315100866628      0.0036840
    -346.1070778372583163     -0.0012685
    -345.5046217402819480     -0.0117686
    -344.9021632191908679      0.0004153
    -344.2997022738518922      0.0043398
    -343.6972389043316980     -0.0072890
    -343.0947731106301717     -0.0143009
    -342.4923048926808065     -0.0042281
    -341.8898342504502921      0.0022723
    -341.2873611840385024      0.0031675
    -340.6848856933122534     -0.0003649
    -340.0824077783049688      0.0157251
    -339.4799274390496748      0.0092301
    -338.8774446754135283      0.0163925
    -338.2749594874296122      0.0041726
    -337.6724718751978571     -0.0050679
    -337.0699818385185154      0.0057638
    -336.4674893774915176     -0.0130096
    -335.8649944921168071     -0.0183709
    -335.2624971822945099     -0.0116145
    -334.6599974480579363     -0.0010007
    -334.0574952894403964     -0.0012931
    -333.4549907063419596     -0.0015460
    -332.8524836987627964      0.0031563
    -332.2499742667692431     -0.0056420
    -331.6474624102283428     -0.0231909
    -331.0449481291732923      0.0016620
    -330.4424314236707119      0.0183851
    -329.8399122935874743     -0.0014816
    -329.2373907389234660      0.0152201
    -328.6348667597786175      0.0092737
    -328.0323403559865483      0.0092284
    -327.4298115276138219     -0.0077100
    -326.8272802746936350     -0.0033401
    -326.2247465970596636      0.0090002
    -325.6222104948449214     -0.0000772
    -325.0196719679830153     -0.0179579
    -324.4171310164405213      0.0055052
    -323.8145876402174963      0.0165088
    -323.2120418393139403     -0.0001901
    -322.6094936136965430     -0.0030777
    -322.0069429633319942      0.0035465
    -321.4043898882537178      0.0045479
    -320.8018343884282331      0.0182866
    -320.1992764637890900      0.0072408
    -319.5967161144361626      0.0166870
    -318.9941533402362666     -0.0035304
    -318.3915881412226554      0.0019507
    -317.7890205174286962     -0.0005834
    -317.1864504687544581      0.0001147
    -316.5838779952333084      0.0071703
    -315.9813030968651333     -0.0047326
    -315.3787257735834828      0.0077159
    -314.7761460253882433     -0.0006822
    -314.1735638523461489      0.0083762
    -313.5709792542905916      0.0114185
    -312.9683922313215589      0.0032536
    -312.3658027834389372     -0.0069941
    -311.7632109105429663      0.0109362
    -311.1606166126336461      0.0042121
    -310.5580198898106801      0.0203018
    -309.9554207418746046      0.0020835
    -309.3528191689584332     -0.0034343
    -308.7502151709955456      0.0042878
    -308.1476087479527450     -0.0017961
    -307.5449998998299748      0.0209194
    -306.9423886266605450      0.0060474
    -306.3397749283446387     -0.0019486
    -305.7371588049155093      0.0096422
    -305.1345402564063534      0.0183665
    -304.5319192826841572     -0.0033268
    -303.9292958837822312     -0.0038478
    -303.3266700598002785     -0.0051032
    -302.7240418105386652     -0.0020280
    -302.1214111360640118      0.0160501
    -301.5187780364428818      0.0017137
    -300.9161425115420343     -0.0016643
    -300.3135045613615830     -0.0042898
    -299.7108641859680347     -0.0075499
    -299.1082213852615155     -0.0167136
    -298.5055761592753925     -0.0063554
    -297.9029285080096656      0.0099153
    -297.3002784313643474      0.0068970
    -296.6976259293728617      0.0175567
    -296.0949710021017154      0.0032243
    -295.4923136494177811     -0.0134207
    -294.8896538713210589     -0.0036904
    -294.2869916678781692      0.0001997
    -293.6843270389891813     -0.0023362
    -293.0816599846874055      0.0021687
    -292.4789905049728418      0.0185854
    -291.8763185997789833      0.0017017
    -291.2736442690724630     -0.0054925
    -290.6709675129530979     -0.0017444
    -290.0682883312878744      0.0006905
    -289.4656067241100459     -0.0010532
    -288.8629226914528090     -0.0091155
    -288.2602362331831500     -0.0044989
    -287.6575473494007724     -0.0052167
    -287.0548560400392262      0.0028381
    -286.4521623050652011     -0.0046341
    -285.8494661445120073     -0.0003378
    -285.2467675583462778      0.0002075
    -284.6440665465348161      0.0045943
    -284.0413631090775652     -0.0070236
    -283.4386572459745821     -0.0145833
    -282.8359489571924996      0.0019285
    -282.2332382426980644      0.0044608
    -281.6305251025246434     -0.0139665
    -281.0278095366056164     -0.0192450
    -280.4250915449741797     -0.0244228
    -279.8223711275971937     -0.0115171
    -279.2196482844412913     -0.0115338
    -278.6169230155064156     -0.0048317
    -278.0141953208259906      0.0086316
    -277.4114652002667754     -0.0000393
    -276.8087326538953903     -0.0011186
    -276.2059976817450888      0.0134600
    -275.6032602837160539      0.0085109
    -275.0005204597749753      0.0121208
    -274.3977782100217269     -0.0019665
    -273.7950335343563779      0.0140765
    -273.1922864327457887     -0.0031967
    -272.5895369052564092      0.0026015
    -271.9867849517884224     -0.0124446
    -271.3840305723750816     -0.0133731
    -270.7812737670497540      0.0041622
    -270.1785145356793123      0.0124824
    -269.5757528782968961      0.0031128
    -268.9729887949691829      0.0068912
    -268.3702222855629884     -0.0014205
    -267.7674533501116798     -0.0070525
    -267.1646819886484536      0.0064348
    -266.5619082010734360     -0.0038014
    -265.9591319874200508     -0.0147972
    -265.3563533477213809     -0.0042288
    -264.7535722818445265      0.0047603
    -264.1507887898225704     -0.0114248
    -263.5480028717221330     -0.0064483
    -262.9452145274434542      0.0000026
    -262.3424237569532238     -0.0115925
    -261.7396305603178916     -0.0053193
    -261.1368349374710078      0.0025096
    -260.5340368884125155     -0.0031940
    -259.9312364131091613     -0.0079468
    -259.3284335115276349      0.0112514
    -258.7256281837678102      0.0126224
    -258.1228204296632498      0.0059039
    -257.5200102492472638      0.0114040
    -256.9171976426196693      0.0045935
    -256.3143826095808322     -0.0212539
    -255.7115651502305127     -0.0072312
    -255.1087452645687677     -0.0091636
    -254.5059229525290050      0.0045001
    -253.9030982140779429      0.0043597
    -253.3002710492821734      0.0077523
    -252.6974414580418227     -0.0019547
    -252.0946094403568907      0.0250994
    -251.4917749963272229     -0.0155657
    -250.8889381257531568     -0.0174691
    -250.2860988287345094      0.0051436
    -249.6832571052712808     -0.0053317
    -249.0804129552969073     -0.0102728
    -248.4775663787780786      0.0082796
    -247.8747173757814437     -0.0008987
    -247.2718659462070434     -0.0033115
    -246.6690120900882732      0.0124857
    -246.0661558074583297      0.0124297
    -245.4632970981508322      0.0089946
    -244.8604359622988795      0.0160574
    -244.2575723998359649     -0.0056521
    -243.6547064107287781      0.0011703
    -243.0518379949773191     -0.0136129
    -242.4489671526148129      0.0041445
    -241.8460938835082459      0.0132782
    -241.2432181877240680     -0.0106471
    -240.6403400653289282     -0.0020317
    -240.0374595161230502      0.0028217
    -239.4345765402063932     -0.0034822
    -238.8316911375788436     -0.0110311
    -238.2288033081738661      0.0000997
    -237.6259130519582357      0.0118347
    -237.0230203690317410      0.0112897
    -236.4201252592280014      0.0102010
    -235.8172277226468054     -0.0025104
    -235.2143277592549566     -0.0149718
    -234.6114253689525242     -0.0096118
    -234.0085205518061571      0.0157531
    -233.4056133078157984      0.0077142
    -232.8027036369148561     -0.0066486
    -232.1997915390701337     -0.0089483
    -231.5968770143813913     -0.0068804
    -230.9939600627155869      0.0050295
    -230.3910406840726068     -0.0050804
    -229.7881188785524103     -0.0114977
    -229.1851946459552209      0.0003592
    -228.5822679864141946     -0.0021924
    -227.9793388998960779     -0.0022764
    -227.3764073862677151     -0.0191182
    -226.7734734456622050     -0.0084379
    -226.1705370780130693      0.0174374
    -225.5675982832536306     -0.0015215
    -224.9646570614172276     -0.0153752
    -224.3617134125371706     -0.0119054
    -223.7587673364803322     -0.0022123
    -223.1558188333131909      0.0127624
    -222.5528679030690853     -0.0148950
    -221.9499145456148881     -0.0081705
    -221.3469587609838811     -0.0163435
    -220.7440005492093462      0.0029892
    -220.1410399101914095      0.0060468
    -219.5380768439633812      0.0229539
    -218.9351113505585431      0.0031291
    -218.3321434298437680      0.0157356
    -217.7291730818855910     -0.0068472
    -217.1262003067173225      0.0020723
    -216.5232251041725533      0.0235491
    -215.9202474743843538      0.0106013
    -215.3172674172862457     -0.0198853
    -214.7142849328116085      0.0083364
    -214.1113000209937240      0.0184469
    -213.5083126818991843      0.0104744
    -212.9053229153282700     -0.0031154
    -212.3023307214141369     -0.0044762
    -211.6993361001234462      0.0137288
    -211.0963390513564093      0.0050794
    -210.4933395751463081     -0.0035182
    -209.8903376715596778      0.0054403
    -209.2873333404633627      0.0017779
    -208.6843265818907298      0.0001226
    -208.0813173958750042     -0.0123831
    -207.4783057822830301     -0.0173689
    -206.8752917411813996      0.0052777
    -206.2722752726034514     -0.0096836
    -205.6692563764159161      0.0039995
    -205.0662350526522459      0.0176415
    -204.4632113013788626     -0.0011601
    -203.8601851224294421      0.0078786
    -203.2571565159038016      0.0037275
    -202.6541254818019127     -0.0063992
    -202.0510920199907332     -0.0004344
    -201.4480561305367132     -0.0146935
    -200.8450178134731914      0.0024990
    -200.2419770686670404      0.0015194
    -199.6389338961515421      0.0036921
    -199.0358882959932316      0.0085649
    -198.4328402680590102     -0.0106758
    -197.8297898123821881     -0.0157718
    -197.2267369289959902     -0.0040841
    -196.6236816178005711      0.0162126
    -196.0206238787959308      0.0021202
    -195.4175637120486897      0.0081995
    -194.8145011174589740      0.0047850
    -194.2114360950267269     -0.0071083
    -193.6083686447852870     -0.0177006
    -193.0052987666348088     -0.0130820
    -192.4022264606418275     -0.0210371
    -191.7991517267730615     -0.0152187
    -191.1960745649952571      0.0052391
    -190.5929949752751043      0.0067802
    -189.9899129576458847      0.0186929
    -189.3868285120743735      0.0074575
    -188.7837416384938933      0.0004805
    -188.1806523370044033     -0.0144727
    -187.5775606075060011     -0.0005292
    -186.9744664499653766     -0.0000172
    -186.3713698644491501     -0.0031339
    -185.7682708508907297     -0.0130542
    -185.1651694092568334     -0.0037249
    -184.5620655396139966      0.0004391
    -183.9589592418291772     -0.0022054
    -183.3558505159688536     -0.0082100
    -182.7527393620330542      0.0119881
    -182.1496257799219336     -0.0143433
    -181.5465097697020553     -0.0083992
    -180.9433913313401661     -0.0195220
    -180.3402704648029271     -0.0109465
    -179.7371471700570567      0.0084240
    -179.1340214471691468      0.0015372
    -178.5308932960393804     -0.0045941
    -177.9277627166677007     -0.0030568
    -177.3246297091206998     -0.0058107
    -176.7214942732652219      0.0149607
    -176.1183564091345772      0.0098915
    -175.5152161167620477     -0.0093120
    -174.9120733960477878      0.0090845
    -174.3089282470250225      0.0006646
    -173.7057806697271189     -0.0069874
    -173.1026306640208929      0.0021936
    -172.4994782299729366      0.0042303
    -171.8963233675832214      0.0046680
    -171.2931660767851838      0.0010929
    -170.6900063575788522     -0.0007798
    -170.0868442099975084     -0.0063572
    -169.4836796339412786     -0.0148009
    -168.8805126294101342      0.0004357
    -168.2773431965040061     -0.0051862
    -167.6741713350563998      0.0036069
    -167.0709970451339359     -0.0009794
    -166.4678203267698677     -0.0190136
    -165.8646411798310965      0.0164859
    -165.2614596043175652     -0.0045164
    -164.6582756003624581      0.0069976
    -164.0550891677660275      0.0208077
    -163.4519003065948937      0.0144575
    -162.8487090168823102     -0.0002285
    -162.2455152984951212      0.0031076
    -161.6423191515665394     -0.0041435
    -161.0391205759633522     -0.0135390
    -160.4359195716855879      0.0083722
    -159.8327161387665001      0.0096119
    -159.2295102771728352      0.0079969
    -158.6263019868380582      0.0099350
    -158.0230912678619575      0.0022762
    -157.4198781201114343      0.0007989
    -156.8166625436530524      0.0053102
    -156.2134445384535013      0.0021864
    -155.6102241044462744     -0.0050332
    -155.0070012416645682      0.0155497
    -154.4037759501084679      0.0041121
    -153.8005482297113531     -0.0033126
    -153.1973180805065340     -0.0083443
    -152.5940855024939822      0.0093764
    -151.9908504955738806     -0.0006841
    -151.3876130597795111      0.0066254
    -150.7843731951441271      0.0109195
    -150.1811309015678830     -0.0040896
    -149.5778861790840608      0.0104764
    -148.9746390276927173      0.0158510
    -148.3713894473272035      0.0142936
    -147.7681374380208865     -0.0126397
    -147.1648829997736527      0.0163064
    -146.5616261324857703      0.0095664
    -145.9583668361904643      0.0034834
    -145.3551051109542982     -0.0068625
    -144.7518409566108630      0.0030849
    -144.1485743732267224      0.0064378
    -143.5453053608351865      0.0165787
    -142.9420339193363532      0.0112653
    -142.3387600487303075     -0.0041501
    -141.7354837490502177      0.0086487
    -141.1322050202296055      0.0096613
    -140.5289238622351604      0.0296668
    -139.9256402751667281      0.0250907
    -139.3223542588911528      0.0105861
    -138.7190658134417731      0.0118143
    -138.1157749388518141      0.0223167
    -137.5124816349881769     -0.0006601
    -136.9091859018841717      0.0002917
    -136.3058877396063053      0.0128137
    -135.7025871480547607      0.0212808
    -135.0992841271962277      0.0104929
    -134.4959786771306085      0.0003038
    -133.8926707977247190     -0.0022983
    -133.2893604890118695      0.0214881
    -132.6860477509920315      0.0060396
    -132.0827325835986414      0.0030270
    -131.4794149868650379     -0.0106371
    -130.8760949607911641      0.0014328
    -130.2727725052771746      0.0138276
    -129.6694476203896897      0.0182817
    -129.0661203061286244     -0.0025949
    -128.4627905623941899      0.0160891
    -127.8594583892196397      0.0094381
    -127.2561237866049879     -0.0081770
    -126.6527867545169670     -0.0081321
    -126.0494472928889707     -0.0052207
    -125.4461054018541830      0.0296457
    -124.8427610812461239      0.0040602
    -124.2394143310981178      0.0087129
    -123.6360651514434466      0.0081416
    -123.0327135421822504      0.0222074
    -122.4293595033810931      0.0246810
    -121.8260030350067069      0.0167539
    -121.2226441369925141      0.0099971
    -120.6192828093385145      0.0085480
    -120.0159190521112720      0.0085998
    -119.4125528652109551      0.0105470
    -118.8091842486042395      0.0142768
    -118.2058132023910133      0.0074342
    -117.6024397264381349      0.0032144
    -116.9990638207788862      0.0174961
    -116.3956854854465348      0.0303245
    -115.7923047203412636      0.0189198
    -115.1889215254630301      0.0184461
    -114.5855359008784262      0.0067688
    -113.9821478464876066      0.0325109
    -113.3787573622572751      0.0154904
    -112.7753644482872915      0.0123938
    -112.1719691044445000      0.0020802
    -111.5685713307622251      0.0209971
    -110.9651711273070021      0.0192756
    -110.3617684938791257      0.0184809
    -109.7583634306117517      0.0170474
    -109.1549559374715699     -0.0002239
    -108.5515460143587632      0.0124446
    -107.9481336613398952     -0.0038396
    -107.3447188784482194      0.0100338
    -106.7413016655173124      0.0225285
    -106.1378820226137947      0.0110258
    -105.5344599498041731      0.0107191
    -104.9310354469220954      0.0134177
    -104.3276085140340541      0.0250628
    -103.7241791511401061      0.0197412
    -103.1207473581736735     -0.0031490
    -102.5173131351680240      0.0123245
    -101.9138764821231433      0.0009883
    -101.3104373989059326      0.0030919
    -100.7069958856162373      0.0003943
    -100.1035519422540574      0.0199939
     -99.5001055687195191      0.0168130
     -98.8966567650459183      0.0067182
     -98.2932055312332551      0.0057859
     -97.6897518672149658      0.0111469
     -97.0862957729910505      0.0018187
     -96.4828372486280728      0.0040192
     -95.8793762939596235      0.0245950
     -95.2759129090855481      0.0132959
     -94.6724470940058183      0.0002822
     -94.0689788486206311      0.0047080
     -93.4655081729299724      0.0175221
     -92.8620350670336592      0.0220199
     -92.2585595307653250      0.0154193
     -91.6550815641582091      0.0331789
     -91.0516011672789176      0.0117294
     -90.4481183399609989      0.0122492
     -89.8446330823043269      0.0216315
     -89.2411453943421833      0.0120269
     -88.6376552758748488      0.0414050
     -88.0341627270354508      0.0447642
     -87.4306677478240317      0.0321575
     -86.8271703381074218      0.0374701
     -86.2236704979189028      0.0478811
     -85.6201682273583629      0.0638525
     -85.0166635262260542      0.0608740
     -84.4131563945885688      0.0683126
     -83.8096468325124704      0.0685195
     -83.2061348398313498      0.0617138
     -82.6026204166450526      0.0867158
     -81.9991035629202685      0.0959724
     -81.3955842785571946      0.0882567
     -80.7920625636223519      0.0921403
     -80.1885384181490508      0.0923305
     -79.5850118420041497      0.0977138
     -78.9814828352209304      0.1065062
     -78.3779513978659708      0.1186787
     -77.7744175297728475      0.1180721
     -77.1708812310081100      0.1115281
     -76.5673425016050686      0.1154013
     -75.9638013414305817      0.1348812
     -75.3602577505511988      0.1467184
     -74.7567117290002301      0.1488607
     -74.1531632766445199      0.1634373
     -73.5496123935173642      0.1564528
     -72.9460590796520449      0.1737378
     -72.3425033349486881      0.1897032
     -71.7389451594406324      0.1946249
     -71.1353845531611029      0.2076889
     -70.5318215160102682      0.2286526
     -69.9282560479881425      0.2402605
     -69.3246881491612754      0.2481612
     -68.7211178193965395      0.2704473
     -68.1175450587272309      0.2742177
     -67.5139698672198989      0.2706065
     -66.9103922447081487      0.3242080
     -66.3068121912585013      0.3240242
     -65.7032297069375630      0.3346676
     -65.0996447915789105      0.3402047
     -64.4960574452158255      0.3616364
     -63.8924676679481465      0.3905033
     -63.2888754595761824      0.4074275
     -62.6852808201997931      0.4216015
     -62.0816837498189571      0.4378579
     -61.4780842483338361      0.4675351
     -60.8744823158110009      0.4838281
     -60.2708779521838736      0.5057111
     -59.6672711574191794      0.5234535
     -59.0636619316167639      0.5542072
     -58.4600502746102109      0.5550043
     -57.8564361864660910      0.5732619
     -57.2528196672176861      0.6125449
     -56.6492007167651366      0.6229400
     -56.0455793351084566      0.6272650
     -55.4419555222809208      0.6597474
     -54.8383292781826768      0.6796077
     -54.2347006028803023      0.7004277
     -53.6310694963404941      0.7026101
     -53.0274359584967101      0.7471486
     -52.4237999894154996      0.7606679
     -51.8201615890635878      0.8028926
     -51.2165207573411152      0.8256660
     -50.6128774943146666      0.8482760
     -50.0092317999842138      0.8805947
     -49.4055836742499324      0.9298601
     -48.8019331171783719      0.9737270
     -48.1982801287695395      1.0066955
     -47.5946247088903007      1.0617185
     -46.9909668576405153      1.0968543
     -46.3873065749868871      1.1740148
     -45.7836438608295566      1.2390939
     -45.1799787152683976      1.2873844
     -44.5763111382368322      1.3564774
     -43.9726411297015716      1.4105680
     -43.3689686896626299      1.4805061
     -42.7652938181532747      1.5709496
     -42.1616165150736606      1.6730136
     -41.5579367804570694      1.7580220
     -40.9542546143368043      1.8404874
     -40.3505700165796952      1.9323379
     -39.7468829872190526      2.0684698
     -39.1431935263547288      2.1574173
     -38.5395016337869976      2.2589273
     -37.9358073096157327      2.3775740
     -37.3321105538076452      2.4915686
     -36.7284113663294391      2.6312308
     -36.1247097471811358      2.7258348
     -35.5210056963627210      2.8149886
     -34.9172992138076310      2.9378576
     -34.3135902995158588      3.0449765
     -33.7098789535539822      3.1796269
     -33.1061651758221487      3.3052742
     -32.5024489662870693      3.4448700
     -31.8987303250486001      3.5698376
     -31.2950092519403178      3.6658962
     -30.6912857470620750      3.7051721
     -30.0875598103805935      3.7189317
     -29.4838314418293024      3.7099071
     -28.8801006414414800      3.6892891
     -28.2763674092171300      3.6415157
     -27.6726317450564068      3.5809152
     -27.0688936490258705      3.4098151
     -26.4651531211255246      3.1867585
     -25.8614101612222314      2.9685156
     -25.2576647694158503      2.7552431
     -24.6539169457063707      2.5684233
     -24.0501666899606619      2.4183688
     -23.4464140022452909      2.2871907
     -22.8426588825602614      2.1830747
     -22.2389013308390027      2.0780616
     -21.6351413470815146      1.9971471
     -21.0313789313210826      1.8972917
     -20.4276140834578541      1.8158070
     -19.8238468035251145      1.7518381
     -19.2200770915561456      1.6884816
     -18.6163049474510949      1.6441746
     -18.0125303712099658      1.6333040
     -17.4087533628993221      1.5969623
     -16.8049739223860328      1.6269772
     -16.2011920497366688      1.6469164
     -15.5974077449512230      1.6933434
     -14.9936210079298426      1.7470664
     -14.3898318386725350      1.8182472
     -13.7860402372791491      1.8999214
     -13.1822462035832633      2.0356729
     -12.5784497376847302      2.1914759
     -11.9746508395169844      2.3563952
     -11.3708495090467387      2.5709982
     -10.7670457463072804      2.8370759
     -10.1632395512653240      3.1369691
      -9.5594309238875859      3.4625144
      -8.9556198641740661      3.9007854
      -8.3518063721580500      4.5205922
      -7.7479904477064006      5.3822007
      -7.1441720908856849      6.7060504
      -6.5403513017291885      8.7147036
      -5.9365280801037770     11.6240101
      -5.3327024260427320     15.2194309
      -4.7288743396126227     18.4582100
      -4.1250438206803128     19.7787628
      -3.5212108692790869     18.8964481
      -2.9173754854422289     17.0223446
      -2.3135376690366041     15.2416315
      -1.7096974201287793     13.8762655
      -1.1058547387520385     12.9007730
      -0.5020096248065308     12.2324715
       0.1018379217077441     11.6987753
       0.7056879007575023     11.1953459
       1.3095403124425951     10.8631992
       1.9133951566964544     10.6702871
       2.5172524335856483     10.4217148
       3.1211121431101763      9.9304619
       3.7249742852700392      8.9761219
       4.3288388600652361      7.8510551
       4.9327058675623352      6.7823882
       5.5365753077613347      5.7907748
       6.1404471805956691      4.9270587
       6.7443214861984728      4.1587944
       7.3481982245697441      3.4996939
       7.9520773955763504      2.9505095
       8.5559589994179941      2.5025988
       9.1598430360946725      2.1264906
       9.7637295054732522      1.8095902
      10.3676184076868712      1.5335407
      10.9715097427355239      1.3095273
      11.5754035105526452      1.1092100
      12.1792997112713710      0.9362186
      12.7831983448916997      0.7986575
      13.3870994113470640      0.6807982
      13.9910029107040330      0.5627177
      14.5949088429626048      0.4990656
      15.1988172081227795      0.4403968
      15.8027280062511277      0.3514965
      16.4066412373476460      0.3124396
      17.0105569014123326      0.2867292
      17.6144749984451927      0.2539394
      18.2183955284462193      0.2275482
      18.8223184914819903      0.1941603
      19.4262438875524914      0.1507724
      20.0301717167243041      0.1570816
      20.6341019787977196      0.1412167
      21.2380346741055774      0.1297254
      21.8419698024481690      0.1180496
      22.4459073638254978      0.0945301
      23.0498473583707018      0.0905210
      23.6537897860172137      0.0779552
      24.2577346468315902      0.0902995
      24.8616819408138454      0.0762860
      25.4656316679639758      0.0613412
      26.0695838282819743      0.0636846
      26.6735384218344151      0.0550120
      27.2774954485547276      0.0444834
      27.8814549085094789      0.0526023
      28.4854168017652398      0.0413818
      29.0893811282554431      0.0295852
      29.6933478880466453      0.0314505
      30.2973170810722934      0.0380410
      30.9012887074655147      0.0388783
      31.5052627671597421      0.0398376
      32.1092392601549790      0.0173195
      32.7132181865843563      0.0354914
      33.3171995462481760      0.0320264
      33.9211833394126998      0.0172220
      34.5251695659448075      0.0100272
      35.1291582258444848      0.0036241
      35.7331493191783025      0.0282391
      36.3371428459462606      0.0051402
      36.9411388061483663      0.0279291
      37.5451371999177397      0.0177769
      38.1491380271212606      0.0218487
      38.7531412877589219      0.0150259
      39.3571469819638651     -0.0085525
      39.9611551096695123      0.0050571
      40.5651656709424344      0.0016321
      41.1691786657826384      0.0052591
      41.7731940941235536      0.0208503
      42.3772119560983072      0.0287916
      42.9812322517069063      0.0053305
      43.5852549808827732      0.0049781
      44.1892801436924927      0.0158389
      44.7933077402026214      0.0156859
      45.3973377702800249      0.0147633
      46.0013702340578448      0.0070222
      46.6054051316026445      0.0241852
      47.2094424627147191      0.0102864
      47.8134822276603302     -0.0040556
      48.4175244263063576      0.0133137
      49.0215690586528012      0.0123496
      49.6256161248327814      0.0005949
      50.2296656247797486      0.0068817
      50.8337175584271250     -0.0083612
      51.4377719259746087      0.0224003
      52.0418287273556430      0.0195135
      52.6458879625036573     -0.0045046
      53.2499496315517860     -0.0066655
      53.8540137344334511      0.0124095
      54.4580802712152376      0.0163927
      55.0621492418971314     -0.0025555
      55.6662206464791396     -0.0105249
      56.2702944849612621      0.0005373
      56.8743707574100625     -0.0014034
      57.4784494638255481      0.0145592
      58.0825306041411480      0.0318624
      58.6866141784899895      0.0238092
      59.2907001868055090      0.0046018
      59.8947886291542844      0.0115336
      60.4988795055363013      0.0076561
      61.1029728159515670      0.0069718
      61.7070685604000815      0.0021651
      62.3111667390149719     -0.0051075
      62.9152673516631182     -0.0053610
      63.5193703983445062      0.0114632
      64.1234758791922843      0.0134654
      64.7275837942064385      0.0020623
      65.3316941432538414      0.0004671
      65.9358069266007618      0.0122101
      66.5399221440474946     -0.0011371
      67.1440397956606176      0.0038573
      67.7481598815066803      0.0096652
      68.3522824015857111      0.0115331
      68.9564073558310895      0.0084576
      69.5605347444425774     -0.0039096
      70.1646645672204414      0.0010307
      70.7687968242978229     -0.0002275
      71.3729315156747219     -0.0086609
      71.9770686413511243     -0.0036279
      72.5812082013270725      0.0000464
      73.1853501956690877     -0.0088225
      73.7894946243771841     -0.0025474
      74.3936414873847980      0.0118018
      74.9977907848916345      0.0192423
      75.6019425166979744      0.0121614
      76.2060966829369875      0.0146127
      76.8102532836086453      0.0038795
      77.4144123187129480     -0.0098660
      78.0185737881833319     -0.0010618
      78.6227376922195162      0.0025111
      79.2269040307548948      0.0157133
      79.8310728037229609     -0.0050037
      80.4352440112567848      0.0056308
      81.0394176532898314      0.0101387
      81.6435937298886643      0.0155453
      82.2477722410532834      0.0212458
      82.8519531867171253      0.0194948
      83.4561365670133171      0.0218164
      84.0603223819418730      0.0018175
      84.6645106314362010      0.0033845
      85.2687013155628932      0.0107680
      85.8728944343219354      0.0050510
      86.4770899878464689     -0.0003926
      87.0812879758701968     -0.0055294
      87.6854883987260081      0.0251619
      88.2896912562807330      0.0346233
      88.8938965484678079      0.0070735
      89.4981042754203600      0.0074300
      90.1023144371384319      0.0035853
      90.7065270335553890     -0.0206068
      91.3107420648709791     -0.0120859
      91.9149595308855112     -0.0050325
      92.5191794317320699      0.0009513
      93.1234017674106980      0.0104711
      93.7276265379213669      0.0069113
      94.3318537432641193      0.0039149
      94.9360833835054621      0.0074997
      95.5403154585788883     -0.0032422
      96.1445499685509191     -0.0082591
      96.7487869134881464     -0.0045224
      97.3530262933239925     -0.0217282
      97.9572681080584573     -0.0201789
      98.5615123578246823     -0.0073484
      99.1657590424895261      0.0063482
      99.7700081621195665      0.0160925
     100.3742597168479449      0.0170332
     100.9785137065414915      0.0079510
     101.5827701312002347     -0.0007480
     102.1870289909573017     -0.0008422
     102.7912902858126927     -0.0053748
     103.3955540156332660      0.0024765
     103.9998201806187410      0.0067852
     104.6040887807025399      0.0138729
     105.2083598158846769      0.0172562
     105.8126332862316730      0.0046431
     106.4169091916770071      0.0098552
     107.0211875322872572      0.0075785
     107.6254683080623664      0.0019899
     108.2297515190689410      0.0103427
     108.8340371652404173      0.0052237
     109.4383252466433447      0.0029261
     110.0426157633443012      0.0023297
     110.6469087151435815     -0.0195598
     111.2512041023740323     -0.0020898
     111.8555019247693565     -0.0104875
     112.4598021824627239     -0.0018505
     113.0641048755206697      0.0047938
     113.6684100038766445      0.0035889
     114.2727175675306626     -0.0102507
     114.8770275666158227     -0.0042597
     115.4813400009990119      0.0010769
     116.0856548707468079     -0.0108010
     116.6899721759257460     -0.0098215
     117.2942919165358546     -0.0107292
     117.8986140925105559      0.0051367
     118.5029387039829913     -0.0058096
     119.1072657509531467     -0.0140040
     119.7115952332878948     -0.0046033
     120.3159271511203912     -0.0119223
     120.9202615045171569     -0.0013860
     121.5245982933450932      0.0055705
     122.1289375178038910     -0.0034728
     122.7332791777604086     -0.0070788
     123.3376232732146747     -0.0044303
     123.9419698042997879     -0.0093431
     124.5463187709491990     -0.0049207
     125.1506701731628937      0.0080599
     125.7550240110740418     -0.0072450
     126.3593802846160372      0.0048610
     126.9637389937223304      0.0056828
     127.5681001385260629     -0.0038115
     128.1724637190272063      0.0079531
     128.7768297352258173      0.0076867
     129.3811981871218393     -0.0056386
     129.9855690747152721      0.0066365
     130.5899423980061442     -0.0092064
     131.1943181571275829      0.0171542
     131.7986963519464609      0.0105015
     132.4030769825959055     -0.0128768
     133.0074600490093246      0.0017209
     133.6118455512533387      0.0038427
     134.2162334892613273      0.0088344
     134.8206238631664462     -0.0113541
     135.4250166729021316     -0.0037330
     136.0294119184683836     -0.0067731
     136.6338095999983580     -0.0000817
     137.2382097173588704     -0.0111251
     137.8426122706165131      0.0090018
     138.4470172598378781     -0.0060326
     139.0514246849563449     -0.0064239
     139.6558345461050976      0.0016629
     140.2602468432175442      0.0085437
     140.8646615762271495      0.0215670
     141.4690787453335474      0.0098256
     142.0734983504036393      0.0001417
     142.6779203915040455      0.0035764
     143.2823448686346808      0.0051004
     143.8867717818621657     -0.0092721
     144.4912011311199080     -0.0051238
     145.0956329165410637      0.0104226
     145.7000671379924768     -0.0075904
     146.3045037955407111      0.0050541
     146.9089428893189506     -0.0022309
     147.5133844191939829     -0.0030979
     148.1178283851658648     -0.0086650
     148.7222747873677235     -0.0002882
     149.3267236257995592      0.0001340
     149.9311749003282159      0.0210247
     150.5356286111534132     -0.0033614
     151.1400847582751226     -0.0034888
     151.7445433414936815      0.0045105
     152.3490043610753446     -0.0019983
     152.9534678169535482      0.0073091
     153.5579337090617003      0.0137226
     154.1624020375329849      0.0106371
     154.7668728023007816      0.0006756
     155.3713460033651188     -0.0119960
     155.9758216408591522     -0.0278464
     156.5802997147162614      0.0019501
     157.1847802248699111      0.0151699
     157.7892631715197922      0.0033218
     158.3937485545328059      0.0167316
     158.9982363739088669      0.0003077
     159.6027266298477798      0.0086641
     160.2072193222163605     -0.0136352
     160.8117144509480170      0.0078452
     161.4162120163090606      0.0171829
     162.0207120180998004      0.0024044
     162.6252144563867432     -0.0111868
     163.2297193312365096      0.0018726
     163.8342266426490426      0.0079505
     164.4387363905578354      0.0063282
     165.0432485750960154      0.0014369
     165.6477631961969905      0.0107925
     166.2522802538607891      0.0022430
     166.8567997482205101     -0.0063856
     167.4613216791430261     -0.0082717
     168.0658460467614930     -0.0011752
     168.6703728510093470     -0.0179278
     169.2749020919531233     -0.0189981
     169.8794337695928505     -0.0045193
     170.4839678839284716     -0.0008949
     171.0885044350266355     -0.0046981
     171.6930434227541866     -0.0141089
     172.2975848473107874      0.0009807
     172.9021287086299026      0.0130193
     173.5066750067115322      0.0013496
     174.1112237416222399     -0.0006590
     174.7157749132954336      0.0018609
     175.3203285217977054      0.0135188
     175.9248845671956474     -0.0092313
     176.5294430494226106     -0.0099122
     177.1340039684786802      0.0020893
     177.7385673244303916      0.0063799
     178.3431331172777448     -0.0086631
     178.9477013470207396     -0.0071363
     179.5522720137259398      0.0030234
     180.1568451173933454     -0.0097738
     180.7614206579563927     -0.0133775
     181.3659986355482374     -0.0146875
     181.9705790501022591      0.0100119
     182.5751619016184861     -0.0039495
     183.1797471902301027     -0.0070393
     183.7843349158704598      0.0056767
     184.3889250784730223      0.0008395
     184.9935176781709174     -0.0064631
     185.5981127149642020     -0.0088523
     186.2027101887862273     -0.0049458
     186.8073100997701772      0.0036856
     187.4119124479160234     -0.0032038
     188.0165172330906387      0.0095473
     188.6211244554937707     -0.0052749
     189.2257341150587990      0.0063767
     189.8303462117191600     -0.0013324
     190.4349607456080093      0.0154063
     191.0395777167253186      0.0250135
     191.6441971250711163      0.0036879
     192.2488189706454023      0.0012819
     192.8534432534481482     -0.0034240
     193.4580699735459461     -0.0088444
     194.0626991309387677      0.0102877
     194.6673307256266696     -0.0063455
     195.2719647575430315     -0.0136386
     195.8766012268210090     -0.0059398
     196.4812401335271659      0.0043555
     197.0858814774618111      0.0082242
     197.6905252588246071      0.0022575
     198.2951714776156109      0.0171990
     198.8998201337016667      0.0018670
     199.5044712272824654     -0.0047894
     200.1091247582914150     -0.0103332
     200.7137807266619802     -0.0117604
     201.3184391325938805     -0.0043303
     201.9230999759539600      0.0152486
     202.5277632567422188     -0.0151593
     203.1324289751583478     -0.0100821
     203.7370971310026562     -0.0139186
     204.3417677244082995     -0.0078608
     204.9464407553086573     -0.0130405
     205.5511162238369423     -0.0085774
     206.1557941299265053      0.0014949
     206.7604744735773750     -0.0098435
     207.3651572548561717     -0.0006430
     207.9698424736962465     -0.0059120
     208.5745301302973189     -0.0063514
     209.1792202244597547     -0.0039143
     209.7839127562500323      0.0102160
     210.3886077258013643     -0.0015542
     210.9933051330471017      0.0139861
     211.5980049779207661      0.0011124
     212.2027072605553997     -0.0010787
     212.8074119809510876     -0.0058134
     213.4121191390412093     -0.0063613
     214.0168287349589207     -0.0064892
     214.6215407687041932     -0.0168386
     215.2262552401439564     -0.0154158
     215.8309721494112807      0.0056390
     216.4356914965727583      0.0127638
     217.0404132814952334      0.0037328
     217.6451375043118901      0.0075101
     218.2498641650226716     -0.0066685
     218.8545932635610427      0.0016296
     219.4593248000601307      0.0069798
     220.0640587744533718     -0.0051598
     220.6687951866742310      0.0036027
     221.2735340369888775      0.0067093
     221.8782753251977340      0.0068072
     222.4830190513672790     -0.0105075
     223.0877652155641044      0.0077953
     223.6925138177216468     -0.0151667
     224.2972648579064980     -0.0152525
     224.9020183361186298      0.0194263
     225.5067742524246057      0.0167242
     226.1115326067578621     -0.0023380
     226.7162933991849627      0.0021091
     227.3210566297059358     -0.0022193
     227.9258222982542179      0.0026111
     228.5305904050294430     -0.0165785
     229.1353609498985406     -0.0082735
     229.7401339329280461      0.0074932
     230.3449093541179877     -0.0046062
     230.9496872134683372     -0.0062418
     231.5544675109790944     -0.0144384
     232.1592502467834152     -0.0167056
     232.7640354208147642     -0.0200594
     233.3688230330064926     -0.0013691
     233.9736130834917844      0.0045157
     234.5784055722706114     -0.0006614
     235.1832004992764666     -0.0020449
     235.7879978646424206     -0.0012749
     236.3927976683019097     -0.0070721
     236.9975999101883986     -0.0017495
     237.6024045905681419     -0.0014326
     238.2072117092414771      0.0329153
     238.8120212662749111      0.0264361
     239.4168332616684438      0.0141143
     240.0216476954886957      0.0164063
     240.6264645677356100      0.0190242
     241.2312838784758071      0.0071496
     241.8361056275761314     -0.0128006
     242.4409298151696817      0.0087902
     243.0457564411899227     -0.0032452
     243.6505855057034466     -0.0210764
     244.2554170087767602      0.0041518
     244.8602509504099487      0.0219390
     245.4650873304697711      0.0065135
     246.0699261491560321      0.0164187
     246.6747674064021112      0.0045363
     247.2796111021414163      0.0036399
     247.8844572365071315     -0.0045561
     248.4893058095657921     -0.0069353
     249.0941568211177071      0.0088274
     249.6990102714291595      0.0069210
     250.3038661603004300      0.0037925
     250.9087244878646743      0.0072636
     251.5135852541218640      0.0112042
     252.1184484590719990     -0.0154450
     252.7233141027151078     -0.0138468
     253.3281821851177256     -0.0211477
     253.9330527062799092     -0.0017927
     254.5379256661350382      0.0036304
     255.1428010648162399      0.0096430
     255.7476789022569790      0.0100357
     256.3525591784572271     -0.0038113
     256.9574418934835762      0.0017623
     257.5623270474026185      0.0049416
     258.1672146400811698      0.0026030
     258.7721046717189211      0.0066546
     259.3769971421828018      0.0092905
     259.9818920514727552      0.0133999
     260.5867893997219085      0.0142384
     261.1916891869303186     -0.0007136
     261.7965914129648581      0.0127391
     262.4014960780251613      0.0136199
     263.0064031820446644      0.0005130
     263.6113127249568606      0.0102651
     264.2162247069613841      0.0051862
     264.8211391279917279     -0.0064510
     265.4260559879147081     -0.0080070
     266.0309752869966928      0.0008905
     266.6358970250378206      0.0096804
     267.2408212021713325      0.0058093
     267.8457478183972285     -0.0036579
     268.4506768737820721      0.0114821
     269.0556083681261157      0.0042033
     269.6605423016956138      0.0116532
     270.2654786744241164      0.0087859
     270.8704174862449463      0.0074762
     271.4753587372912307     -0.0014047
     272.0803024274965196     -0.0104616
     272.6852485568606994     -0.0215299
     273.2901971254503906      0.0238999
     273.8951481332655362      0.0259039
     274.5001015803062501      0.0181274
     275.1050574667055457      0.0209664
     275.7100157923303527      0.0092490
     276.3149765571806711     -0.0037082
     276.9199397613895712     -0.0017705
     277.5249054048906032      0.0158886
     278.1298734876836534      0.0073126
     278.7348440099019058      0.0022088
     279.3398169714122332     -0.0037139
     279.9447923722811993      0.0012233
     280.5497702126419313      0.0006791
     281.1547504923612451      0.0159244
     281.7597332114392543      0.0101489
     282.3647183700089727      0.0066248
     282.9697059680705706     -0.0012729
     283.5746960054906936      0.0114987
     284.1796884824692029      0.0245427
     284.7846833988728577      0.0140124
     285.3896807548348420      0.0146686
     285.9946805502886491      0.0028321
     286.5996827853007289     -0.0036421
     287.2046874598711952      0.0029364
     287.8096945739999910      0.0009727
     288.4147041276870596     -0.0008352
     289.0197161209990782      0.0084362
     289.6247305539359900      0.0228803
     290.2297474264977950      0.0079639
     290.8347667386179864     -0.0133010
     291.4397884904961415     -0.0020854
     292.0448126819992467      0.0007032
     292.6498393131272451     -0.0109640
     293.2548683840132639     -0.0015610
     293.8598998946573033     -0.0129814
     294.4649338449262359     -0.0100615
     295.0699702350198095      0.0002254
     295.6750090648714036     -0.0063173
     296.2800503344810181      0.0032206
     296.8850940438487100      0.0035228
     297.4901401931075497     -0.0025961
     298.0951887820578463      0.0058485
     298.7002398108992907      0.0027005
     299.3052932796319396     -0.0011661
     299.9103491881226091     -0.0013790
     300.5154075365710469     -0.0036073
     301.1204683249106324      0.0008247
     301.7255315531413657      0.0097219
     302.3305972212633037     -0.0180553
     302.9356653294095167     -0.0117879
     303.5407358773803708     -0.0145077
     304.1458088653754430     -0.0075415
     304.7508842933949040     -0.0097780
     305.3559621613055128     -0.0063507
     305.9610424693069604      0.0072159
     306.5661252173327966     -0.0057774
     307.1712104053828511     -0.0144358
     307.7762980334572376      0.0000861
     308.3813881016225196      0.0176721
     308.9864806098786403     -0.0016876
     309.5915755582256566     -0.0115752
     310.1966729466635115     -0.0176203
     310.8017727752588826     -0.0011866
     311.4068750440115991     -0.0065200
     312.0119797528552681     -0.0077038
     312.6170869019229031     -0.0185036
     313.2221964911479972     -0.0030932
     313.8273085205970574      0.0088488
     314.4324229902701404      0.0033652
     315.0375399001671894     -0.0061295
     315.6426592502883182      0.0121301
     316.2477810406334129      0.0046669
     316.8529052713356577      0.0009561
     317.4580319423284891     -0.0003787
     318.0631610535452864      0.0029780
     318.6682926051192908     -0.0096111
     319.2734265970503884     -0.0187751
     319.8785630292720725      0.0052527
     320.4837019019174704      0.0075843
     321.0888432149865821      0.0086855
     321.6939869683462234     -0.0051946
     322.2991331621296354      0.0073341
     322.9042817964032110      0.0005304
     323.5094328710340505      0.0089041
     324.1145863861551106     -0.0048191
     324.7197423417665050     -0.0166548
     325.3249007378014994     -0.0067077
     325.9300615743933918     -0.0137556
     326.5352248514756184     -0.0055526
     327.1403905690480656     -0.0111366
     327.7455587271773538     -0.0057458
     328.3507293258634832      0.0043372
     328.9559023651064535      0.0152619
     329.5610778449728286      0.0067839
     330.1662557654626653     -0.0020641
     330.7714361265092862      0.0153186
     331.3766189281793118     -0.0105237
     331.9818041705393625      0.0108126
     332.5869918535227612      0.0085000
     333.1921819771961850     -0.0073846
     333.7973745415596341     -0.0072424
     334.4025695466129946     -0.0042498
     335.0077669923562667     -0.0100779
     335.6129668789227480     -0.0024788
     336.2181692061126341     -0.0107139
     336.8233739741921795     -0.0219317
     337.4285811829616932      0.0020040
     338.0337908325543594      0.0061401
     338.6390029229701213      0.0024274
     339.2442174541424151     -0.0020864
     339.8494344262043683      0.0007829
     340.4546538390894170     -0.0038295
     341.0598756928641819     -0.0164502
     341.6650999875286630      0.0025865
     342.2703267230827464      0.0090106
     342.8755558994599824     -0.0024644
     343.4807875168600617      0.0063091
     344.0860215752163640      0.0046193
     344.6912580744623824      0.0014187
     345.2964970146645101      0.0043300
     345.9017383959561585     -0.0109546
     346.5069822181374093     -0.0054107
     347.1122284813415035      0.0100085
     347.7174771856350048      0.0080452
     348.3227283308847291      0.0134327
     348.9279819172904240      0.0097747
     349.5332379447188487      0.0068772
     350.1384964132367941      0.0066116
     350.7437573228439760     -0.0008878
     351.3490206736071855     -0.0071028
     351.9542864654598020      0.0162045
     352.5595546984682755      0.0150964
     353.1648253726327766      0.0063030
     353.7700984879531916      0.0102715
     354.3753740444961409     -0.0042738
     354.9806520422615677      0.0125434
     355.5859324812495856     -0.0004275
     356.1912153614600811     -0.0011311
     356.7965006828930541     -0.0011314
     357.4017884455485614     -0.0118845
     358.0070786495596735     -0.0040448
     358.6123712948599973      0.0004818
     359.2176663814493054     -0.0055893
     359.8229639093942751     -0.0134217
     360.4282638786283997     -0.0010297
     361.0335662892180721     -0.0068046
     361.6388711412299699      0.0013197
     362.2441784345976430     -0.0066349
     362.8494881693208640     -0.0098503
     363.4548003454663103     -0.0018725
     364.0601149631005455     -0.0053408
     364.6654320220904424      0.0012760
     365.2707515226356350      0.0056942
     365.8760734646031096     -0.0041628
     366.4813978479927528      0.0076384
     367.0867246729378053      0.0166863
     367.6920539394382104      0.0085477
     368.2973856474273475     -0.0013273
     368.9027197969718941     -0.0037231
     369.5080563880717364     -0.0038339
     370.1133954207269880     -0.0094767
     370.7187368950040991     -0.0041293
     371.3240808108365627      0.0110802
     371.9294271682909994      0.0041968
     372.5347759674339159     -0.0074168
     373.1401272081986917     -0.0057516
     373.7454808905854406     -0.0047010
     374.3508370147272899     -0.0046712
     374.9561955805575622     -0.0113803
     375.5615565880097506     -0.0145652
     376.1669200372835462     -0.0143646
     376.7722859282458785     -0.0080541
     377.3776542608966906      0.0047239
     377.9830250354356735     -0.0052861
     378.5883982516631363      0.0146512
     379.1937739097122062     -0.0069316
     379.7991520095828832     -0.0040588
     380.4045325513417879     -0.0076639
     381.0099155347892292      0.0000232
     381.6153009601913482     -0.0192601
     382.2206888274816947     -0.0002754
     382.8260791365936484     -0.0079943
     383.4314718876603933      0.0094883
     384.0368670806152522     -0.0047582
     384.6422647154583387     -0.0034177
     385.2476647923227802      0.0001824
     385.8530673111419560      0.0045829
     386.4584722718493026      0.0114116
     387.0638796746445678     -0.0010021
     387.6692895193945105      0.0014962
     388.2747018060992445     -0.0047502
     388.8801165349585176     -0.0153373
     389.4855337057724682     -0.0025210
     390.0909533186743374     -0.0097432
     390.6963753736640683      0.0221581
     391.3017998707417178      0.0071909
     391.9072268099072858     -0.0060602
     392.5126561912272791     -0.0065306
     393.1180880147017547      0.0038511
     393.7235222802640919     -0.0020442
     394.3289589880474182      0.0074016
     394.9343981379852835      0.0037362
     395.5398397300775173      0.0046500
     396.1452837644574743     -0.0171546
     396.7507302409917429     -0.0183712
     397.3561791598136779     -0.0190319
     397.9616305208566587     -0.0019215
     398.5670843241871921      0.0027801
     399.1725405698053351      0.0110852
     399.7779992577110306     -0.0059368
     400.3834603879043925      0.0128881
     400.9889239604518707      0.0204474
     401.5943899753534652     -0.0017704
     402.1998584326092896     -0.0081113
     402.8053293322192872     -0.0010395
     403.4108026742499078      0.0049683
     404.0162784586348153     -0.0016276
     404.6217566854403458     -0.0119410
     405.2272373547332336      0.0041006
     405.8327204664468582      0.0142309
     406.4382060205811058      0.0087813
     407.0436940172027676     -0.0050529
     407.6491844563782365     -0.0019415
     408.2546773379744423     -0.0016820
     408.8601726621245120     -0.0072991
     409.4656704288284459      0.0011354
     410.0711706380862438     -0.0062961
     410.6766732898979058     -0.0100276
     411.2821783842634318      0.0033084
     411.8876859212493287      0.0050285
     412.4931959007891464      0.0034889
     413.0987083230159556      0.0095737
     413.7042231878631924     -0.0181412
     414.3097404953974205     -0.0076445
     414.9152602455520764      0.0025516
     415.5207824383937236     -0.0037194
     416.1263070739223622      0.0123671
     416.7318341522045557     -0.0079065
     417.3373636731737406     -0.0001874
     417.9428956368965373     -0.0004808
     418.5484300433728890     -0.0011764
     419.1539668926027957     -0.0146619
     419.7595061846528210     -0.0135444
     420.3650479195229650      0.0060767
     420.9705920971467208      0.0018224
     421.5761387176571020     -0.0035310
     422.1816877809877155     -0.0154205
     422.7872392871383909      0.0105929
     423.3927932362423121      0.0011096
     423.9983496282329156     -0.0073169
     424.6039084630437515     -0.0086483
     425.2094697408743400      0.0020165
     425.8150334615916677      0.0195556
     426.4205996251956776      0.0215050
     427.0261682318194971      0.0029422
     427.6317392814631830     -0.0102329
     428.2373127739936081      0.0093487
     428.8428887096103495     -0.0127878
     429.4484670883134640     -0.0146263
     430.0540479099033746     -0.0135989
     430.6596311746462220     -0.0075667
     431.2652168824754995      0.0029027
     431.8708050332579091      0.0134764
     432.4763956272599899     -0.0063858
     433.0819886643484438     -0.0010304
     433.6875841445232709      0.0023294
     434.2931820678510917     -0.0065908
     434.8987824343984130      0.0053385
     435.5043852439656007     -0.0004618
     436.1099904968854162      0.0156791
     436.7155981929582254      0.0058947
     437.3212083321840282     -0.0115233
     437.9268209146958952     -0.0103113
     438.5324359404273196     -0.0058070
     439.1380534093783012     -0.0064511
     439.7436733216818538      0.0139279
     440.3492956772050206      0.0132580
     440.9549204760808720      0.0172976
     441.5605477182427876      0.0026787
     442.1661774037573309      0.0170702
     442.7718095326246157      0.0187180
     443.3774441048445851     -0.0104384
     443.9830811204171823     -0.0163043
     444.5887205794089709     -0.0027039
     445.1943624818866283      0.0066433
     445.8000068276503498      0.0164504
     446.4056536168999401      0.0093152
     447.0113028496352854     -0.0001343
     447.6169545257898790      0.0101515
     448.2226086454302276      0.0170643
     448.8282652086230087      0.0020089
     449.4339242152350380     -0.0089716
     450.0395856654659497     -0.0007954
     450.6452495591827301      0.0068291
     451.2509158964517724      0.0149227
     451.8565846773398675      0.0057914
     452.4622559017802814      0.0106559
     453.0679295697730709      0.0095334
     453.6736056814513631     -0.0045232
     454.2792842367486514     -0.0197957
     454.8849652355982016     -0.0090567
     455.4906486781999320     -0.0022265
     456.0963345644871083      0.0037772
     456.7020228943932239      0.0034431
     457.3077136680514059     -0.0054553
     457.9134068853950907     -0.0034506
     458.5191025464908989      0.0099155
     459.1248006513387736     -0.0012721
     459.7305011999387148     -0.0014948
     460.3362041922906656     -0.0007722
     460.9419096284613602     -0.0091505
     461.5476175084505712     -0.0087670
     462.1533278322585261      0.0030242
     462.7590405998850542     -0.0052624
     463.3647558113968898     -0.0062131
     463.9704734667272419     -0.0071336
     464.5761935659428445      0.0089290
     465.1819161091102046      0.0106186
     465.7876410960963085      0.0072214
     466.3933685270340561     -0.0020757
     466.9990984019902385      0.0117404
     467.6048307207650510     -0.0075542
     468.2105654836246913     -0.0016742
     468.8163026904362027      0.0025418
     469.4220423411994148     -0.0058551
     470.0277844360476251      0.0026224
     470.6335289749140998     -0.0127014
     471.2392759577323318     -0.0041602
     471.8450253847021258      0.0076351
     472.4507772557568046      0.0063298
     473.0565315708298044     -0.0082902
     473.6622883300542526      0.0070778
     474.2680475333636423     -0.0021595
     474.8738091808244803     -0.0147269
     475.4795732724368804     -0.0035481
     476.0853398082006720     -0.0066944
     476.6911087881159688     -0.0071462
     477.2968802122492775      0.0040637
     477.9026540806007119      0.0166227
     478.5084303931035947      0.0036965
     479.1142091498910531     -0.0040768
     479.7199903509631440      0.0180925
     480.3257739962532469      0.0052733
     480.9315600858279822      0.0084163
     481.5373486197539137     -0.0077749
     482.1431395978978571     -0.0154176
     482.7489330203929967      0.0003577
     483.3547288873058960     -0.0018380
     483.9605271984368642     -0.0107197
     484.5663279540520989      0.0015852
     485.1721311540185297     -0.0002601
     485.7779367983360999      0.0024883
     486.3837448870714297      0.0026088
     486.9895554202910830     -0.0193953
     487.5953683979284961     -0.0005681
     488.2011838199836689      0.0038073
     488.8070016865896719     -0.0048226
