Scan:    406           MRK930 2015-10-23 +21 16 40.0
         OPTICAL                 Tb    
        km/s-LSR                 XX
    -549.0056873905589327      0.0036939
    -548.4040377459122055      0.0091995
    -547.8023856819769435      0.0152353
    -547.2007311986532159      0.0081993
    -546.5990742960076432      0.0009579
    -545.9974149740068015     -0.0038537
    -545.3957532326176079     -0.0083152
    -544.7940890718399487     -0.0018914
    -544.1924224916405137      0.0026624
    -543.5907534920527269      0.0113626
    -542.9890820730099676      0.0034885
    -542.3874082345121224      0.0035471
    -541.7857319765259945      0.0189410
    -541.1840532990514703      0.0118512
    -540.5823722021220874      0.0058193
    -539.9806886856378014     -0.0071186
    -539.3790027496651192     -0.0072490
    -538.7773143941377612     -0.0100179
    -538.1756236190555001      0.0034437
    -537.5739304243850256      0.0060769
    -536.9722348101929583     -0.0059787
    -536.3705367763462846      0.0097397
    -535.7688363229112838      0.0068230
    -535.1671334498216765     -0.0079566
    -534.5654281571106594     -0.0002798
    -533.9637204447449221      0.0061983
    -533.3620103126912682      0.0087207
    -532.7602977609494701      0.0009125
    -532.1585827895197554     -0.0019988
    -531.5568653983688137      0.0066887
    -530.9551455874965313     -0.0068887
    -530.3534233569030221     -0.0093028
    -529.7516987065215517     -0.0000000
    -529.1499716363523476     -0.0017600
    -528.5482421464286062     -0.0076684
    -527.9465102366834799     -0.0014832
    -527.3447759071175369     -0.0070723
    -526.7430391576970123     -0.0111877
    -526.1412999884553301     -0.0079870
    -525.5395583993592936      0.0013319
    -524.9378143903755927     -0.0215713
    -524.3360679615042272     -0.0037485
    -523.7343191127783939     -0.0092438
    -523.1325678440650790     -0.0017765
    -522.5308141554306758      0.0074270
    -521.9290580468421012     -0.0064597
    -521.3272995182991281      0.0035814
    -520.7255385698019836     -0.0063532
    -520.1237752012840474      0.0052104
    -519.5220094127452057     -0.0036472
    -518.9202412042188826     -0.0205234
    -518.3184705756384574     -0.0220825
    -517.7166975270038165     -0.0077282
    -517.1149220583483839     -0.0131203
    -516.5131441695722287     -0.0064766
    -515.9113638607087751     -0.0044109
    -515.3095811317245989     -0.0025385
    -514.7077959826197002     -0.0034358
    -514.1060084133608825     -0.0036389
    -513.5042184239813423     -0.0028625
    -512.9024260144145728     -0.0004760
    -512.3006311846605740     -0.0071424
    -511.6988339347193460     -0.0009667
    -511.0970342645575215      0.0009626
    -510.4952321741751575     -0.0052386
    -509.8934276636056211     -0.0039651
    -509.2916207327156712     -0.0030572
    -508.6898113815718716     -0.0001667
    -508.0879996101409688      0.0082560
    -507.4861854184229628      0.0012732
    -506.8843688063513468     -0.0036151
    -506.2825497739925709     -0.0001689
    -505.6807283212801281     -0.0013236
    -505.0789044481808219     -0.0025545
    -504.4770781547277352     -0.0023944
    -503.8752494409210385      0.0067789
    -503.2734183067273648      0.0084294
    -502.6715847520802072      0.0066608
    -502.0697487769795089     -0.0143962
    -501.4679103814585801     -0.0152686
    -500.8660695654841106     -0.0034573
    -500.2642263290228470     -0.0104108
    -499.6623806720414791     -0.0066236
    -499.0605325946066841      0.0003143
    -498.4586820966184746     -0.0095358
    -497.8568291781101038     -0.0059152
    -497.2549738390816856      0.0011549
    -496.6531160794999664     -0.0055037
    -496.0512558992982122      0.0057465
    -495.4493932985099036      0.0032773
    -494.8475282771348702      0.0003071
    -494.2456608351399154      0.0035326
    -493.6437909724917859     -0.0054396
    -493.0419186891903678      0.0019985
    -492.4400439852357181     -0.0012745
    -491.8381668605946402      0.0049489
    -491.2362873152670204      0.0037572
    -490.6344053492196053     -0.0103891
    -490.0325209625190155     -0.0004762
    -489.4306341549986996     -0.0049164
    -488.8287449267586453      0.0053992
    -488.2268532777322889      0.0017961
    -487.6249592079527702      0.0047757
    -487.0230627173536391      0.0063998
    -486.4211638059348957      0.0042641
    -485.8192624736964831      0.0231137
    -485.2173587206384582      0.0072897
    -484.6154525467275107      0.0018620
    -484.0135439519303304     -0.0033477
    -483.4116329363135378      0.0007745
    -482.8097194997106385      0.0026454
    -482.2078036422215632     -0.0092719
    -481.6058853638130017     -0.0103270
    -481.0039646644849540     -0.0070288
    -480.4020415441707996      0.0041267
    -479.8001160028706522      0.0057843
    -479.1981880406177652      0.0093581
    -478.5962576573454612     -0.0032026
    -477.9943248530538540     -0.0005699
    -477.3923896277428867      0.0066779
    -476.7904519814458695      0.0073411
    -476.1885119140296752      0.0060752
    -475.5865694255275571     -0.0001072
    -474.9846245159728255      0.0033556
    -474.3826771852656066     -0.0036528
    -473.7807274334724639     -0.0040722
    -473.1787752605601440     -0.0044882
    -472.5768206664953368      0.0087886
    -471.9748636512447888      0.0081835
    -471.3729042148417534     -0.0090769
    -470.7709423572529772     -0.0072669
    -470.1689780784784034      0.0083601
    -469.5670113784515252     -0.0063769
    -468.9650422572056527     -0.0035753
    -468.3630707147073622     -0.0123379
    -467.7610967509235707     -0.0009677
    -467.1591203658873610     -0.0009670
    -466.5571415595323401      0.0085329
    -465.9551603318915909      0.0004749
    -465.3531766829320304     -0.0133500
    -464.7511906126202916     -0.0084860
    -464.1492021209563745     -0.0080165
    -463.5472112080068428     -0.0010114
    -462.9452178736052588     -0.0056486
    -462.3432221178181862     -0.0032039
    -461.7412239406124854     -0.0038714
    -461.1392233419546187     -0.0151564
    -460.5372203219113771     -0.0135779
    -459.9352148803828300      0.0029546
    -459.3332070174022306     -0.0046293
    -458.7311967329363256     -0.0023889
    -458.1291840269518048      0.0019479
    -457.5271688994819215      0.0015897
    -456.9251513505268463      0.0016564
    -456.3231313799865347      0.0020439
    -455.7211089878943540     -0.0028694
    -455.1190841742169937      0.0063234
    -454.5170569389545108      0.0035425
    -453.9150272821068484      0.0025698
    -453.3129952036406962     -0.0009597
    -452.7109607035561680     -0.0054152
    -452.1089237818198967      0.0017542
    -451.5068844383985720      0.0009486
    -450.9048426733588713      0.0136904
    -450.3027984866341171      0.0048841
    -449.7007518781909994     -0.0054607
    -449.0987028480296885      0.0023416
    -448.4966513961167038      0.0028744
    -447.8945975224521590     -0.0095028
    -447.2925412270693641      0.0048990
    -446.6904825098683887      0.0002138
    -446.0884213709159098      0.0021816
    -445.4863578101118833     -0.0027212
    -444.8842918275230431      0.0020069
    -444.2822234231160792     -0.0059385
    -443.6801525968909345      0.0062335
    -443.0780793487477922     -0.0015815
    -442.4760036787199056     -0.0091868
    -441.8739255868406417      0.0033943
    -441.2718450730100699     -0.0031707
    -440.6697621372948106     -0.0119174
    -440.0676767796281865     -0.0009089
    -439.4655890000103113     -0.0008211
    -438.8634987984079885     -0.0034586
    -438.2614061748542440      0.0003230
    -437.6593111293159950     -0.0010939
    -437.0572136617931278      0.0022664
    -436.4551137722191356      0.0047121
    -435.8530114605940753      0.0091354
    -435.2509067269178331     -0.0001120
    -434.6487995711904091     -0.0005682
    -434.0466899933454101      0.0017120
    -433.4445779934491725     -0.0076892
    -432.8424635714019928     -0.0013219
    -432.2403467272371245      0.0031593
    -431.6382274609545107     -0.0042497
    -431.0361057725209548      0.0006049
    -430.4339816619364001      0.0044589
    -429.8318551291342828      0.0024580
    -429.2297261741478565     -0.0036637
    -428.6275947969439244      0.0008100
    -428.0254609974891764     -0.0002502
    -427.4233247758168091      0.0026852
    -426.8211861318603724     -0.0010213
    -426.2190450656531198      0.0031786
    -425.6169015771616841     -0.0009004
    -425.0147556663529258      0.0055501
    -424.4126073332599844     -0.0077245
    -423.8104565778496067      0.0001160
    -423.2083034000886528      0.0006449
    -422.6061477999436988      0.0154595
    -422.0039897774146880      0.0091563
    -421.4018293325017908      0.0124782
    -420.7996664652048935      0.0108361
    -420.1975011754574894      0.0080369
    -419.5953334633260283      0.0081448
    -418.9931633287108070      0.0116804
    -418.3909907716450789      0.0133753
    -417.7888157920954768      0.0045419
    -417.1866383900953679     -0.0048893
    -416.5844585655781316      0.0001372
    -415.9822763185105146      0.0069464
    -415.3800916489258270      0.0109067
    -414.7779045567574485     -0.0009411
    -414.1757150420719427     -0.0032449
    -413.5735231047694924      0.0073242
    -412.9713287449166614      0.0127570
    -412.3691319624135758      0.0075257
    -411.7669327572934890     -0.0044971
    -411.1647311295565714     -0.0060397
    -410.5625270792025958      0.0017303
    -409.9603206061651122      0.0049007
    -409.3581117104108671     -0.0078012
    -408.7559003919730571      0.0041180
    -408.1536866508184289      0.0015664
    -407.5514704869469824     -0.0064830
    -406.9492519003255211     -0.0057694
    -406.3470308909871846      0.0016781
    -405.7448074588322129      0.0034785
    -405.1425816039271695      0.0046933
    -404.5403533262054339     -0.0016021
    -403.9381226257336266     -0.0064502
    -403.3358895023785635     -0.0030102
    -402.7336539561736117      0.0005843
    -402.1314159871187144     -0.0005691
    -401.5291755952138146      0.0090091
    -400.9269327803924625      0.0058803
    -400.3246875426878546      0.0008806
    -399.7224398820667943     -0.0097312
    -399.1201897985291680     -0.0030636
    -398.5179372920417791     -0.0084456
    -397.9156823625713173      0.0085739
    -397.3134250101842895      0.0033499
    -396.7111652347809354      0.0013647
    -396.1089030363612551      0.0020752
    -395.5066384149251917      0.0044032
    -394.9043713704727452      0.0052788
    -394.3021019029707190     -0.0114745
    -393.6998300123856893      0.0038645
    -393.0975556987510799      0.0111628
    -392.4952789620001568      0.0014601
    -391.8929998021664005     -0.0080764
    -391.2907182191831339      0.0003755
    -390.6884342131502308      0.0054437
    -390.0861477839012537      0.0100555
    -389.4838589315027093      0.0009315
    -388.8815676559215149     -0.0027455
    -388.2792739571241896      0.0000496
    -387.6769778351441005      0.0115702
    -387.0746792899479374     -0.0050646
    -386.4723783215024469      0.0003226
    -385.8700749298076289      0.0003050
    -385.2677691148634267      0.0008793
    -384.6654608766033334      0.0076085
    -384.0631502151271661      0.0109073
    -383.4608371302684873      0.0079163
    -382.8585216221272844      0.0141171
    -382.2562036906035132      0.0062907
    -381.6538833357637941      0.0072443
    -381.0515605575084237      0.0043532
    -380.4492353559037952     -0.0040269
    -379.8469077309167119      0.0003331
    -379.2445776824804966      0.0025123
    -378.6422452106286300     -0.0018918
    -378.0399103153609417     -0.0028059
    -377.4375729966441781      0.0140218
    -376.8352332544451428      0.0070924
    -376.2328910887637790      0.0121088
    -375.6305464995667762     -0.0034215
    -375.0281994868541346      0.0032352
    -374.4258500505926008     -0.0060758
    -373.8234981908154850     -0.0003993
    -373.2211439074894770      0.0014963
    -372.6187872005480131      0.0003750
    -372.0164280700576001     -0.0009507
    -371.4140665159517880     -0.0072177
    -370.8117025382969700      0.0006712
    -370.2093361369268791      0.0053980
    -369.6069673119413892      0.0007899
    -369.0045960632737660     -0.0071444
    -368.4022223909574905      0.0065492
    -367.7998462949258283      0.0050650
    -367.1974677752122034     -0.0004275
    -366.5950868317499385     -0.0011977
    -365.9927034645723438     -0.0078192
    -365.3903176736461660      0.0021188
    -364.7879294589713481      0.0048243
    -364.1855388205480040     -0.0066089
    -363.5831457582761459     -0.0000414
    -362.9807502722224513      0.0010680
    -362.3783523623202996      0.0109836
    -361.7759520286029442      0.0072854
    -361.1735492710371886     -0.0077885
    -360.5711440895896089     -0.0104929
    -359.9687364842603756      0.0022472
    -359.3663264550493750      0.0038385
    -358.7639140019233537      0.0121819
    -358.1614991248823117      0.0067728
    -357.5590818239596160     -0.0107555
    -356.9566620990219690     -0.0011965
    -356.3542399501026807      0.0057584
    -355.7518153772019218      0.0045823
    -355.1493883803195217     -0.0014573
    -354.5469589594222271     -0.0045232
    -353.9445271145101515      0.0052036
    -353.3420928455498711      0.0017349
    -352.7396561525414427      0.0041665
    -352.1372170354515561     -0.0011804
    -351.5347754942802680      0.0059302
    -350.9323315290274650      0.0011681
    -350.3298851396600639     -0.0081743
    -349.7274363261445842     -0.0035065
    -349.1249850884810826     -0.0155410
    -348.5225314266696159     -0.0100080
    -347.9200753406768740      0.0005699
    -347.3176168305028000     -0.0030354
    -346.7151558961141973     -0.0035303
    -346.1126925375110090     -0.0081860
    -345.5102267546932353     -0.0010179
    -344.9077585476276795      0.0000887
    -344.3052879163474245      0.0149104
    -343.7028148607528237     -0.0048522
    -343.1003393808438204     -0.0055519
    -342.4978614766536680     -0.0047945
    -341.8953811481157459     -0.0018342
    -341.2928983952634781      0.0017850
    -340.6904132180634974     -0.0021590
    -340.0879256165157472      0.0001745
    -339.4854355905537204     -0.0023862
    -338.8829431402440377     -0.0067119
    -338.2804482654868252     -0.0035629
    -337.6779509663818999      0.0016501
    -337.0754512427960776     -0.0052217
    -336.4729490947294153     -0.0098048
    -335.8704445222152799      0.0041188
    -335.2679375252201908     -0.0001914
    -334.6654281037443184      0.0014336
    -334.0629162577543525      0.0033867
    -333.4604019872502363     -0.0007868
    -332.8578852921654629     -0.0055605
    -332.2553661725664824      0.0042176
    -331.6528446283869016      0.0012309
    -331.0503206596931705     -0.0070024
    -330.4477942663188514      0.0025933
    -329.8452654483638753     -0.0003587
    -329.2427342057616215     -0.0064571
    -328.6402005385121470     -0.0052282
    -328.0376644466486482      0.0005181
    -327.4351259300713650     -0.0141891
    -326.8325849888134940      0.0024522
    -326.2300416228751487     -0.0040177
    -325.6274958322229054     -0.0015125
    -325.0249476168236242      0.0055111
    -324.4223969767437552     -0.0017061
    -323.8198439118501710     -0.0009258
    -323.2172884222095490     -0.0022810
    -322.6147305077552687     -0.0103798
    -322.0121701685205267     -0.0114668
    -321.4096074044388160     -0.0059070
    -320.8070422155435040      0.0025788
    -320.2044746018011665     -0.0010980
    -319.6019045632119173     -0.0049821
    -318.9993320997090791     -0.0121762
    -318.3967572113593292      0.0000077
    -317.7941798981293005      0.0004977
    -317.1916001599524861      0.0050878
    -316.5890179968288862     -0.0075562
    -315.9864334087584439     -0.0157188
    -315.3838463957078488     -0.0180702
    -314.7812569577105251     -0.0015866
    -314.1786650946998520      0.0075354
    -313.5760708066757161      0.0023799
    -312.9734740936382309     -0.0005485
    -312.3708749555873965     -0.0072271
    -311.7682733924565355      0.0024469
    -311.1656694043123252      0.0096307
    -310.5630629910549487     -0.0003231
    -309.9604541527175456     -0.0011449
    -309.3578428892337229     -0.0007559
    -308.7552292006366201      0.0050604
    -308.1526130869262374      0.0013287
    -307.5499945480361248     -0.0000125
    -306.9473735839661686      0.0021325
    -306.3447501947497358      0.0152817
    -305.7421243803202060      0.0030318
    -305.1394961406775792     -0.0043899
    -304.5368654758551656     -0.0050505
    -303.9342323857532051      0.0020009
    -303.3315968703714702     -0.0030825
    -302.7289589297433849      0.0046769
    -302.1263185638356958     -0.0084478
    -301.5236757726150927     -0.0004569
    -300.9210305560815186      0.0072391
    -300.3183829142017203      0.0063676
    -299.7157328470089510      0.0085131
    -299.1130803544367609     -0.0004919
    -298.5104254365183465     -0.0058854
    -297.9077680932203407      0.0012764
    -297.3051083245097175     -0.0088946
    -296.7024461303528824     -0.0033044
    -296.0997815107833162     -0.0028640
    -295.4971144657677087      0.0082772
    -294.8944449953060030      0.0086414
    -294.2917730993316354     -0.0006108
    -293.6890987779112834      0.0018393
    -293.0864220309449593     -0.0041074
    -292.4837428584659733     -0.0000875
    -291.8810612604744392      0.0023215
    -291.2783772369702433     -0.0006241
    -290.6756907878535117      0.0016629
    -290.0730019131576682      0.0052395
    -289.4703106128825425      0.0015525
    -288.8676168869949379      0.0084640
    -288.2649207354948544      0.0081488
    -287.6622221583490386      0.0113888
    -287.0595211555241235      0.0032185
    -286.4568177270867864      0.0045228
    -285.8541118729370396     -0.0033172
    -285.2514035930750538     -0.0022284
    -284.6486928876005322     -0.0059012
    -284.0459797563137840      0.0066460
    -283.4432641993147399     -0.0028068
    -282.8405462165367794     -0.0037974
    -282.2378258080132127      0.0036395
    -281.6351029736774763      0.0080549
    -281.0323777135628234      0.0125372
    -280.4296500276360007      0.0028139
    -279.8269199158969514     -0.0016736
    -279.2241873783124220     -0.0004074
    -278.6214524148492160      0.0012910
    -278.0187150255737265      0.0051783
    -277.4159752103862502      0.0001942
    -276.8132329692867302     -0.0052281
    -276.2104883022751665      0.0002004
    -275.6077412093183625      0.0006030
    -275.0049916904161478     -0.0037672
    -274.4022397455685791     -0.0010087
    -273.7994853747424600     -0.0028278
    -273.1967285779377335      0.0047638
    -272.5939693551211462     -0.0026513
    -271.9912077062926414     -0.0017452
    -271.3884436314855293      0.0039514
    -270.7856771305666825     -0.0120805
    -270.1829082036026648      0.0065375
    -269.5801368505602227      0.0070299
    -268.9773630714059891     -0.0002067
    -268.3745868661733311     -0.0011447
    -267.7718082348289386     -0.0034923
    -267.1690271773061909      0.0043939
    -266.5662436936717654      0.0011304
    -265.9634577838589848      0.0027440
    -265.3606694479012162      0.0054354
    -264.7578786857651494      0.0008204
    -264.1550854973842206     -0.0027758
    -263.5522898827583163      0.0004567
    -262.9494918419208602      0.0053041
    -262.3466913748385991      0.0029792
    -261.7438884814781659     -0.0052688
    -261.1410831618395605      0.0005609
    -260.5382754158894727      0.0007487
    -259.9354652436279594      0.0056742
    -259.3326526450883307     -0.0014375
    -258.7298376201706560      0.0012656
    -258.1270201689416126      0.0017742
    -257.5242002913011561     -0.0032899
    -256.9213779872827672      0.0048307
    -256.3185532568863891      0.0064888
    -255.7157261000454014      0.0009861
    -255.1128965167931142      0.0011770
    -254.5100645070962457      0.0047574
    -253.9072300709548244      0.0049693
    -253.3043932083355401     -0.0001407
    -252.7015539192051108     -0.0029206
    -252.0987122035968184     -0.0027135
    -251.4958680615439732      0.0007988
    -250.8930214928801092      0.0071740
    -250.2901724976717901      0.0071142
    -249.6873210759190727     -0.0013142
    -249.0844672275886751     -0.0005405
    -248.4816109526805405     -0.0025164
    -247.8787522511614156      0.0005020
    -247.2758911229979901      0.0052119
    -246.6730275682236027     -0.0071775
    -246.0701615868049146     -0.0039492
    -245.4672931787419543     -0.0064842
    -244.8644223440347503     -0.0043560
    -244.2615490825834001     -0.0067818
    -243.6586733944211858     -0.0048173
    -243.0557952795481356      0.0016000
    -242.4529147379309677      0.0072965
    -241.8500317696029356      0.0036262
    -241.2471463744642222     -0.0003047
    -240.6442585525481093      0.0010684
    -240.0413683038545400     -0.0025001
    -239.4384756283835713     -0.0049504
    -238.8355805260353577      0.0024057
    -238.2326829969429980      0.0079763
    -237.6297830409068581      0.0089931
    -237.0268806580266983     -0.0004563
    -236.4239758482692650      0.0073265
    -235.8210686116013051      0.0028532
    -235.2181589480560717      0.0007229
    -234.6152468575337195      0.0021480
    -234.0123323401008406      0.0071812
    -233.4094153957241247     -0.0029790
    -232.8064960243702899     -0.0108667
    -232.2035742260060545     -0.0138854
    -231.6006500007312923     -0.0042562
    -230.9977233483795374     -0.0126139
    -230.3947942689841284     -0.0065966
    -229.7918627625782904     -0.0106122
    -229.1889288290954880     -0.0105239
    -228.5859924685357498      0.0070595
    -227.9830536808990189      0.0005583
    -227.3801124661520987      0.0098221
    -226.7771688242948755      0.0080864
    -226.1742227552941245      0.0031553
    -225.5712742591831272     -0.0049372
    -224.9683233358620100     -0.0016372
    -224.3653699854639569     -0.0047046
    -223.7624142077892202      0.0009146
    -223.1594560029377021     -0.0048593
    -222.5564953708760640     -0.0000774
    -221.9535323115377423      0.0088416
    -221.3505668249893290      0.0066606
    -220.7475989111642605     -0.0027379
    -220.1446285700625083     -0.0049994
    -219.5416558016841293     -0.0031829
    -218.9386806059624746     -0.0064536
    -218.3357029829641647      0.0035339
    -217.7327229326559177      0.0039039
    -217.1297404549378598      0.0005242
    -216.5267555498765546      0.0115874
    -215.9237682174387487      0.0092810
    -215.3207784575911319     -0.0006997
    -214.7177862703337041     -0.0037657
    -214.1147916556664939     -0.0024406
    -213.5117946135561908     -0.0047707
    -212.9087951439695132      0.0069613
    -212.3057932469397429     -0.0019439
    -211.7027889224336263      0.0095627
    -211.0997821704511352      0.0077043
    -210.4967729909257059      0.0056310
    -209.8937613838906486      0.0024401
    -209.2907473492793144     -0.0002033
    -208.6877308871583523     -0.0141608
    -208.0847119974279167     -0.0103204
    -207.4816906801212326      0.0063341
    -206.8786669352383569     -0.0062246
    -206.2756407627126691     -0.0021725
    -205.6726121625774795     -0.0104338
    -205.0695811347662243     -0.0054876
    -204.4665476793787491     -0.0004056
    -203.8635117962486163     -0.0132239
    -203.2604734854424180     -0.0004312
    -202.6574327469269008     -0.0024487
    -202.0543895807020078      0.0024912
    -201.4513439867677391      0.0079518
    -200.8482959650575879      0.0024883
    -200.2452455155714972     -0.0040227
    -199.6421926383427774     -0.0060315
    -199.0391373333048364      0.0061766
    -198.4360796004909844     -0.0019153
    -197.8330194398679112     -0.0054445
    -197.2299568513690531     -0.0082930
    -196.6268918350610306     -0.0009546
    -196.0238243908439415     -0.0117042
    -195.4207545187510675      0.0051972
    -194.8176822187824371      0.0006538
    -194.2146074909047400     -0.0128079
    -193.6115303351179762     -0.0025926
    -193.0084507513888923      0.0017372
    -192.4053687396841781      0.0052488
    -191.8022843000371154      0.0064281
    -191.1991974324477326     -0.0076283
    -190.5961081368161274     -0.0125604
    -189.9930164131756385     -0.0027088
    -189.3899222614929556     -0.0090680
    -188.7868256818013606     -0.0060353
    -188.1837266740342898      0.0032086
    -187.5806252382250250     -0.0073394
    -186.9775213743070310      0.0087819
    -186.3744150822802510      0.0064544
    -185.7713063621779952     -0.0045822
    -185.1681952139337000     -0.0121566
    -184.5650816375806755     -0.0109572
    -183.9619656330190196      0.0018320
    -183.3588472003152958     -0.0105050
    -182.7557263394030258     -0.0110497
    -182.1526030503153777     -0.0053415
    -181.5494773329858447     -0.0107799
    -180.9463491874144268     -0.0146484
    -180.3432186136344058     -0.0134081
    -179.7400856115792180     -0.0128752
    -179.1369501812488352     -0.0037388
    -178.5338123226432572     -0.0032046
    -177.9306720357625409     -0.0063530
    -177.3275293205067840     -0.0004925
    -176.7243841769425501      0.0081491
    -176.1212366050365858      0.0054148
    -175.5180866047556094     -0.0089217
    -174.9149341760995640      0.0019340
    -174.3117793190352813      0.0017888
    -173.7086220335959013     -0.0001221
    -173.1054623197149454     -0.0127490
    -172.5023001773924136      0.0070396
    -171.8991356066282492     -0.0073932
    -171.2959686074558192     -0.0024875
    -170.6927991797419395      0.0123778
    -170.0896273235531453      0.0015426
    -169.4864530388562116     -0.0063291
    -168.8832763256178282     -0.0005935
    -168.2800971838380235      0.0053123
    -167.6769156135167407      0.0111655
    -167.0737316146207547      0.0082628
    -166.4705451871832906      0.0018727
    -165.8673563311045598     -0.0012924
    -165.2641650464177872     -0.0080693
    -164.6609713331563114     -0.0032255
    -164.0577751912202586     -0.0050017
    -163.4545766206096005      0.0022282
    -162.8513756213576471      0.0052080
    -162.2481721933978633      0.0084654
    -161.6449663367301639      0.0030803
    -161.0417580513879443      0.0100308
    -160.4385473372712454      0.0094060
    -159.8353341944467161      0.0222501
    -159.2321186228477359      0.0003407
    -158.6289006224743332      0.0161788
    -158.0256801933597615      0.0231782
    -157.4224573354042036      0.0077518
    -156.8192320486076596      0.0073615
    -156.2160043330033830      0.0236034
    -155.6127741885581486      0.0187506
    -155.0095416152385894      0.0232173
    -154.4063066130447908      0.0067874
    -153.8030691819766673      0.0054996
    -153.1998293220009941      0.0148549
    -152.5965870330844893     -0.0072511
    -151.9933423152603780      0.0059879
    -151.3900951684954350      0.0229623
    -150.7868455927563787      0.0200056
    -150.1835935880431521      0.0228140
    -149.5803391543225302     -0.0030196
    -148.9770822915945132      0.0071671
    -148.3738229998257623      0.0148722
    -147.7705612790496161      0.0061130
    -147.1672971291994543      0.0091986
    -146.5640305503086438     -0.0026364
    -145.9607615423105358     -0.0009988
    -145.3574901052384121      0.0155023
    -144.7542162390923579     -0.0025686
    -144.1509399437724426      0.0079408
    -143.5476612193120047      0.0192691
    -142.9443800657109875      0.0051697
    -142.3410964829361376      0.0015435
    -141.7378104709874549      0.0091940
    -141.1345220298316576     -0.0038694
    -140.5312311594354355      0.0024994
    -139.9279378598654375     -0.0056088
    -139.3246421310216761      0.0091369
    -138.7213439729042932      0.0124704
    -138.1180433855797673      0.0057397
    -137.5147403689482530     -0.0051970
    -136.9114349229764969     -0.0027781
    -136.3081270476978091     -0.0081243
    -135.7048167431121044      0.0037910
    -135.1015040091528761     -0.0080991
    -134.4981888458534058     -0.0016576
    -133.8948712531804119      0.0128765
    -133.2915512311005841      0.0102678
    -132.6882287796471758      0.0005564
    -132.0849038987537085     -0.0078152
    -131.4815765884534073      0.0080065
    -130.8782468487130188     -0.0028388
    -130.2749146794659509     -0.0005808
    -129.6715800807454855      0.0013017
    -129.0682430525516509      0.0021014
    -128.4649035948511369     -0.0167647
    -127.8615617076106616     -0.0118402
    -127.2582173908635212     -0.0023756
    -126.6548706445431378     -0.0021124
    -126.0515214686494971     -0.0042276
    -125.4481698631826418     -0.0076871
    -124.8448158281758396      0.0064997
    -124.2414593635292164      0.0006874
    -123.6381004692427865     -0.0130530
    -123.0347391453165500     -0.0034298
    -122.4313753917505068      0.0107846
    -121.8280092085113893      0.0094705
    -121.2246405955658872      0.0225833
    -120.6212695529472967     -0.0089199
    -120.0178960806223358      0.0089351
    -119.4145201785577086      0.0174404
    -118.8111418467534435     -0.0020355
    -118.2077610852427938      0.0016225
    -117.6043778938926323      0.0102294
    -117.0009922728028045     -0.0154555
    -116.3976042218734790      0.0184690
    -115.7942137411379377     -0.0096236
    -115.1908208305961807      0.0059822
    -114.5874254901816016      0.0045545
    -113.9840277199275249      0.0123163
    -113.3806275198006830     -0.0036572
    -112.7772248897677372     -0.0101214
    -112.1738198298620119     -0.0044550
    -111.5704123400501970      0.0056393
    -110.9670024202990248     -0.0259507
    -110.3635900705752277     -0.0155191
    -109.7601752908787915     -0.0119292
    -109.1567580812429838     -0.0005197
    -108.5533384415679592     -0.0298612
    -107.9499163719203096     -0.0001845
    -107.3464918722667250      0.0110511
    -106.7430649425406415     -0.0165138
    -106.1396355828086371     -0.0106463
    -105.5362037929708663     -0.0035376
    -104.9327695731271461     -0.0070255
    -104.3293329231443778     -0.0208779
    -103.7258938430225470     -0.0175058
    -103.1224523328282316     -0.0027337
    -102.5190083924615720     -0.0104952
    -101.9155620219558500     -0.0053545
    -101.3121132212777695     -0.0204538
    -100.7086619903940772     -0.0113190
    -100.1052083293380264     -0.0334681
     -99.5017522380763495     -0.0344153
     -98.8982937165757789     -0.0054090
     -98.2948327649028499     -0.0140971
     -97.6913693829244494     -0.0150341
     -97.0879035706738449     -0.0195839
     -96.4844353281177547     -0.0123570
     -95.8809646552894890     -0.0018808
     -95.2774915521224557     -0.0199248
     -94.6740160186499367     -0.0247588
     -94.0705380548386643     -0.0081167
     -93.4670576606553425      0.0018659
     -92.8635748360999571     -0.0089653
     -92.2600895811392547     -0.0247843
     -91.6566018958730808     -0.0081627
     -91.0531117801017302     -0.0323214
     -90.4496192339250200     -0.0243611
     -89.8461242572764434     -0.0229442
     -89.2426268501892537     -0.0150009
     -88.6391270126301407     -0.0259203
     -88.0356247445658653      0.0036456
     -87.4321200459963990     -0.0052589
     -86.8286129169217560     -0.0268892
     -86.2251033572753869     -0.0139995
     -85.6215913671238127     -0.0185009
     -85.0180769464337658      0.0056059
     -84.4145600951386967      0.0212141
     -83.8110408132386056     -0.0081647
     -83.2075191007334780      0.0132484
     -82.6039949575900323     -0.0051772
     -82.0004683838415502      0.0028632
     -81.3969393794214824     -0.0020883
     -80.7934079443298145     -0.0080038
     -80.1898740785665325     -0.0050098
     -79.5863377821316647     -0.0084733
     -78.9827990549586190      0.0000432
     -78.3792578971139875     -0.0029274
     -77.7757143084978964      0.0091107
     -77.1721682891103598      0.0152984
     -76.5686198389513777      0.0246220
     -75.9650689580209360      0.0162771
     -75.3615156462857669      0.0151461
     -74.7579599037125746      0.0060032
     -74.1544017303346550      0.0118535
     -73.5508411261187121      0.0271151
     -72.9472780910647600      0.0177149
     -72.3437126251062210      0.0183219
     -71.7401447283429405      0.0298826
     -71.1365744006085094      0.0500137
     -70.5330016419362238      0.0346935
     -69.9294264523593512      0.0335229
     -69.3258488318445956      0.0484503
     -68.7222687803586894      0.0655357
     -68.1186862979016468      0.0631934
     -67.5151013844734393      0.0865333
     -66.9115140400075177      0.0555051
     -66.3079242645371494      0.0686161
     -65.7043320580290811      0.0756509
     -65.1007374205498479      0.0847913
     -64.4971403519330551      0.1192803
     -63.8935408522452519      0.1272024
     -63.2899389214531638      0.1430075
     -62.6863345595567907      0.1494333
     -62.0827277665561184      0.1624357
     -61.4791185424178934      0.1809019
     -60.8755068871420875      0.1854726
     -60.2718928006621510      0.2316722
     -59.6682762830446478      0.2447816
     -59.0646573341897110      0.2631764
     -58.4610359541972144      0.2923869
     -57.8574121429340096      0.3397476
     -57.2537859004333782      0.3521437
     -56.6501572266620528      0.3865501
     -56.0465261216532937      0.4521256
     -55.4428925853405588      0.5060167
     -54.8392566177238265      0.5402591
     -54.2356182188031113      0.6131987
     -53.6319773885451241      0.6194327
     -53.0283341269831467      0.6867184
     -52.4246884340173267      0.7064650
     -51.8210403097475236      0.7593057
     -51.2173897540738778      0.8090097
     -50.6137367669631146      0.8395880
     -50.0100813484485016      0.8765906
     -49.4064234984967783      0.8853220
     -48.8027632171079233      0.8810021
     -48.1991005042486620      0.8943399
     -47.5954353599522832      0.8973325
     -46.9917677841189274      0.8745446
     -46.3880977768151652      0.8805190
     -45.7844253379744259      0.8476700
     -45.1807504676632803      0.8432534
     -44.5770731657486010      0.8290449
     -43.9733934322969446      0.8031641
     -43.3697112672417404      0.7898032
     -42.7660266706162844      0.7574942
     -42.1623396423540058      0.7054777
     -41.5586501824881793      0.6875735
     -40.9549582909855303      0.6830806
     -40.3512639678460587      0.6480135
     -39.7475672130031938      0.6152769
     -39.1438680265235064      0.6231033
     -38.5401664083737074      0.6133984
     -37.9364623584872334      0.5858264
     -37.3327558768640841      0.5806789
     -36.7290469635042598      0.5766724
     -36.1253356183744785      0.5706773
     -35.5216218415080149      0.5699205
     -34.9179056328383055      0.5865238
     -34.3141869923653644      0.5896583
     -33.7104659201224592      0.6070555
     -33.1067424160097374      0.6344240
     -32.5030164800604950      0.6769011
     -31.8992881123412921      0.6983910
     -31.2955573126524271      0.7150472
     -30.6918240811270380      0.7597119
     -30.0880884176652685      0.7760493
     -29.4843503223004078      0.7794831
     -28.8806097949991667      0.7934791
     -28.2768668357615489      0.7978023
     -27.6731214445875509      0.7984312
     -27.0693736214106089      0.8058196
     -26.4656233662640084      0.8134279
     -25.8618706790811785      0.8012433
     -25.2581155599619720      0.8096720
     -24.6543580087399654      0.8377303
     -24.0505980254817331      0.8411715
     -23.4468356101872715      0.8235290
     -22.8430707627900134      0.8304213
     -22.2393034832899623      0.8615424
     -21.6355337717203930      0.8603949
     -21.0317616280147490      0.8574693
     -20.4279870521730231      0.8699977
     -19.8242100441619371      0.8981486
     -19.2204306040147692      0.9304783
     -18.6166487317315230      0.9653569
     -18.0128644271790570      0.9869524
     -17.4090776904572344      1.0400324
     -16.8052885214994774      1.0729836
     -16.2014969203057930      1.1246831
     -15.5977028868428942      1.1902543
     -14.9939064211107791      1.2624860
     -14.3901075231094513      1.3895843
     -13.7863061928056254      1.5961066
     -13.1825024301993015      1.9876522
     -12.5786962352904794      2.6980982
     -11.9748876080458757      3.7680361
     -11.3710765484322067      4.8661222
     -10.7672630564161906      5.7406702
     -10.1634471320311075      6.4299707
      -9.5596287752436773      7.4424753
      -8.9558079860538964      9.0417824
      -8.3519847644284848     10.7828045
      -7.7481591103341563     12.1505289
      -7.1443310238041962     12.8807783
      -6.5405005048053191     12.9819765
      -5.9366675533375259     12.4571400
      -5.3328321694008176     11.5292568
      -4.7289943528620570     10.6594410
      -4.1251541038210977     10.1971970
      -3.5213114222446551     10.2227182
      -2.9174663080994456     10.8282394
      -2.3136187613854684     11.8751898
      -1.7097687820694412     13.0331936
      -1.1059163701513630     14.6717730
      -0.5020615255979506     17.6775436
       0.1017957515907961     22.4223957
       0.7056554613815935     27.3140488
       1.3095176038077252     29.7665615
       1.9133821790023260     28.5465527
       2.5172491868988280     24.8022404
       3.1211186274306648     20.5746517
       3.7249905007309705     16.8071613
       4.3288648067331765     13.3259459
       4.9327415455038537     10.2556362
       5.5366207171095656      7.7780519
       6.1405023214171797      6.0259652
       6.7443863585598294      4.8719993
       7.3482728284709484      4.0868707
       7.9521617312171040      3.5145874
       8.5560530667982952      3.0806770
       9.1599468352145230      2.7287736
       9.7638430365989208      2.4254048
      10.3677416708183561      2.1284993
      10.9716427378728252      1.8363450
      11.5755462378954679      1.6319820
      12.1794521708862789      1.4254613
      12.7833605367786962      1.2679874
      13.3872713356392836      1.1176581
      13.9911845674680411      0.9781410
      14.5951002321984014      0.8555831
      15.1990183300300661      0.7583721
      15.8029388608964734      0.6859763
      16.4068618247310489      0.6015882
      17.0107872216669271      0.5091400
      17.6147150516375461      0.4538923
      18.2186453146429059      0.4250155
      18.8225780108161338      0.3779277
      19.4265131400241025      0.3283228
      20.0304507023999427      0.2864975
      20.6343906979436547      0.2434670
      21.2383331265221074      0.2105556
      21.8422779883349989      0.1859848
      22.4462252833157621      0.1585535
      23.0501750115309676      0.1520186
      23.6541271729140412      0.1350814
      24.2580817675315608      0.1052427
      24.8620387953835156      0.1035293
      25.4659982564699128      0.0910667
      26.0699601508573124      0.0870325
      26.6739244784791580      0.0733204
      27.2778912394020132      0.0666270
      27.8818604336258673      0.0647997
      28.4858320612173017      0.0411909
      29.0898061221763093      0.0348185
      29.6937826164363265      0.0491359
      30.2977615440639170      0.0288367
      30.9017429051256478      0.0289444
      31.5057266995549519      0.0296913
      32.1097129274183999      0.0402515
      32.7137015886494211      0.0180430
      33.3176926833811535      0.0212845
      33.9216862115470263      0.0301830
      34.5256821731470396      0.0271275
      35.1296805683143347      0.0126280
      35.7336813969157632      0.0120027
      36.3376846590844806      0.0134775
      36.9416903547538951     -0.0041284
      37.5456984839905914      0.0070543
      38.1497090467945696      0.0110972
      38.7537220431658227     -0.0021946
      39.3577374731709142     -0.0149406
      39.9617553366767098      0.0088641
      40.5657756338829287      0.0088034
      41.1697983646564154      0.0138291
      41.7738235291303113      0.0278040
      42.3778511272380598     -0.0032516
      42.9818811590462104     -0.0108632
      43.5859136245547845     -0.0047094
      44.1899485237637535     -0.0147541
      44.7939858567397167     -0.0049679
      45.3980256234160819      0.0071090
      46.0020678237928564      0.0045483
      46.6061124580031816      0.0030824
      47.2101595259804867      0.0309218
      47.8142090277247718      0.0075361
      48.4182609633025933      0.0025743
      49.0223153327139656     -0.0007452
      49.6263721359588814      0.0202880
      50.2304313730373480      0.0084894
      50.8344930440159217      0.0079126
      51.4385571488946169      0.0122477
      52.0426236876068486      0.0029666
      52.6466926602857654     -0.0024642
      53.2507640668647966      0.0030723
      53.8548379074104986      0.0057478
      54.4589141818563220      0.0022780
      55.0629928903353871     -0.0084138
      55.6670740327811373      0.0093359
      56.2711576092601362      0.0045036
      56.8752436197723767     -0.0023331
      57.4793320642513095     -0.0085087
      58.0834229428300475      0.0148679
      58.6875162554420342      0.0153275
      59.2916120021538404      0.0261399
      59.8957101828988812     -0.0034563
      60.4998107978103121      0.0041830
      61.1039138468215626      0.0187936
      61.7080193298660618     -0.0000875
      62.3121272472100713     -0.0078964
      62.9162375986539004      0.0120323
      63.5203503842640984      0.0005850
      64.1244656041072574      0.0025918
      64.7285832581167995      0.0093518
      65.3327033464258591      0.0208257
      65.9368258689012805      0.0249395
      66.5409508256762479      0.0040999
      67.1450782166841549      0.0068864
      67.7492080419915794     -0.0099527
      68.3533403015319436      0.0108977
      68.9574749954384032      0.0001189
      69.5616121236443661     -0.0018858
      70.1657516862164385      0.0167775
      70.7698936831545780      0.0006597
      71.3740381144587843     -0.0002828
      71.9781849801291003     -0.0001918
      72.5823342802320610      0.0144099
      73.1864860147011029     -0.0040011
      73.7906401836027896      0.0004720
      74.3947967870037132      0.0192706
      74.9989558247707180      0.0088607
      75.6031172971034948      0.0065889
      76.2072812038689307      0.0055272
      76.8114475451335892      0.0156318
      77.4156163209640198      0.0013970
      78.0197875312936873      0.0046375
      78.6239611761891268      0.0171566
      79.2281372556503527      0.0213951
      79.8323157696773649      0.0032743
      80.4364967182701776      0.0026933
      81.0406801014953260      0.0133104
      81.6448659192862749      0.0065789
      82.2490541717761374      0.0238448
      82.8532448588983499      0.0398451
      83.4574379806529123      0.0041752
      84.0616335371064025      0.0211929
      84.6658315282588205      0.0531094
      85.2700319541767158      0.0023933
      85.8742348147269610      0.0169011
      86.4784401101092612      0.0141732
      87.0826478401904893     -0.0089080
      87.6868580050372088      0.0005129
      88.2910706045828420      0.0012508
      88.8952856390271080     -0.0150600
      89.4995031082368371      0.0046658
      90.1037230123452133      0.0047357
      90.7079453512190668     -0.0021659
      91.3121701249915532      0.0120407
      91.9163973336626299      0.0031527
      92.5206269771657901      0.0061660
      93.1248590555675833      0.0128334
      93.7290935688679809      0.0159618
      94.3333305171335610      0.0062555
      94.9375699002977740      0.0021856
      95.5418117184937472      0.0249922
      96.1460559715883392      0.0086693
      96.7503026597146771      0.0063037
      97.3545517828727895     -0.0041138
      97.9588033409960985     -0.0114591
      98.5630573342177030     -0.0096196
      99.1673137624045182     -0.0056523
      99.7715726256896573     -0.0029502
     100.3758339240731203      0.0161175
     100.9800976575548930      0.0093237
     101.5843638260684401      0.0045346
     102.1886324297468605      0.0179685
     102.7929034685236189      0.0055614
     103.3971769425318286      0.0033900
     104.0014528516383763     -0.0097271
     104.6057311959097973     -0.0010368
     105.2100119754126979      0.0017549
     105.8142951901470354      0.0035827
     106.4185808401128384     -0.0038100
     107.0228689252435430     -0.0008230
     107.6271594456722767     -0.0004785
     108.2314524013324615      0.0060822
     108.8357477922906753      0.0011104
     109.4400456186134676     -0.0121453
     110.0443458801677394     -0.0023658
     110.6486485770866040      0.0105247
     111.2529537093700469      0.0279147
     111.8572612769515189      0.0083497
     112.4615712799641614     -0.0010964
     113.0658837183413823      0.0200403
     113.6701985920832101      0.0169800
     114.2745159012561942      0.0378390
     114.8788356458603346      0.0231210
     115.4831578258956455      0.0031640
     116.0874824414286905      0.0028167
     116.6918094923928777     -0.0010805
     117.2961389788547990     -0.0106138
     117.9004709008810181     -0.0090754
     118.5048052583383935      0.0047014
     119.1091420514266446      0.0040051
     119.7134812799460519      0.0064720
     120.3178229440963207      0.0014918
     120.9221670438108731     -0.0070992
     121.5265135790897375     -0.0037093
     122.1308625499994491     -0.0064646
     122.7352139565400222      0.0127440
     123.3395677987114709     -0.0022097
     123.9439240765803589      0.0135031
     124.5482827900135305      0.0019911
     125.1526439392107051      0.0341817
     125.7570075241052905      0.0013950
     126.3613735446307516      0.0020192
     126.9657420009867792     -0.0002505
     127.5701128929736541      0.0027412
     128.1744862207245319     -0.0163386
     128.7788619843059905     -0.0147515
     129.3832401836514521     -0.0122232
     129.9876208187608881      0.0025085
     130.5920038897009192      0.0356427
     131.1963893965380237      0.0111580
     131.8007773391391595     -0.0073341
     132.4051677176374255     -0.0013631
     133.0095605319662582     -0.0145024
     133.6139557821922779     -0.0095027
     134.2183534683153425      0.0085824
     134.8227535903355658     -0.0011954
     135.4271561483195114     -0.0159554
     136.0315611422671225     -0.0149934
     136.6359685721118922     -0.0056358
     137.2403784379869194     -0.0097855
     137.8447907398256689     -0.0009110
     138.4492054776946475     -0.0017838
     139.0536226515939120      0.0055510
     139.6580422615234340      0.0034864
     140.2624643074832136     -0.0023402
     140.8668887894732791     -0.0137694
     141.4713157074936021      0.0055709
     142.0757450616773383     -0.0034057
     142.6801768520244877      0.0167409
     143.2846110784018663      0.0115736
     143.8890477409426580     -0.0061217
     144.4934868396468630     -0.0047112
     145.0979283745810164     -0.0146562
     145.7023723456120194     -0.0052781
     146.3068187528729993      0.0028597
     146.9112675962973356     -0.0158585
     147.5157188760182407     -0.0029392
     148.1201725918359955      0.0195992
     148.7246287440168260      0.0040624
     149.3290873324941970      0.0001654
     149.9335483572015733      0.0099870
     150.5380118182719968      0.0008900
     151.1424777155724257      0.0064168
     151.7469460492359303     -0.0071507
     152.3514168192625391     -0.0114696
     152.9558900256522804     -0.0100088
     153.5603656684050975     -0.0120097
     154.1648437475210471     -0.0027137
     154.7693242630000725     -0.0032588
     155.3738072149087941     -0.0197996
     155.9782926033137187     -0.0161867
     156.5827804281483395     -0.0070201
     157.1872706894126281      0.0053699
     157.7917633871731482     -0.0000799
     158.3962585214298997      0.0115963
     159.0007560921829111     -0.0014475
     159.6052560994321254     -0.0008464
     160.2097585432441917     -0.0271608
     160.8142634236189963     -0.0073932
     161.4187707404900891      0.0137984
     162.0232804939905407     -0.0188940
     162.6277926840537873     -0.0206038
     163.2323073107464211     -0.0020916
     163.8368243740684420      0.0055330
     164.4413438740863853      0.0049511
     165.0458658106671237      0.0092574
     165.6503901839438129     -0.0116375
     166.2549169939164528     -0.0178138
     166.8594462405850152     -0.0126988
     167.4639779239494999      0.0148140
     168.0685120440099638     -0.0014311
     168.6730486008329137     -0.0305537
     169.2775875944183497     -0.0205458
     169.8821290247663285      0.0028254
     170.4866728918767933     -0.0046553
     171.0912191958163362     -0.0023320
     171.6957679365849572      0.0077138
     172.3003191141826278      0.0071106
     172.9048727286094334      0.0052616
     173.5094287799318238      0.0205576
     174.1139872680833207      0.0065002
     174.7185481930638673     -0.0077424
     175.3231115550066477      0.0089662
     175.9276773539116050      0.0021976
     176.5322455897122325     -0.0163534
     177.1368162624084732     -0.0046492
     177.7413893721335114     -0.0140342
     178.3459649188207266     -0.0022016
     178.9505429024702039     -0.0061992
     179.5551233231484503      0.0069769
     180.1597061808554372     -0.0174341
     180.7642914755912216     -0.0195105
     181.3688792073557465     -0.0034229
     181.9734693762156610     -0.0117354
     182.5780619821043445     -0.0103191
     183.1826570251549242     -0.0163039
     183.7872545053008366     -0.0002856
     184.3918544225421101      0.0008386
     184.9964567769453083      0.0118410
     185.6010615685104028     -0.0098048
     186.2056687972373936      0.0067294
     186.8102784631263091      0.0210752
     187.4148905661771494     -0.0046416
     188.0195051064564211     -0.0028209
     188.6241220840307733     -0.0001062
     189.2287414987670502      0.0017547
     189.8333633507983507      0.0088989
     190.4379876401246747      0.0006082
     191.0426143666795156     -0.0013283
     191.6472435305959436     -0.0038627
     192.2518751318074237      0.0069993
     192.8565091703139558     -0.0006769
     193.4611456461821035      0.0106276
     194.0657845594118385     -0.0049264
     194.6704259100032175      0.0031371
     195.2750696980227758      0.0046909
     195.8797159234039214      0.0082819
     196.4843645862132462      0.0050768
     197.0890156865173424     -0.0096853
     197.6936692241830542      0.0091223
     198.2983251993435090      0.0189858
     198.9029836119986783      0.0148201
     199.5076444621486189      0.0016237
     200.1123077497933025     -0.0063809
     200.7169734749327574      0.0089119
     201.3216416375668985     -0.0106619
     201.9263122378289665     -0.0248571
     202.5309852756523412     -0.0075339
     203.1356607510370509     -0.0096241
     203.7403386640496024      0.0094332
     204.3450190146234888     -0.0063117
     204.9497018028918376      0.0121194
     205.5543870287214929      0.0059161
     206.1590746922455821     -0.0087562
     206.7637647934641336      0.0102215
     207.3684573323105553      0.0037558
     207.9731523088514109      0.0030973
     208.5778497231533208     -0.0057090
     209.1825495751496646     -0.0013253
     209.7872518649070344      0.0047694
     210.3919565924254016      0.0008036
     210.9966637577047663      0.0099556
     211.6013733607452139     -0.0211798
     212.2060854016131941     -0.0082628
     212.8107998803087639     -0.0162749
     213.4155167968319233     -0.0168173
     214.0202361511826723     -0.0226375
     214.6249579433609824     -0.0019214
     215.2296821735000378      0.0073276
     215.8344088414666828      0.0063583
     216.4391379473940162     -0.0063192
     217.0438694912155029     -0.0217162
     217.6486034729311712     -0.0132847
     218.2533398926075279     -0.0108903
     218.8580787503111651      0.0013144
     219.4628200459089840     -0.0192168
     220.0675637796006470      0.0043215
     220.6723099511864348     -0.0015876
     221.2770585607995031      0.0137304
     221.8818096085064724     -0.0051074
     222.4865630943072574     -0.0084495
     223.0913190180687877      0.0031412
     223.6960773799907258      0.0167136
     224.3008381800065081      0.0082924
     224.9056014181161345      0.0010667
     225.5103670943196335      0.0046417
     226.1151352087501039      0.0058694
     226.7199057612744468      0.0114102
     227.3246787519591976     -0.0005360
     227.9294541808043846     -0.0125056
     228.5342320478765146     -0.0060710
     229.1390123531756728     -0.0088441
     229.7437950967018025      0.0183625
     230.3485802784549321      0.0111813
     230.9533678985015968      0.0074961
     231.5581579568418249     -0.0017660
     232.1629504534090529     -0.0078432
     232.7677453883363796     -0.0054477
     233.3725427615572983      0.0126396
     233.9773425730717520      0.0086095
     234.5821448229463044      0.0044013
     235.1869495111810124     -0.0075053
     235.7917566377758476     -0.0133088
     236.3965662027973451      0.0006535
     237.0013782062455050      0.0200660
     237.6061926481204125      0.0182542
     238.2110095283554188      0.0019673
     238.8158288471502431      0.0132477
     239.4206506043051945     -0.0136624
     240.0254748000199641     -0.0131902
     240.6303014341614244      0.0036436
     241.2351305067961391     -0.0030321
     241.8399620179907004      0.0049401
     242.4447959677450797     -0.0078537
     243.0496323560592771     -0.0069095
     243.6544711829332925      0.0060860
     244.2593124483671261      0.0171630
     244.8641561524273413     -0.0030301
     245.4690022951139952     -0.0056430
     246.0738508763604102      0.0099600
     246.6787018962997990     -0.0040933
     247.2835553549321901     -0.0023664
     247.8884112521243708      0.0124056
     248.4932695880760605     -0.0083209
     249.0981303627207524     -0.0100691
     249.7029935760583896     -0.0098623
     250.3078592281555359      0.0006246
     250.9127273190122196      0.0067053
     251.5175978486284123     -0.0123466
     252.1224708169376072     -0.0162978
     252.7273462241394100      0.0142910
     253.3322240701007502      0.0236837
     253.9371043548881914      0.0018221
     254.5419870784351701      0.0052094
     255.1468722409413488     -0.0225814
     255.7517598422736569     -0.0061025
     256.3566498824320661      0.0114951
     256.9615423615496752      0.0077902
     257.5664372795599206      0.0027380
     258.1713346365294228     -0.0090586
     258.7762344323915613      0.0115672
     259.3811366672129566      0.0071596
     259.9860413409936086     -0.0062454
     260.5909484537334606     -0.0040460
     261.1958580054325125      0.0151958
     261.8007699962239485     -0.0084163
     262.4056844260411481     -0.0185041
     263.0106012948841681     -0.0010077
     263.6155206027529516     -0.0100398
     264.2204423497141761     -0.0081662
     264.8253665357677278     -0.0289144
     265.4302931609136067      0.0104159
     266.0352222252184333      0.0076914
     266.6401537285490804      0.0089466
     267.2450876711052388      0.0113238
     267.8500240527536675     -0.0060245
     268.4549628736276645      0.0077482
     269.0599041336606092      0.0062420
     269.6648478329190084      0.0121480
     270.2697939714029189     -0.0035587
     270.8747425491122840     -0.0171218
     271.4796935660471604      0.0035304
     272.0846470222741686      0.0094850
     272.6896029177931950     -0.0042799
     273.2945612525377328     -0.0136963
     273.8995220266409092     -0.0038529
     274.5044852399694832      0.0046913
     275.1094508927233733      0.0028380
     275.7144189848358451      0.0170611
     276.3193895163069556     -0.0042174
     276.9243624871367615     -0.0020545
     277.5293378973250924      0.0097901
     278.1343157470052461      0.0209937
     278.7392960360440384      0.0073942
     279.3442787645745398      0.0237559
     279.9492639325303003      0.0243733
     280.5542515399777699     -0.0015796
     281.1592415867839350     -0.0015220
     281.7642340732149933      0.0000245
     282.3692289991378175      0.0183551
     282.9742263645523508      0.0026506
     283.5792261695252137      0.0079614
     284.1842284141230834      0.0136680
     284.7892330982126055      0.0095188
     285.3942402219271344     -0.0007108
     285.9992497851999360      0.0129469
     286.6042617880976309     -0.0000457
     287.2092762306867826      0.0092400
     287.8142931128342639      0.0016056
     288.4193124346732588     -0.0117805
     289.0243341962036538     -0.0028340
     289.6293583974256194      0.0021063
     290.2343850383389849     -0.0010217
     290.8394141189438642     -0.0081640
     291.4444456393732708      0.0010142
     292.0494795994941910     -0.0068676
     292.6545159993731886     -0.0124242
     293.2595548390100930     -0.0015788
     293.8645961184716953      0.0022294
     294.4696398376913180      0.0095550
     295.0746859967355817     -0.0017631
     295.6797345956709364      0.0007936
     296.2847856344309321      0.0032627
     296.8898391130821324      0.0233035
     297.4948950316244805      0.0174134
     298.0999533900579763     -0.0061089
     298.7050141883826768      0.0106981
     299.3100774265985251      0.0148284
     299.9151431048386485      0.0066741
     300.5202112229699765     -0.0167826
     301.1252817810590727     -0.0163477
     301.7303547791058236     -0.0026338
     302.3354302172434700      0.0031572
     302.9405080953388847     -0.0048669
     303.5455884135251949      0.0052414
     304.1506711716692166      0.0089763
     304.7557563699040770      0.0006460
     305.3608440082298330      0.0063293
     305.9659340866464845      0.0004571
     306.5710266051539747      0.0196061
     307.1761215638188673      0.0088784
     307.7812189625081487     -0.0105724
     308.3863188014213961     -0.0000171
     308.9914210804921026      0.0004857
     309.5965257997202116      0.0112601
     310.2016329591723434      0.0141523
     310.8067425588484411      0.0209273
     311.4118545986819981      0.0230453
     312.0169690788062553      0.0091702
     312.6220859991543648      0.0028464
     313.2272053597264971      0.0074013
     313.8323271606558365     -0.0068265
     314.4374514018091986      0.0079960
     315.0425780832530336      0.0214048
     315.6477072051206392     -0.0037113
     316.2528387672787744     -0.0001774
     316.8579727697941166      0.0088791
     317.4631092126665521      0.0048320
     318.0682480958961378      0.0133208
     318.6733894196160009     -0.0084811
     319.2785331836930141     -0.0098870
     319.8836793881936842     -0.0053842
     320.4888280331181818      0.0005925
     321.0939791184662795     -0.0060252
     321.6991326443712182     -0.0061775
     322.3042886106999276     -0.0055884
     322.9094470175854781      0.0027529
     323.5146078649612491      0.0145935
     324.1197711528272976      0.0021222
     324.7249368813168076      0.0091865
     325.3301050502965950     -0.0025415
     325.9352756598997303      0.0015190
     326.5404487101263271      0.0023776
     327.1456242009097650     -0.0190145
     327.7508021322500440      0.0014324
     328.3559825042802913      0.0001722
     328.9611653169339434      0.0012871
     329.5663505702775637     -0.0033199
     330.1715382643111525     -0.0128921
     330.7767283990347664      0.0056788
     331.3819209745148555      0.0049017
     331.9871159906184062     -0.0039547
     332.5923134475450524      0.0083809
     333.1975133451616671     -0.0029384
     333.8027156836014342      0.0096794
     334.4079204627311697      0.0166680
     335.0131276826840008      0.0114163
     335.6183373435264912      0.0022475
     336.2235494451255704      0.0144946
     336.8287639876143089      0.0143587
     337.4339809709261431      0.0049797
     338.0392003951276365      0.0030515
     338.6444222602189029     -0.0119629
     339.2496465661332081      0.0090928
     339.8548733130703567      0.0117775
     340.4601025008971078      0.0115404
     341.0653341296135750     -0.0164507
     341.6705681992863788     -0.0008027
     342.2758047099819123      0.0141250
     342.8810436617002892      0.0047915
     343.4862850543748891     -0.0012425
     344.0915288880722755      0.0137295
     344.6967751628591259     -0.0002670
     345.3020238786021423      0.0002013
     345.9072750354345658     -0.0024584
     346.5125286334229600     -0.0019700
     347.1177846724341407     -0.0034579
     347.7230431525347285      0.0055311
     348.3283040737247234      0.0110511
     348.9335674361371957      0.0183926
     349.5388332396390183      0.0098255
     350.1441014843633752      0.0152245
     350.7493721702437028      0.0059148
     351.3546452972800012     -0.0122592
     351.9599208656053406     -0.0067798
     352.5651988750865939      0.0044082
     353.1704793258570021      0.0067024
     353.7757622178498877      0.0011043
     354.3810475511318714     -0.0052159
     354.9863353256363894     -0.0067089
     355.5916255414965690     -0.0036496
     356.1969181986457329     -0.0025613
     356.8022132971506153     -0.0105920
     357.4075108370111593     -0.0075816
     358.0128108181607445      0.0152205
     358.6181132407326118      0.0032202
     359.2234181047266475      0.0152120
     359.8287254100764017      0.0155139
     360.4340351568482674     -0.0107398
     361.0393473450424153      0.0053045
     361.6446619746587885     -0.0070981
     362.2499790457638937      0.0067649
     362.8552985583577879      0.0095383
     363.4606205124405278     -0.0034590
     364.0659449080119998     -0.0109061
     364.6712717451388812     -0.0094676
     365.2766010237544947      0.0015743
     365.8819327439254607      0.0104098
     366.4872669057183430      0.0093165
     367.0926035090666346      0.0159691
     367.6979425539702220      0.0065527
     368.3032840404291619     -0.0020375
     368.9086279686432022      0.0180546
     369.5139743384125950      0.0079936
     370.1193231498704108     -0.0067175
     370.7246744030167633     -0.0085877
     371.3300280977850321     -0.0012758
     371.9353842343083443     -0.0140874
     372.5407428125201363     -0.0196076
     373.1461038324203514     -0.0101018
     373.7514672941422873     -0.0074049
     374.3568331975527030      0.0103221
     374.9622015427181623      0.0006152
     375.5675723297052286      0.0243943
     376.1729455585139021      0.0048329
     376.7783212291442396     -0.0147142
     377.3836993415295638     -0.0078658
     377.9890798958697360     -0.0261174
     378.5944628919648949     -0.0232744
     379.1998483300147882     -0.0066887
     379.8052362099529091     -0.0073412
     380.4106265317126372      0.0010240
     381.0160192954937202     -0.0081270
     381.6214145010964103     -0.0075017
     382.2268121487204553     -0.0159896
     382.8322122382991779     -0.0239404
     383.4376147698326918     -0.0191767
     384.0430197433875037     -0.0166857
     384.6484271589637274     -0.0260818
     385.2538370165612491     -0.0062111
     385.8592493161800121      0.0067356
     386.4646640578201868     -0.0017582
     387.0700812415481664      0.0003336
     387.6755008673641214      0.0091078
     388.2809229352679381      0.0220533
     388.8863474452596165      0.0235150
     389.4917743974057771      0.0131816
     390.0972037917064199      0.0139201
     390.7026356281614881      0.0165208
     391.3080699067709816      0.0105490
     391.9135066276015777      0.0166951
     392.5189457905865993     -0.0041481
     393.1243873957926667     -0.0061646
     393.7298314432862867     -0.0090339
     394.3352779329343321     -0.0089146
     394.9407268648700438     -0.0134754
     395.5461782390932512     -0.0193917
     396.1516320556041819     -0.0242823
     396.7570883144026084      0.0015187
     397.3625470155552648     -0.0264328
     397.9680081589954739     -0.0074052
     398.5734717447898561     -0.0016339
     399.1789377730049182     -0.0086324
     399.7844062435742103     -0.0197386
     400.3898771564976187     -0.0121364
     400.9953505118417638      0.0104796
     401.6008263095400821      0.0120702
     402.2063045497922644      0.0202491
     402.8117852324651267      0.0245448
     403.4172683575587826      0.0033619
     404.0227539251396820      0.0129643
     404.6282419352744455      0.0116009
     405.2337323878965094      0.0191045
     405.8392252830059306      0.0072747
     406.4447206206691590      0.0130811
     407.0502184009528150     -0.0034901
     407.6557186237237147      0.0114172
     408.2612212890485353     -0.0016859
     408.8667263970604040      0.0090095
     409.4722339476260231     -0.0050280
     410.0777439408786904     -0.0011371
     410.6832563767518423      0.0106623
     411.2887712552453081     -0.0192867
     411.8942885764258790     -0.0295616
     412.4998083403599480     -0.0178541
     413.1053305469145016      0.0033426
     413.7108551962225533     -0.0080710
     414.3163822882842169     -0.0050237
     414.9219118230328149      0.0001467
     415.5274438005349680      0.0094578
     416.1329782208573533     -0.0022145
     416.7385150839998573     -0.0157872
     417.3440543898958595     -0.0019173
     417.9495961386120371     -0.0203407
     418.5551403302148401      0.0012266
     419.1606869646378186      0.0113064
     419.7662360419475363      0.0024283
     420.3717875620773157      0.0202839
     420.9773415251603979     -0.0115915
     421.5828979310636555     -0.0118276
     422.1884567799866659     -0.0181753
     422.7940180717964722      0.0052709
     423.3995818066259744     -0.0045322
     424.0051479843422726     -0.0173935
     424.6107166050784372      0.0003871
     425.2162876688342976      0.0098210
     425.8218611756100813     -0.0010483
     426.4274371253391678     -0.0095852
     427.0330155181546274      0.0045876
     427.6385963540564603     -0.0003213
     428.2441796329781027      0.0088889
     428.8497653549861752      0.0144234
     429.4553535201471846      0.0137483
     430.0609441283946239      0.0059359
     430.6665371797951138      0.0050988
     431.2721326742819201      0.0054219
     431.8777306119882269      0.0132648
     432.4833309928475273      0.0118678
     433.0889338169263851      0.0049153
     433.6945390841581798     -0.0046659
     434.3001467946760954     -0.0179859
     434.9057569482803842     -0.0117376
     435.5113695453039782      0.0092634
     436.1169845854804521      0.0060158
     436.7226020690096675     -0.0050366
     437.3282219958249470      0.0040586
     437.9338443659263476     -0.0170287
     438.5394691793803759     -0.0097043
     439.1450964361205820     -0.0057669
     439.7507261362134159      0.0027662
     440.3563582797254981      0.0004509
     440.9619928665902080     -0.0109774
     441.5676298968076026      0.0089943
     442.1732693705108090     -0.0089651
     442.7789112876332638      0.0093409
     443.3845556481749668      0.0043198
     443.9902024522024249     -0.0082020
     444.5958516996491880      0.0028605
     445.2015033905817063     -0.0168414
     445.8071575250666001     -0.0233796
     446.4128141030373058     -0.0074910
     447.0184731245603871     -0.0087340
     447.6241345896358439     -0.0133844
     448.2297984981970558      0.0019591
     448.8354648503772069      0.0066956
     449.4411336461097903      0.0006607
     450.0468048855278766     -0.0063827
     450.6524785684982817     -0.0115682
     451.2581546951542464      0.0022900
     451.8638332654291503     -0.0094009
     452.4695142793895002      0.0058807
     453.0751977370354098      0.0147428
     453.6808836383002586      0.0036858
     454.2865719833171738      0.0119298
     454.8922627720195351      0.0002384
     455.4979560045405833      0.0009889
     456.1036516807471912      0.0061957
     456.7093498007723156     -0.0127183
     457.3150503645496201     -0.0220234
     457.9207533721454979     -0.0116792
     458.5264588234934990     -0.0103597
     459.1321667187266939     -0.0124741
     459.7378770577785190     -0.0088098
     460.3435898407155946      0.0161710
     460.9493050674712435     -0.0020655
     461.5550227381121431      0.0010236
     462.1607428527048000     -0.0062519
     462.7664654111826508      0.0000557
     463.3721904136123158     -0.0050809
     463.9779178599271177      0.0086117
     464.5836477502602975     -0.0071575
     465.1893800845452915     -0.0225655
     465.7951148628486067     -0.0070580
     466.4008520851036792     -0.0107852
     467.0065917514436933     -0.0052974
     467.6123338617354648      0.0118219
     468.2180784161121210      0.0036834
     468.8238254145072119     -0.0039199
     469.4295748570536375     -0.0094198
     470.0353267436850615     -0.0070820
     470.6410810744013702     -0.0161427
     471.2468378492026204     -0.0082855
     471.8525970682218826     -0.0097059
     472.4583587313260864     -0.0141326
     473.0641228386482453     -0.0062370
     473.6698893901219662     -0.0134698
     474.2756583858137560     -0.0133339
     474.8814298255903736      0.0006602
     475.4872037097182442      0.0160127
     476.0929800380641268     -0.0014548
     476.6987588106945850      0.0054520
     477.3045400275431689     -0.0223633
     477.9103236887428352     -0.0218486
     478.5161097941605703     -0.0302952
     479.1218983439295585     -0.0067341
     479.7276893380496290     -0.0031673
     480.3334827765209525     -0.0189065
     480.9392786592768516      0.0010260
     481.5450769864504537     -0.0080323
     482.1508777579753087     -0.0180210
     482.7566809739844871     -0.0258025
     483.3624866343448048     -0.0234906
     483.9682947391228254     -0.0052543
     484.5741052883852262      0.0125429
     485.1799182821318936     -0.0076437
     485.7857337203629413     -0.0233137
     486.3915516030116919     -0.0090514
     486.9973719302778932     -0.0094321
     487.6031947019617974     -0.0036023
     488.2090199181966454     -0.0142950
     488.8148475789823806     -0.0132280
