Scan:     72    MS0108.4+3859 2014-09-26 +03 22 11.5
         OPTICAL                 Tb    
        km/s-LSR                 YY
    -548.3033464736359974      0.0002016
    -543.4903601236119357      0.0031153
    -538.6772189487703599      0.0005322
    -533.8639229415890668     -0.0007099
    -529.0504720947457145     -0.0000040
    -524.2368664006182826     -0.0008048
    -519.4231058517846122     -0.0048953
    -514.6091904408223172     -0.0000451
    -509.7951201601428579      0.0007682
    -504.9808950024237788      0.0021533
    -500.1665149600764266      0.0003321
    -495.3519800256452186     -0.0007516
    -490.5372901917079389     -0.0020984
    -485.7224454507092446     -0.0011620
    -480.9074457952600596      0.0004193
    -476.0922912178383513      0.0039339
    -471.2769817109219730      0.0027587
    -466.4615172671220193     -0.0004587
    -461.6458978789162870      0.0004429
    -456.8301235388160535     -0.0021421
    -452.0141942393656791     -0.0002365
    -447.1981099730431879      0.0016350
    -442.3818707324262505     -0.0004220
    -437.5654765100260306     -0.0004982
    -432.7489272983204387      0.0015744
    -427.9322230898873158     -0.0004762
    -423.1153638771377814     -0.0000236
    -418.2983496527162970      0.0023568
    -413.4811804091007730      0.0008079
    -408.6638561387357527      0.0022688
    -403.8463768342322737      0.0002692
    -399.0287424881016136     -0.0015305
    -394.2109530927550054      0.0003584
    -389.3930086408366833     -0.0027271
    -384.5749091247248543      0.0011407
    -379.7566545370970630      0.0019589
    -374.9382448703312889     -0.0023301
    -370.1196801169720629     -0.0004833
    -365.3009602695971125     -0.0030032
    -360.4820853206178413      0.0020578
    -355.6630552626784265     -0.0032670
    -350.8438700881569616     -0.0006581
    -346.0245297895979206     -0.0041036
    -341.2050343595790309      0.0008492
    -336.3853837905449495     -0.0015353
    -331.5655780750068402      0.0059671
    -326.7456172055091770      0.0000989
    -321.9255011744631929     -0.0016506
    -317.1052299745466030     -0.0014296
    -312.2848035981373869      0.0028362
    -307.4642220377467652     -0.0012439
    -302.6434852859524653      0.0032442
    -297.8225933351658341     -0.0007690
    -293.0015461779978523      0.0028105
    -288.1803438068931200     -0.0028795
    -283.3589862142962943     -0.0007018
    -278.5374733928517799     -0.0025408
    -273.7158053350040063      0.0014569
    -268.8939820331644341      0.0009758
    -264.0720034799439873     -0.0059001
    -259.2498696677873795      0.0004830
    -254.4275805892389997      0.0001151
    -249.6051362368100683     -0.0005569
    -244.7825366029118754     -0.0007561
    -239.9597816801555439      0.0010343
    -235.1368714609855601     -0.0001026
    -230.3138059378466380     -0.0007481
    -225.4905851033497299      0.0003146
    -220.6672089498729292     -0.0011507
    -215.8436774700272736     -0.0012862
    -211.0199906562905880     -0.0000915
    -206.1961485010409945      0.0017651
    -201.3721509969227839      0.0008377
    -196.5479981363472461     -0.0026830
    -191.7236899118589122     -0.0003163
    -186.8992263159356071      0.0011123
    -182.0746073409887060      0.0001365
    -177.2498329796625285     -0.0000709
    -172.4249032243683359     -0.0023440
    -167.5998180675508422     -0.0003560
    -162.7745775017876895      0.0007100
    -157.9491815195235631     -0.0023320
    -153.1236301132695985      0.0010824
    -148.2979232755370447     -0.0000597
    -143.4720609987371063     -0.0019544
    -138.6460432754809347     -0.0030710
    -133.8198700981132276     -0.0034106
    -128.9935414592450229     -0.0030211
    -124.1670573513209348     -0.0061313
    -119.3404177667855919     -0.0011994
    -114.5136226981834398     -0.0122660
    -109.6866721380256564     -0.0163676
    -104.8595660786902926     -0.0100936
    -100.0323045127883717     -0.0090046
     -95.2048874326646626     -0.0067946
     -90.3773148309634706     -0.0120520
     -85.5495867000961283     -0.0025804
     -80.7217030324739540      0.0053363
     -75.8936638207080136      0.0121566
     -71.0654690571763012      0.0549670
     -66.2371187344233192      0.1590572
     -61.4086128449602171      0.2938444
     -56.5799513811317780      0.2756459
     -51.7511343355823143      0.3436553
     -46.9221617007231302      0.5677957
     -42.0930334689655794      0.6801391
     -37.2637496329206783      0.9845386
     -32.4343101849664777      1.0047920
     -27.6047151176141554      1.0418843
     -22.7749644233748860      0.6177565
     -17.9450580946600056     -0.0245442
     -13.1149961240139685     -0.2485111
      -8.2847785038148256     -0.3838218
      -3.4544052266736016     -0.0671909
       1.3761237149650889      2.0561681
       6.2068083287564857      3.5662415
      11.0376486220895593      2.7454371
      15.8686446025529797      0.9692924
      20.6997962776688560      0.3306331
      25.5311036548927177      0.1006963
      30.3625667418798137      0.0329931
      35.1941855460191064      0.0075660
      40.0259600748992739      0.0041186
      44.8578903361089800      0.0041394
      49.6899763371037793      0.0039158
      54.5222180854723177      0.0035419
      59.3546155886035862      0.0034709
      64.1871688542193795      0.0004345
      69.0198778897086811      0.0048204
      73.8527427026601515     -0.0014306
      78.6857633006624582      0.0030976
      83.5189396911711555      0.0021069
      88.3522718816417552      0.0029309
      93.1857598798626583      0.0021045
      98.0194036930896857     -0.0062014
     102.8532033289780827      0.0047200
     107.6871587951165168      0.0036012
     112.5212700988939645     -0.0055380
     117.3555372480322205      0.0019327
     122.1899602499202757     -0.0018212
     127.0245391121467691      0.0015851
     131.8592738423004107     -0.0015302
     136.6941644478366982      0.0000320
     141.5292109362777921      0.0053604
     146.3644133152788527     -0.0028820
     151.1997715922954910      0.0029077
     156.0352857748497684     -0.0011856
     160.8709558705303664     -0.0026931
     165.7067818868594316      0.0004015
     170.5427638314255319      0.0009445
     175.3789017116843354     -0.0000165
     180.2151955352244102      0.0021546
     185.0516453095679310      0.0006045
     189.8882510423035228      0.0024127
     194.7250127409532752      0.0007517
     199.5619304130393630     -0.0008749
     204.3990040660838474     -0.0019228
     209.2362337077419454      0.0027606
     214.0736193454027045      0.0045875
     218.9111609867878485      0.0014900
     223.7488586392863681     -0.0022322
     228.5867123105535370     -0.0006257
     233.4247220081114165     -0.0020177
     238.2628877394155609     -0.0033414
     243.1012095121212440      0.0016318
     247.9396873337505269     -0.0014676
     252.7783212118920915     -0.0005876
     257.6171111540015204     -0.0005713
     262.4560571677339453      0.0018827
     267.2951592604783855     -0.0013585
     272.1344174400232987     -0.0012860
     276.9738317137575336     -0.0015440
     281.8134020892698572      0.0005535
     286.6531285740823591      0.0022035
     291.4930111757835789     -0.0001631
     296.3330499019623971     -0.0000586
     301.1732447600741693     -0.0017953
     306.0135957577742261     -0.0015054
     310.8541029025847138      0.0001451
     315.6947662020276653      0.0003300
     320.5355856637583543      0.0024965
     325.3765612951656863      0.0033308
     330.2176931039049350      0.0011349
     335.0589810976313743     -0.0047900
     339.9004252837339664     -0.0025959
     344.7420256698679850      0.0006642
     349.5837822635554062     -0.0022635
     354.4256950723184900      0.0018031
     359.2677641038788465     -0.0012252
     364.1099893655591018      0.0011425
     368.9523708651474863     -0.0009601
     373.7949086100330192     -0.0031780
     378.6376026078709742      0.0019889
     383.4804528662499479     -0.0015628
     388.3234593926255229     -0.0051448
     393.1666221946529163      0.0012940
     398.0099412799207812     -0.0026623
     402.8534166558181937      0.0003699
     407.6970483301334411      0.0010534
     412.5408363102554858     -0.0000875
     417.3847806038395447     -0.0013746
     422.2288812184743847      0.0017701
     427.0731381616819249     -0.0040650
     431.9175514409845391      0.0007988
     436.7621210641038374     -0.0004914
     441.6068470384288958      0.0040974
     446.4517293716814379     -0.0019714
     451.2967680712504830      0.0000599
     456.1419631448578116     -0.0010888
     460.9873146000921338     -0.0018051
     465.8328224444089187     -0.0065557
     470.6784866854634402     -0.0023663
     475.5243073307778445     -0.0018342
     480.3702843878741646      0.0007870
     485.2164178645408583     -0.0016165
     490.0627077681003243     -0.0046219
     494.9091541062076658     -0.0027046
     499.7557568865847770     -0.0042712
     504.6025161166206772     -0.0052973
     509.4494318039705831     -0.0002745
     514.2965039561565845      0.0012495
     519.1437325807672778     -0.0002478
     523.9911176854579935     -0.0043674
     528.8386592777508213     -0.0042548
     533.6863573652344712     -0.0023809
     538.5342119554310329     -0.0033359
     543.3822230559956097     -0.0031015
     548.2303906745170252     -0.0015222
