Scan:     28       PG0052+251 2015-10-21 +03 30 48.0
         OPTICAL                 Tb    
        km/s-LSR                 XX
    -549.0022476682935348      0.0009751
    -548.4006017446257601     -0.0003546
    -547.7989534016027164     -0.0172467
    -547.1973026393243345      0.0023477
    -546.5956494576907971      0.0068438
    -545.9939938567687250      0.0075585
    -545.3923358364581873      0.0062502
    -544.7906753968258045      0.0044938
    -544.1890125377716458     -0.0077191
    -543.5873472593622182      0.0005179
    -542.9856795614980456     -0.0165241
    -542.3840094442452937     -0.0036772
    -541.7823369075374558      0.0023115
    -541.1806619514079557     -0.0066687
    -540.5789845757902867     -0.0081398
    -539.9773047806841078      0.0025439
    -539.3756225661230701      0.0100013
    -538.7739379319738191      0.0009091
    -538.1722508783695957     -0.0048026
    -537.5705614051772727     -0.0058375
    -536.9688695124632432     -0.0045925
    -536.3671752001611139     -0.0117177
    -535.7654784683041953     -0.0026672
    -535.1637793168257531      0.0012579
    -534.5620777457593249     -0.0027153
    -533.9603737550047526     -0.0046424
    -533.3586673446952773     -0.0017676
    -532.7569585146646887      0.0123876
    -532.1552472649792662     -0.0049800
    -531.5535335956391236     -0.0099667
    -530.9518175065778678     -0.0033324
    -530.3500989977951576     -0.0027506
    -529.7483780692579103     -0.0002183
    -529.1466547210327462      0.0014109
    -528.5449289530196211      0.0029940
    -527.9432007652520724     -0.0035279
    -527.3414701576633661      0.0112765
    -526.7397371302866986      0.0069736
    -526.1380016830891009     -0.0070739
    -525.5362638161034283      0.0072446
    -524.9345235291970084      0.0090613
    -524.3327808225025137      0.0009403
    -523.7310356959204682      0.0067775
    -523.1292881493841378     -0.0018716
    -522.5275381830266497     -0.0006673
    -521.9257857966815664     -0.0202028
    -521.3240309904489322     -0.0044810
    -520.7222737642285892      0.0044718
    -520.1205141180873852      0.0038543
    -519.5187520519252757     -0.0027176
    -518.9169875658088813     -0.0062541
    -518.3152206596718088     -0.0072539
    -517.7134513335470274     -0.0079462
    -517.1116795873016372     -0.0044913
    -516.5099054211019620      0.0006694
    -515.9081288348148746      0.0068134
    -515.3063498284070647      0.0040750
    -514.7045684019452665     -0.0009428
    -514.1027845553294355     -0.0083031
    -513.5009982886261923      0.0076952
    -512.8992096017690301     -0.0014880
    -512.2974184947911453     -0.0004282
    -511.6956249675927211      0.0010530
    -511.0938290202403209     -0.0056097
    -510.4920306526673812     -0.0048287
    -509.8902298649405225     -0.0081256
    -509.2884266569265606     -0.0177878
    -508.6866210287253125     -0.0045401
    -508.0848129802702715      0.0080766
    -507.4830025114948739     -0.0138283
    -506.8811896224988800     -0.0139919
    -506.2793743131492761     -0.0042464
    -505.6775565835125121     -0.0026246
    -505.0757364335221382     -0.0057911
    -504.4739138632446043     -0.0066250
    -503.8720888725468399      0.0015466
    -503.2702614615287757      0.0050383
    -502.6684316300571140      0.0000299
    -502.0665993782650958     -0.0089543
    -501.4647647059862265     -0.0069809
    -500.8629276133537473     -0.0065171
    -500.2610881002012206     -0.0064648
    -499.6592461666283498     -0.0081642
    -499.0574018126020519     -0.0046229
    -498.4555550380556497     -0.0018930
    -497.8537058430223965     -0.0030736
    -497.2518542274358424     -0.0088654
    -496.6500001913623805     -0.0063309
    -496.0481437347023643     -0.0007804
    -495.4462848575222438      0.0059975
    -494.8444235597221450     -0.0012426
    -494.2425598414019987      0.0054593
    -493.6406937023953674      0.0062306
    -493.0388251428353215      0.0007179
    -492.4369541625887337     -0.0037492
    -491.8350807617222813     -0.0059831
    -491.2332049402025973      0.0096956
    -490.6313266979631180      0.0031454
    -490.0294460350704071     -0.0038309
    -489.4275629514579009     -0.0039199
    -488.8256774471256563      0.0114305
    -488.2237895220403061     -0.0015148
    -487.6218991762352175     -0.0054631
    -487.0200064096104029      0.0011890
    -486.4181112222657930      0.0043264
    -485.8162136140683174      0.0009127
    -485.2143135851177931      0.0108127
    -484.6124111352810360     -0.0059637
    -484.0105062646911733     -0.0104571
    -483.4085989732151347     -0.0011727
    -482.8066892608196099      0.0029280
    -482.2047771276044728      0.0039309
    -481.6028625734365392      0.0054853
    -481.0009455984156261      0.0012337
    -480.3990262024087201     -0.0022672
    -479.7971043855155813     -0.0011082
    -479.1951801476030823      0.0011481
    -478.5932534888044643      0.0044365
    -477.9913244089198656      0.0072568
    -477.3893929081157808     -0.0129234
    -476.7874589862590824     -0.0025299
    -476.1855226434162773     -0.0026885
    -475.5835838794876622      0.0065368
    -474.9816426945396302      0.0007369
    -474.3796990885056744      0.0031738
    -473.7777530613525983      0.0063608
    -473.1758046131468518      0.0110606
    -472.5738537437553646     -0.0069477
    -471.9719004533112638     -0.0011195
    -471.3699447416481121      0.0025960
    -470.7679866088990366      0.0102680
    -470.1660260548976566      0.0053153
    -469.5640630797770427     -0.0119579
    -468.9620976834041812      0.0016653
    -468.3601298658454652      0.0029028
    -467.7581596270011914     -0.0088390
    -467.1561869669711200      0.0102816
    -466.5542118856888010      0.0013030
    -465.9522343830542468      0.0007110
    -465.3502544592006416      0.0061280
    -464.7482721139949149      0.0038571
    -464.1462873475035167     -0.0097994
    -463.5443001596266868      0.0007272
    -462.9423105504642422      0.0013107
    -462.3403185198498022      0.0013191
    -461.7383240679497476     -0.0028124
    -461.1363271945976408      0.0028488
    -460.5343278998600454      0.0026898
    -459.9323261836704546     -0.0020177
    -459.3303220460953753      0.0042376
    -458.7283154870682438     -0.0048527
    -458.1263065065226101     -0.0047051
    -457.5242951045248674     -0.0046071
    -456.9222812810085657     -0.0044683
    -456.3202650360069583      0.0013698
    -455.7182463694534817      0.0008953
    -455.1162252814146427     -0.0063450
    -454.5142017717573708     -0.0040395
    -453.9121758405815399     -0.0028704
    -453.3101474877539658      0.0092994
    -452.7081167134077759     -0.0006551
    -452.1060835173766463      0.0068647
    -451.5040478997935338      0.0078628
    -450.9020098604921145     -0.0030625
    -450.2999693996056294     -0.0046260
    -449.6979265170340909      0.0021445
    -449.0958812127109354     -0.0006181
    -448.4938334867694039      0.0016852
    -447.8917833390428882      0.0040223
    -447.2897307696314897      0.0006586
    -446.6876757784352208     -0.0051847
    -446.0856183655538416     -0.0072214
    -445.4835585308210852      0.0023248
    -444.8814962743367118     -0.0011038
    -444.2794315960342715     -0.0055529
    -443.6773644959469038      0.0028191
    -443.0752949739747919      0.0011172
    -442.4732230301845561     -0.0004447
    -441.8711486645762534      0.0019467
    -441.2690718770165859      0.0043756
    -440.6669926676387377      0.0043515
    -440.0649110362764418      0.0087168
    -439.4628269830625982     -0.0012182
    -438.8607405078641932      0.0028747
    -438.2586516107478474      0.0048903
    -437.6565602916469402     -0.0117189
    -437.0544665505947250     -0.0063324
    -436.4523703874913849     -0.0005049
    -435.8502718024700471      0.0034690
    -435.2481707953309638      0.0122529
    -434.6460673662406862     -0.0142930
    -434.0439615150659165     -0.0169686
    -433.4418532418067116     -0.0117295
    -432.8397425464964385      0.0037481
    -432.2376294290684200     -0.0013287
    -431.6355138895559662     -0.0034645
    -431.0333959278593170      0.0060987
    -430.4312755441114859      0.0041191
    -429.8291527381128390      0.0048719
    -429.2270275100297567     -0.0033634
    -428.6248998596958586      0.0003847
    -428.0227697872442150      0.0098951
    -427.4206372925085020      0.0122911
    -426.8185023755885368      0.0021421
    -426.2163650364509522      0.0019375
    -425.6142252749627346      0.0040023
    -425.0120830912902079      0.0061384
    -424.4099384852669914     -0.0027641
    -423.8077914570262692     -0.0010079
    -423.2056420064015470     -0.0132301
    -422.6034901334926985     -0.0112594
    -422.0013358381665967      0.0015503
    -421.3991791205563686     -0.0061664
    -420.7970199805289440      0.0077545
    -420.1948584181507726      0.0084175
    -419.5926944333553479      0.0044780
    -418.9905280261426697     -0.0085145
    -418.3883591964794846     -0.0004033
    -417.7861879444322994      0.0055479
    -417.1840142699012972      0.0036371
    -416.5818381728199711     -0.0085466
    -415.9796596533545880     -0.0009801
    -415.3774787113055709     -0.0015617
    -414.7752953467727366     -0.0074395
    -414.1731095596895216      0.0034192
    -413.5709213500891792      0.0092777
    -412.9687307178718356     -0.0048402
    -412.3665376631374784     -0.0034140
    -411.7643421857528665     -0.0095279
    -411.1621442858178170      0.0067686
    -410.5599439631992595      0.0061273
    -409.9577412179970679      0.0088981
    -409.3555360501778750      0.0101399
    -408.7533284596086105      0.0050650
    -408.1511184464224016     -0.0034767
    -407.5489060104860641      0.0005514
    -406.9466911518995289      0.0060831
    -406.3444738705295549     -0.0001714
    -405.7422541664428195     -0.0006687
    -405.1400320396060124      0.0058616
    -404.5378074900191336      0.0025442
    -403.9355805176155627      0.0074980
    -403.3333511224618633     -0.0013883
    -402.7311193044249649      0.0097137
    -402.1288850636379948     -0.0055210
    -401.5266484000010792     -0.0074619
    -400.9244093134809646      0.0026054
    -400.3221678041108476     -0.0114287
    -399.7199238718242214     -0.0081912
    -399.1176775166877064      0.0001611
    -398.5154287385681187     -0.0030953
    -397.9131775375652182     -0.0104774
    -397.3109239136126121     -0.0085335
    -396.7086678667101864      0.0034060
    -396.1064093967914346     -0.0054070
    -395.5041485039561167     -0.0000323
    -394.9018851880711622     -0.0099090
    -394.2996194492031350     -0.0054766
    -393.6973512872522178      0.0037409
    -393.0950807023181710     -0.0047506
    -392.4928076943012343      0.0022482
    -391.8905322632013508     -0.0007656
    -391.2882544090185775      0.0045510
    -390.6859741317195471      0.0043517
    -390.0836914313043167     -0.0008254
    -389.4814063077396327     -0.0005431
    -388.8791187610920019     -0.0037222
    -388.2768287911949869      0.0038823
    -387.6745363981818286      0.0068320
    -387.0722415819525395     -0.0002093
    -386.4699443425405434      0.0030058
    -385.8676446798791062      0.0028876
    -385.2653425940016518     -0.0009175
    -384.6630380849082371     -0.0083867
    -384.0607311524655074      0.0017595
    -383.4584217968067605     -0.0061382
    -382.8561100177987555     -0.0004998
    -382.2537958155414799      0.0042864
    -381.6514791899349461      0.0014756
    -381.0491601410125213      0.0019085
    -380.4468386686743315      0.0066322
    -379.8445147730535609      0.0013241
    -379.2421884539837151      0.0035246
    -378.6398597115646680      0.0135674
    -378.0375285456632923      0.0024182
    -377.4351949564127153      0.0052666
    -376.8328589437463734     -0.0074166
    -376.2305205075311392     -0.0036382
    -375.6281796479000832      0.0039369
    -375.0258363647535020     -0.0080818
    -374.4234906581578457     -0.0092332
    -373.8211425279799869     -0.0002818
    -373.2187919743530529     -0.0000931
    -372.6164389971107767      0.0096398
    -372.0140835963860582     -0.0037964
    -371.4117257720126304     -0.0016062
    -370.8093655241235638      0.0040676
    -370.2070028525524776      0.0049373
    -369.6046377574324993      0.0036226
    -369.0022702386305014      0.0075641
    -368.3999002962463010      0.0022810
    -367.7975279301800242      0.0093468
    -367.1951531404317848      0.0026966
    -366.5927759270014690      0.0002563
    -365.9903962898225700     -0.0002019
    -365.3880142289949617      0.0058165
    -364.7856297443854032      0.0075894
    -364.1832428360605718     -0.0027307
    -363.5808535039205367      0.0081364
    -362.9784617480651718      0.0059572
    -362.3760675683614068      0.0014119
    -361.7736709649090585      0.0012956
    -361.1712719375749430      0.0100379
    -360.5688704864589340      0.0046389
    -359.9664666115277782     -0.0047381
    -359.3640603126482915      0.0150342
    -358.7616515899204046      0.0169649
    -358.1592404432774401      0.0153629
    -357.5568268727860186      0.0084557
    -356.9544108783130696      0.0058359
    -356.3519924599250430      0.0074461
    -355.7495716175554890      0.0039260
    -355.1471483512709142      0.0072910
    -354.5447226609714448      0.0187712
    -353.9422945466904480      0.0084920
    -353.3398640083611895      0.0137685
    -352.7374310460837137      0.0157179
    -352.1349956597247228      0.0169797
    -351.5325578492843874      0.0111943
    -350.9301176148291006      0.0182604
    -350.3276749562258487      0.0077673
    -349.7252298735744489      0.0115848
    -349.1227823667750272      0.0067461
    -348.5203324358942609      0.0096959
    -347.9178800807987955     -0.0014122
    -347.3154253016219855      0.0142159
    -346.7129680982305331      0.0107791
    -346.1105084706578054      0.0108794
    -345.5080464188704923      0.0123048
    -344.9055819429019607      0.0122603
    -344.3031150427188436      0.0134768
    -343.7006457182545773      0.0119320
    -343.0981739695423585      0.0169789
    -342.4956997965158507      0.0093517
    -341.8932231992747575      0.0044106
    -341.2907441776525843      0.0117273
    -340.6882627317826291      0.0099541
    -340.0857788614983974      0.0042793
    -339.4832925669662700      0.0009914
    -338.8808038479866127     -0.0060347
    -338.2783127046925529      0.0091346
    -337.6758191369509063      0.0014700
    -337.0733231448615470      0.0038105
    -336.4708247282913476      0.0025805
    -335.8683238873401820      0.0067481
    -335.2658206219414865      0.0026954
    -334.6633149320286407      0.0030254
    -334.0608068176682650      0.0061325
    -333.4582962787937390      0.0075200
    -332.8557833154383161      0.0108632
    -332.2532679275022929      0.0104665
    -331.6507501151186261     -0.0027852
    -331.0482298780877386     -0.0073638
    -330.4457072165760110      0.0017196
    -329.8431821304170626     -0.0064697
    -329.2406546197107104     -0.0135211
    -328.6381246843570239     -0.0058550
    -328.0355923244227370      0.0049106
    -327.4330575398411156      0.0051250
    -326.8305203305456530      0.0061863
    -326.2279806966363367     -0.0080791
    -325.6254386380130654     -0.0029032
    -325.0228941547425734     -0.0024784
    -324.4203472466916764      0.0036676
    -323.8177979139603053     -0.0051248
    -323.2152461564484724     -0.0032090
    -322.6126919742229120      0.0079161
    -322.0101353671503261      0.0161247
    -321.4075763353638422      0.0051627
    -320.8050148787304465     -0.0045346
    -320.2024509973499562      0.0146684
    -319.5998846911224973      0.0069957
    -318.9973159599815631      0.0006661
    -318.3947448040602239     -0.0028723
    -317.7921712231919855     -0.0005778
    -317.1895952175101456     -0.0036753
    -316.5870167868482099     -0.0028278
    -315.9844359313393056      0.0077783
    -315.3818526508169384      0.0074910
    -314.7792669454144061     -0.0043418
    -314.1766788149985246      0.0027075
    -313.5740882596690540      0.0014262
    -312.9714952792929807      0.0005159
    -312.3688998739700651      0.0031829
    -311.7663020435671797      0.0099160
    -311.1637017881509450      0.0023273
    -310.5610991077213612      0.0026462
    -309.9584940021784973      0.0028872
    -309.3558864715889740      0.0057739
    -308.7532765158529742      0.0000571
    -308.1506641350702012     -0.0062653
    -307.5480493291077551     -0.0062420
    -306.9454320980653392     -0.0005823
    -306.3428124418098264      0.0107898
    -305.7401903604410904      0.0077144
    -305.1375658538592575      0.0021178
    -304.5349389220976377      0.0043841
    -303.9323095650896676      0.0032464
    -303.3296777829018538     -0.0008973
    -302.7270435755009999      0.0095943
    -302.1244069427539216     -0.0004090
    -301.5217678848270566      0.0030666
    -300.9191264015539673     -0.0080302
    -300.3164824930345276     -0.0046551
    -299.7138361591355533     -0.0007547
    -299.1111873999569752      0.0084958
    -298.5085362153988626      0.0069999
    -297.9058826055278359      0.0159247
    -297.3032265702440213      0.0070048
    -296.7005681096140393      0.0014488
    -296.0979072235379022      0.0077266
    -295.4952439120823442      0.0036340
    -294.8925781752139414     -0.0015294
    -294.2899100128328769      0.0039717
    -293.6872394250724483      0.0153727
    -293.0845664117659908      0.0087812
    -292.4818909730134919     -0.0023968
    -291.8792131087150779      0.0028605
    -291.2765328189706224      0.0055908
    -290.6738501036136881      0.0025488
    -290.0711649627773454      0.0089653
    -289.4684773962952704     -0.0080907
    -288.8657874043339007      0.0005376
    -288.2630949866933747     -0.0054455
    -287.6604001435069904      0.0077247
    -287.0577028747081272      0.0164696
    -286.4550031802301646      0.0122785
    -285.8523010601397800      0.0059648
    -285.2495965143369858     -0.0028080
    -284.6468895428885162      0.0113426
    -284.0441801457276370      0.0070559
    -283.4414683228877152      0.0049799
    -282.8387540742689339      0.0102271
    -282.2360373999710532      0.0133808
    -281.6333182998610027      0.0048257
    -281.0305967740719097     -0.0069625
    -280.4278728224040833      0.0039373
    -279.8251464450239041      0.0026644
    -279.2224176417649346      0.0000297
    -278.6196864127271056      0.0002041
    -278.0169527578437965     -0.0036156
    -277.4142166770816971     -0.0056847
    -276.8114781704741745      0.0038540
    -276.2087372379546082      0.0244245
    -275.6059938795562516      0.0072091
    -275.0032480952125979      0.0011463
    -274.4004998849902108     -0.0013685
    -273.7977492487892164      0.0030120
    -273.1949961866761782      0.0046169
    -272.5922406985179123     -0.0031956
    -271.9894827844144061     -0.0034242
    -271.3867224442990391      0.0040331
    -270.7839596782049512      0.0044339
    -270.1811944860657491      0.0081155
    -269.5784268678480657      0.0093546
    -268.9756568235852683      0.0059275
    -268.3728843532439896      0.0006218
    -267.7701094568242297      0.0087789
    -267.1673321342927920     -0.0045612
    -266.5645523856495629      0.0015633
    -265.9617702108613457      0.0123556
    -265.3589856099280837      0.0112550
    -264.7561985828165234     -0.0008105
    -264.1534091295931717      0.0003751
    -263.5506172500917614      0.0136206
    -262.9478229444452495      0.0098796
    -262.3450262125871291      0.0067003
    -261.7422270544176399      0.0120002
    -261.1394254700697957     -0.0012276
    -260.5366214594105259      0.0040980
    -259.9338150225063941      0.0017860
    -259.3310061592575266      0.0014274
    -258.7281948697637972     -0.0059386
    -258.1253811538920786     -0.0076871
    -257.5225650117421310     -0.0024441
    -256.9197464431476305     -0.0133332
    -256.3169254482750148      0.0008860
    -255.7141020269578178      0.0002372
    -255.1112761792958850     -0.0054874
    -254.5084479051560606     -0.0027466
    -253.9056172046715574     -0.0083675
    -253.3027840777091626     -0.0048132
    -252.6999485242689332     -0.0018545
    -252.0971105444174043      0.0012108
    -251.4942701379881385     -0.0043775
    -250.8914273051476300     -0.0025463
    -250.2885820457293846     -0.0045239
    -249.6857343598332761     -0.0020948
    -249.0828842473261773     -0.0075061
    -248.4800317083412153      0.0006347
    -247.8771767427119812     -0.0005382
    -247.2743193505716022     -0.0066569
    -246.6714595317536691      0.0020768
    -246.0685972863579991     -0.0030232
    -245.4657326143513671      0.0079731
    -244.8628655156671527      0.0116514
    -244.2599959903386662      0.0088473
    -243.6571240382993722      0.0154850
    -243.0542496596157775      0.0035502
    -242.4513728541880369     -0.0014641
    -241.8484936220827137      0.0081005
    -241.2456119631667377     -0.0111993
    -240.6427278776064611     -0.0114405
    -240.0398413652022498     -0.0035972
    -239.4369524260538356     -0.0057702
    -238.8340610600947969     -0.0037843
    -238.2311672673583018     -0.0025478
    -237.6282710478110971     -0.0079401
    -237.0253724013534224     -0.0059085
    -236.4224713281182630     -0.0039830
    -235.8195678279725769     -0.0058489
    -235.2166619009829276     -0.0089213
    -234.6137535470494129     -0.0029310
    -234.0108427662719635     -0.0052910
    -233.4079295584840850     -0.0036720
    -232.8050139238522434      0.0084650
    -232.2020958621767193     -0.0219852
    -231.5991753735906116      0.0020022
    -230.9962524579941601     -0.0066913
    -230.3933271154205329     -0.0042961
    -229.7903993458032801      0.0027634
    -229.1874691492088800      0.0016574
    -228.5845365255708543      0.0052121
    -227.9816014748225257      0.0001736
    -227.3786639970638248      0.0051434
    -226.7757240921615676     -0.0023201
    -226.1727817602156563      0.0016305
    -225.5698370010929068     -0.0060771
    -224.9668898148931930     -0.0034725
    -224.3639402014833877      0.0027261
    -223.7609881609966180     -0.0023947
    -223.1580336932664466     -0.0027003
    -222.5550767983927756      0.0032241
    -221.9521174762757028     -0.0035141
    -221.3491557269818202     -0.0046877
    -220.7461915504778460     -0.0047122
    -220.1432249466638780      0.0032331
    -219.5402559156398752      0.0033635
    -218.9372844572725967     -0.0036888
    -218.3343105716951982     -0.0078409
    -217.7313342587413274     -0.0120889
    -217.1283555185440548     -0.0140623
    -216.5253743509369997     -0.0116117
    -215.9223907560199791     -0.0089532
    -215.3194047336931476      0.0007985
    -214.7164162840563790      0.0029972
    -214.1134254069765177     -0.0061206
    -213.5104321025201273      0.0033862
    -212.9074363706539827     -0.0012067
    -212.3044382113114068     -0.0088628
    -211.7014376245257665      0.0076732
    -211.0984346102637801      0.0049201
    -210.4954291685587009     -0.0017211
    -209.8924212993106551     -0.0018005
    -209.2894110025862631     -0.0006090
    -208.6863982782856510      0.0006923
    -208.0833831265086928      0.0027530
    -207.4803655471222328     -0.0027520
    -206.8773455402260879     -0.0140740
    -206.2743231056871593     -0.0003426
    -205.6712982436052926     -0.0046165
    -205.0682709538806421     -0.0060874
    -204.4652412365132079     -0.0036672
    -203.8622090915363003      0.0044887
    -203.2591745188499885      0.0023866
    -202.6561375185542033     -0.0022873
    -202.0530980905157890      0.0030320
    -201.4500562348345625      0.0063374
    -200.8470119513774250     -0.0047368
    -200.2439652402442221     -0.0032610
    -199.6409161013017979     -0.0087177
    -199.0378645346833082     -0.0014784
    -198.4348105401890621     -0.0097460
    -197.8317541179854686     -0.0114037
    -197.2286952679393721      0.0036561
    -196.6256339901173078     -0.0025685
    -196.0225702844528257      0.0099069
    -195.4195041508792485     -0.0020539
    -194.8164355895297604     -0.0023987
    -194.2133646002046419      0.0008571
    -193.6102911830703306     -0.0020618
    -193.0072153379936708      0.0038931
    -192.4041370650079728     -0.0093697
    -191.8010563640466160     -0.0012152
    -191.1979732352095027     -0.0034426
    -190.5948876783302239     -0.0115818
    -189.9917996935418500      0.0018752
    -189.3887092806780004     -0.0116562
    -188.7856164398718306     -0.0068987
    -188.1825211710567771     -0.0027621
    -187.5794234741329376     -0.0012635
    -186.9763233492001859     -0.0034790
    -186.3732207961586766     -0.0078848
    -185.7701158151082836     -0.0036201
    -185.1670084058825410      0.0033096
    -184.5638985686146327      0.0036544
    -183.9607863031380930     -0.0006085
    -183.3576716096193593     -0.0004204
    -182.7545544878587407      0.0071782
    -182.1514349379893645      0.0004346
    -181.5483129598781034     -0.0146204
    -180.9451885535915210     -0.0081428
    -180.3420617191295889      0.0022621
    -179.7389324563924902      0.0008283
    -179.1358007654467883      0.0088147
    -178.5326666461926379     -0.0078771
    -177.9295300986966026     -0.0008237
    -177.3263911228920620      0.0078890
    -176.7232497188123830      0.0027658
    -176.1201058863909168     -0.0162518
    -175.5169596256610305      0.0004070
    -174.9138109365561036     -0.0036488
    -174.3106598191094463      0.0001136
    -173.7075062732877484      0.0049834
    -173.1043502990910099      0.0024076
    -172.5011918964194138      0.0083455
    -171.8980310654061157     -0.0050738
    -171.2948678059511565      0.0003104
    -170.6917021180213396      0.0107140
    -170.0885340016499470      0.0003263
    -169.4853634567703295      0.0011363
    -168.8821904834159113     -0.0060530
    -168.2790150815200150      0.0008343
    -167.6758372511492325     -0.0095377
    -167.0726569922037186      0.0027582
    -166.4694743047500651      0.0028936
    -165.8662891886883983     -0.0065753
    -165.2631016440852534      0.0049055
    -164.6599116708408417     -0.0004403
    -164.0567192690216984     -0.0065900
    -163.4535244385945134     -0.0062050
    -162.8503271794594980     -0.0053338
    -162.2471274917497510      0.0008926
    -161.6439253752988634      0.0043476
    -161.0407208302066522      0.0000163
    -160.4375138563733287     -0.0057825
    -159.8343044538986533     -0.0181059
    -159.2310926226163019     -0.0019308
    -158.6278783626593736      0.0046695
    -158.0246616738614307     -0.0034309
    -157.4214425563889108      0.0066908
    -156.8182210100421230      0.0074575
    -156.2149970349874764      0.0198171
    -155.6117706310918152      0.0032993
    -155.0085417982885758      0.0052405
    -154.4053105367441958      0.0107560
    -153.8020768462589842      0.0035925
    -153.1988407269327865      0.0057867
    -152.5956021786989822      0.0087943
    -151.9923612015909100      0.0126536
    -151.3891177955420062      0.0118569
    -150.7858719605854958      0.0170901
    -150.1826236966215902      0.0103770
    -149.5793730037501348      0.0170409
    -148.9761198818712842      0.0186326
    -148.3728643310515452      0.0085437
    -147.7696063511578188      0.0008389
    -147.1663459422899791      0.0245153
    -146.5630831044146873      0.0004888
    -145.9598178373988731      0.0244703
    -145.3565501414089454      0.0260290
    -144.7532800162451565      0.0174795
    -144.1500074620739724      0.0303454
    -143.5467324787289272      0.0228062
    -142.9434550663098946      0.0325468
    -142.3401752247170293      0.0376707
    -141.7368929539836415      0.0180630
    -141.1336082540764210      0.0334705
    -140.5303211249953392      0.0259696
    -139.9270315667071145      0.0327210
    -139.3237395792450855      0.0499733
    -138.7204451625426884      0.0368009
    -138.1171483165332745      0.0265857
    -137.5138490413500278      0.0396154
    -136.9105473368265677      0.0297019
    -136.3072432030959362      0.0400403
    -135.7039366399918094      0.0263288
    -135.1006276476139760      0.0404379
    -134.4973162258959292      0.0260145
    -133.8940023748375836      0.0314253
    -133.2906860944057144      0.0469516
    -132.6873673846335748      0.0299814
    -132.0840462454213480      0.0260413
    -131.4807226768688793      0.0298582
    -130.8773966788762948      0.0227753
    -130.2740682514103128      0.0278282
    -129.6707373945708071      0.0295827
    -129.0674041081913401      0.0464658
    -128.4640683924050677      0.0349404
    -127.8607302470788056      0.0219758
    -127.2573896722791886      0.0276030
    -126.6540466679063286      0.0242150
    -126.0507012340600568      0.0309158
    -125.4473533706405703      0.0396403
    -124.8440030776811369      0.0409112
    -124.2406503550818684      0.0325952
    -123.6372952029426671      0.0384081
    -123.0339376211969409      0.0334151
    -122.4305776098113938      0.0242141
    -121.8272151687860543      0.0301504
    -121.2238502980876405      0.0457757
    -120.6204829977826734      0.0461542
    -120.0171132677380683      0.0356777
    -119.4137411080203606      0.0328834
    -118.8103665185630149      0.0419062
    -118.2069894994325523      0.0304497
    -117.6036100505291699      0.0235987
    -117.0002281718861354      0.0375562
    -116.3968438634368709      0.0098017
    -115.7934571252479401      0.0329704
    -115.1900679572195116      0.0322504
    -114.5866763594181208      0.0272648
    -113.9832823318105426      0.0272970
    -113.3798858742968605      0.0260252
    -112.7764869869769626      0.0115248
    -112.1730856697177074      0.0182698
    -111.5696819226522365      0.0106015
    -110.9662757456141122      0.0172024
    -110.3628671387031943      0.0224466
    -109.7594561018196373      0.0153189
    -109.1560426350632866      0.0129123
    -108.5526267382677332      0.0108162
    -107.9492084115328225      0.0161596
    -107.3457876547919767      0.0007406
    -106.7423644680784918      0.0068825
    -106.1389388513590859      0.0068528
    -105.5355108045338994     -0.0148651
    -104.9320803277360739     -0.0217753
    -104.3286474208324677     -0.0033480
    -103.7252120838563627      0.0064339
    -103.1217743167744771      0.0070513
    -102.5183341196201070     -0.0032679
    -101.9148914922933926     -0.0098121
    -101.3114464348941794      0.0128966
    -100.7079989472893544      0.0196556
    -100.1045490295787488      0.0180847
     -99.5010966815959250      0.0008690
     -98.8976419035073491     -0.0075961
     -98.2941846952131328     -0.0196267
     -97.6907250566134451     -0.0213643
     -97.0872629878413989     -0.0007421
     -96.4837984887638953     -0.0118573
     -95.8803315594474554     -0.0265751
     -95.2768621998255583     -0.0292208
     -94.6733904099647390     -0.0097090
     -94.0699161896985885     -0.0033287
     -93.4664395391935443     -0.0093839
     -92.8629604582831405     -0.0102533
     -92.2594789470672794     -0.0034844
     -91.6559950054128052      0.0006131
     -91.0525086334528311     -0.0130032
     -90.4490198310209763     -0.0115409
     -89.8455285982503540     -0.0295890
     -89.2420349350078510     -0.0075972
     -88.6385388412934248     -0.0147726
     -88.0350403171736815     -0.0012441
     -87.4315393625154798     -0.0042899
     -86.8280359774186508     -0.0122934
     -86.2245301617833775     -0.0223905
     -85.6210219156761951     -0.0234084
     -85.0175112389972583     -0.0240683
     -84.4139981317798629     -0.0202954
     -83.8104825939907130     -0.0326818
     -83.2069646256631046     -0.0071094
     -82.6034442266971922     -0.0091981
     -81.9999213971595111     -0.0125523
     -81.3963961370168079     -0.0025177
     -80.7928684461692370      0.0006678
     -80.1893383247498832     -0.0044716
     -79.5858057725923800      0.0040657
     -78.9822707897965728      0.0171063
     -78.3787333762625877      0.0117677
     -77.7751935320902987      0.0326641
     -77.1716512571465358      0.0319292
     -76.5681065514979196      0.0354749
     -75.9645594150445476      0.0494305
     -75.3610098478863080      0.0504484
     -74.7574578498567632      0.0520605
     -74.1539034211223367      0.0819602
     -73.5503465615498868      0.0770792
     -72.9467872711394136      0.0822752
     -72.3432255498909313      0.0860499
     -71.7396613977711581      0.0890861
     -71.1360948148133616      0.1097282
     -70.5325258009176963      0.1042621
     -69.9289543561839935      0.1209346
     -69.3253804804791542      0.1471944
     -68.7218041739030241      0.1602734
     -68.1182254363224473      0.1676292
     -67.5146442678372978      0.1809031
     -66.9110606683144198      0.1910492
     -66.3074746378869548      0.2094307
     -65.7038861763552120      0.2271635
     -65.1002952838855862      0.2483460
     -64.4967019604115279      0.2653108
     -63.8931062057999171      0.2682818
     -63.2895080201838596      0.2998914
     -62.6859074034635100      0.3043620
     -62.0823043556721572      0.3195174
     -61.4786988767432518      0.3272650
     -60.8750909667433291      0.3398475
     -60.2714806255725577      0.3531879
     -59.6678678532642053      0.3780464
     -59.0642526497517224      0.3884217
     -58.4606350151349616      0.3929649
     -57.8570149492474854      0.4027865
     -57.2533924522224424      0.4019481
     -56.6497675239599801      0.4332406
     -56.0461401644268093      0.4220752
     -55.4425103736895011      0.4573374
     -54.8388781516149280      0.4852183
     -54.2352434983362102      0.4758004
     -53.6316064136869386      0.5119103
     -53.0279668977669658      0.5152078
     -52.4243249505097211      0.5150652
     -51.8206805719151973      0.5344830
     -51.2170337619501197      0.5291566
     -50.6133845206477773      0.5501725
     -50.0097328479083103      0.5666918
     -49.4060787438315572      0.5889983
     -48.8024222083509827      0.5678126
     -48.1987632413667058      0.5764679
     -47.5951018430118822      0.6211931
     -46.9914380131200815      0.6165946
     -46.3877717518244381      0.6236776
     -45.7841030589918248      0.6307760
     -45.1804319347220869      0.6343954
     -44.5767583788488153      0.6673145
     -43.9730823915384121      0.6437884
     -43.3694039725911793      0.6510503
     -42.7657231221402583      0.6696287
     -42.1620398400858036      0.6586807
     -41.5583541264610901      0.6595381
     -40.9546659812661176      0.6826767
     -40.3509754043677518      0.6761614
     -39.7472823958991270      0.6840360
     -39.1435869557271161      0.6713090
     -38.5398890839515573      0.6783257
     -37.9361887804393234      0.6885361
     -37.3324860452902740      0.7058978
     -36.7287808783712535      0.6984069
     -36.1250732797821286      0.6907933
     -35.5213632494230467      0.6968388
     -34.9176507873272826      0.7078692
     -34.3139358934615686      0.6996478
     -33.7102185678258834      0.7001600
     -33.1064988103536848      0.7200108
     -32.5027766211447968      0.7329817
     -31.8990520000661100      0.7319500
     -31.2953249471176065      0.7220426
     -30.6915954623991425      0.7281641
     -30.0878635457110200      0.7165417
     -29.4841291972196551      0.7399914
     -28.8803924167586281      0.7544046
     -28.2766532044610734      0.7805773
     -27.6729115601605749      0.7580521
     -27.0691674839569814      0.7603049
     -26.4654209757837258      0.7709705
     -25.8616720356408116      0.8088607
     -25.2579206634949500      0.7928907
     -24.6541668593794263      0.8148942
     -24.0504106232609587      0.8212731
     -23.4466519550729835      0.8099872
     -22.8428908548487755      0.8260791
     -22.2391273225550528      0.8516420
     -21.6353613582251043      0.8641045
     -21.0315929617257886      0.8955806
     -20.4278221332235326      0.9034781
     -19.8240488725186310      0.9578200
     -19.2202731797109294      0.9844318
     -18.6164950547338677      1.0609195
     -18.0127144976540059      1.1302031
     -17.4089315083382168      1.2055658
     -16.8051460868530675      1.3275955
     -16.2013582331652657      1.4447024
     -15.5975679472415365      1.6197809
     -14.9937752291151565      1.8037640
     -14.3899800786530001      2.0298667
     -13.7861824960214783      2.2898393
     -13.1823824810208894      2.5430267
     -12.5785800337843714      2.8509004
     -11.9747751542120735      3.2165859
     -11.3709678423372775      3.6740623
     -10.7671580980934145      4.2636189
     -10.1633459215470552      5.0561671
      -9.5595313125650634      6.0335569
      -8.9557142712472881      7.1284037
      -8.3518947974938840      8.3614120
      -7.7480728913714119      9.8489809
      -7.1442485528133082     11.8759451
      -6.5404217817530039     14.2752113
      -5.9365925783236362     16.0181561
      -5.3327609423255007     16.1527557
      -4.7289268739250163     15.5523272
      -4.1250903729557651     15.7106104
      -3.5212514395508814     16.4904938
      -2.9174100735439468     16.5630760
      -2.3135662750348129     15.2977667
      -1.7097200439236280     13.6218319
      -1.1058713802769597     12.3209505
      -0.5020202839949574     11.4035110
       0.1018332448225285     10.5334444
       0.7056892062753487      9.6516676
       1.3095476004300706      8.6999798
       1.9134084271535594      7.6801410
       2.5172716866455169      6.6058941
       3.1211373787062415      5.5821724
       3.7250055035354355      4.7238069
       4.3288760609999635      4.0515313
       4.9327490512329604      3.4750671
       5.5366244741678585      3.0077043
       6.1405023299377932      2.6164360
       6.7443826183430620      2.2573919
       7.3482653396499344      1.9523872
       7.9521504936587091      1.6909070
       8.5560380805025193      1.4863402
       9.1599281002479334      1.2891759
       9.7638205527618158      1.1324692
      10.3677154381773011      0.9861311
      10.9716127563612567      0.8712048
      11.5755125075133840      0.7635719
      12.1794146915671142      0.6753547
      12.7833193085224472      0.6207117
      13.3872263583793831      0.5327491
      13.9911358412044908      0.4512097
      14.5950477569312014      0.4169200
      15.1989621057592181      0.3676469
      15.8028788874222688      0.3391926
      16.4067981021866238      0.3036856
      17.0107197499191578      0.2676186
      17.6146438306864219      0.2353831
      18.2185703445549940      0.2173840
      18.8224992913917362      0.1930441
      19.4264306713963535      0.1569613
      20.0303644844357081      0.1328538
      20.6343007305763670      0.1208377
      21.2382394098183305      0.1273331
      21.8421805222947327      0.1032144
      22.4461240678058793      0.0961096
      23.0500700465514612      0.0829783
      23.6540184583983510      0.0689905
      24.2579693035462434      0.0572806
      24.8619225817954437      0.0746705
      25.4658782932790864      0.0732004
      26.0698364380637315      0.0387271
      26.6737970160828226      0.0418312
      27.2777600274029162      0.0353446
      27.8817254718908849      0.0325135
      28.4856933497464269      0.0307987
      29.0896636609029784      0.0434852
      29.6936364054270996      0.0325278
      30.2976115831856667      0.0200248
      30.9015891944449379      0.0198184
      31.5055692389386515      0.0207544
      32.1095517168665125      0.0308828
      32.7135366282285034      0.0100762
      33.3175239728915145      0.0306731
      33.9215137511217932      0.0163746
      34.5255059627196488      0.0294044
      35.1295006078182155      0.0230583
      35.7334976862843519      0.0316819
      36.3374971983843338      0.0071132
      36.9414991438518925      0.0005528
      37.5455035229532967      0.0348345
      38.1495103354888414      0.0123518
      38.7535195816582245      0.0267017
      39.3575312612617552      0.0027552
      39.9615453745657021      0.0133640
      40.5655619213703460     -0.0064397
      41.1695809018088426      0.0119236
      41.7736023158811776      0.0149125
      42.3776261635873581      0.0203031
      42.9816524449939550      0.0119190
      43.5856811599678196      0.0027682
      44.1897123086421004     -0.0041685
      44.7937458910167905     -0.0009931
      45.3977819071584605      0.0111260
      46.0018203569339690      0.0034926
      46.6058612404764645      0.0021462
      47.2099045577859258      0.0040778
      47.8139503088623812      0.0017406
      48.4179984937058023      0.0071501
      49.0220491123827813      0.0097200
      49.6261021648267260      0.0088605
      50.2301576510376577      0.0067042
      50.8342155712152675      0.0159630
      51.4382759251598571      0.0181416
      52.0423387130045541      0.0178966
      52.6464039346828017      0.0033262
      53.2504715903277273      0.0098072
      53.8545416798727672      0.0009381
      54.4586142033844851      0.0072459
      55.0626891607297537      0.0134427
      55.6667665521082640      0.0270388
      56.2708463774534522      0.0051671
      56.8749286367653326      0.0169673
      57.4790133301104476      0.0070947
      58.0831004574222547      0.0011255
      58.6871900187673035      0.0161459
      59.2912820142121646      0.0018577
      59.8953764436902816      0.0048863
      60.4994733072016402     -0.0062211
      61.1035726048793748      0.0129451
      61.7076743365903653      0.0243378
      62.3117785024677389      0.0114092
      62.9158851024449248      0.0166341
      63.5199941366550576      0.0207245
      64.1241056048984461     -0.0023199
      64.7282195074413380      0.0094274
      65.3323358440840565      0.0058250
      65.9364546149597146     -0.0013207
      66.5405758200683408      0.0033590
      67.1446994594098925      0.0065537
      67.7488255330509759     -0.0026693
      68.3529540408584353     -0.0044894
      68.9570849830319759      0.0158237
      69.5612183594384703      0.0090473
      70.1653541702776238      0.0002160
      70.7694924152831533     -0.0043984
      71.3736330947213276      0.0172114
      71.9777762084590194     -0.0071194
      72.5819217566293844      0.0025196
      73.1860697391658022     -0.0059572
      73.7902201560683153     -0.0100852
      74.3943730074035017      0.0009230
      74.9985282931713186     -0.0147371
      75.6026860133717804      0.0043604
      76.2068461680049012      0.0041223
      76.8110087572038083      0.0035448
      77.4151737807688107     -0.0031953
      78.0193412388995853     -0.0014583
      78.6235111315295825     -0.0057765
      79.2276834587253518     -0.0301422
      79.8318582204203580     -0.0329258
      80.4360354167477141     -0.0232000
      81.0402150475742786     -0.0052859
      81.6443971130332073      0.0118490
      82.2485816130579224      0.0015605
      82.8527685477149873      0.0096792
      83.4569579170044022      0.0087765
      84.0611497209927450      0.0074256
      84.6653439596134376      0.0015133
      85.2695406328664802     -0.0033732
      85.8737397408850285      0.0369194
      86.4779412835359125      0.0098963
      87.0821452610188373     -0.0105404
      87.6863516731341406      0.0111264
      88.2905605200149353      0.0015685
      88.8947718016611930     -0.0029058
      89.4989855181395200     -0.0070397
      90.1032016693833384     -0.0010716
      90.7074202553926483      0.0138870
      91.3116412763005627      0.0155850
      91.9158647320405464      0.0033936
      92.5200906226125852     -0.0096944
      93.1243189480832427      0.0019089
      93.7285497083859553     -0.0009470
      94.3327829036538503     -0.0014903
      94.9370185338203783      0.0051129
      95.5412565988189471     -0.0020262
      96.1454970989158397     -0.0045603
      96.7497400338448017     -0.0096690
      97.3539854038055381     -0.0127848
      97.9582332087314285      0.0034739
      98.5624834486890933      0.0076148
      99.1667361236119405      0.0130112
      99.7709912335665621     -0.0011948
     100.3752487786194934     -0.0019727
     100.9795087587041849      0.0039048
     101.5837711738872002      0.0032263
     102.1880360241019616     -0.0068515
     102.7923033094816390      0.0018526
     103.3965730299596117      0.0317899
     104.0008451856025005      0.0106327
     104.6051197763437131      0.0084104
     105.2093968023163768      0.0007073
     105.8136762633873644     -0.0102704
     106.4179581596898032      0.0030111
     107.0222424912237074      0.0046388
     107.6265292579224990      0.0012119
     108.2308184599193339     -0.0101989
     108.8351100970810421      0.0108064
     109.4394041696073572     -0.0004279
     110.0437006773651234      0.0099669
     110.6479996204209186      0.0263112
     111.2523009987747287      0.0034419
     111.8566048125597092      0.0114012
     112.4609110615761409     -0.0072445
     113.0652197459571937     -0.0063287
     113.6695308657028107      0.0015067
     114.2738444208795983     -0.0006832
     114.8781604114209784      0.0029320
     115.4824788373935149      0.0029821
     116.0867996987972361     -0.0013415
     116.6911229956320852      0.0031039
     117.2954487279646827     -0.0013657
     117.8997768956618728      0.0118115
     118.5041074989899101      0.0054797
     119.1084405376825401     -0.0146316
     119.7127760120060600      0.0073466
     120.3171139218272856      0.0137352
     120.9214542672128090      0.0074329
     121.5257970480960665      0.0000220
     122.1301422646101855      0.0015422
     122.7344899166886023      0.0184239
     123.3388400043313169      0.0089932
     123.9431925276714423     -0.0173181
     124.5475474865758940     -0.0059164
     125.1519048812443202      0.0103546
     125.7562647114770584      0.0087103
     126.3606269774071933      0.0047108
     126.9649916790347959      0.0108223
     127.5693588164263730      0.0068134
     128.1737283894488257     -0.0057357
     128.7781003983018309     -0.0091710
     129.3824748427857116      0.0070548
     129.9868517231667226     -0.0093688
     130.5912310392451445      0.0083328
     131.1956127911541614      0.0069315
     131.7999969788271528     -0.0021007
     132.4043836023972744      0.0204526
     133.0087726617979911      0.0134505
     133.6131641570292459      0.0046630
     134.2175580881576309     -0.0070303
     134.8219544551165825      0.0076464
     135.4263532580392564     -0.0084011
     136.0307544967924684     -0.0009112
     136.6351581715759664     -0.0142416
     137.2395642822565662      0.0013422
     137.8439728289008883     -0.0077606
     138.4483838115089043      0.0032751
     139.0527972301471777      0.0176054
     139.6572130847491735      0.0066681
     140.2616313753148347     -0.0005064
     140.8660521019773739     -0.0004171
     141.4704752646701422      0.0025290
     142.0749008634597601     -0.0012860
     142.6793288982796355      0.0035703
     143.2837593692629241      0.0046700
     143.8881922762764702     -0.0015931
     144.4926276194534580      0.0086862
     145.0970653987272101     -0.0046350
     145.7015056142309675     -0.0150049
     146.3059482658315744     -0.0178983
     146.9103933536621014     -0.0115694
     147.5148408775895064     -0.0032637
     148.1192908377468598      0.0090021
     148.7237432342007537      0.0196149
     149.3281980668846245      0.0084418
     149.9326553357984437     -0.0136430
     150.5371150409422398     -0.0078893
     151.1415771824491401      0.0043803
     151.7460417601860172      0.0122892
     152.3505087742859985      0.0016133
     152.9549782246824918     -0.0211766
     153.5594501114420893     -0.0230596
     154.1639244344982842      0.0063367
     154.7684011940506537      0.0065577
     155.3728803898330000      0.0026149
     155.9773620221781698     -0.0007336
     156.5818460908198517     -0.0080222
     157.1863325958912014      0.0057494
     157.7908215374588394      0.0015493
     158.3953129154561168     -0.0014952
     158.9998067299495972     -0.0058583
     159.6043029809393659     -0.0039733
     160.2088016684253375      0.0153698
     160.8133027924075407     -0.0101670
     161.4178063529525957     -0.0041150
     162.0223123499938538     -0.0052810
     162.6268207836644706      0.0049884
     163.2313316538313472     -0.0028332
     163.8358449606941747     -0.0043504
     164.4403607041197688      0.0101704
     165.0448788841082148      0.0029129
     165.6493995007925832     -0.0126034
     166.2539225541063104     -0.0032450
     166.8584480441159883     -0.0061139
     167.4629759707550534     -0.0164056
     168.0675063341565760     -0.0067281
     168.6720391342541063      0.0171162
     169.2765743710475306      0.0040953
     169.8811120446034693      0.0037656
     170.4856521549218940     -0.0063313
     171.0901947019362979     -0.0098200
     171.6947396858463151     -0.0027859
     172.2992871064523115      0.0023905
     172.9038369638873291      0.0016227
     173.5083892582180169      0.0032412
     174.1129439893111908      0.0058070
     174.7175011573665984      0.0093020
     175.3220607621844920      0.0236089
     175.9266228039646194     -0.0063834
     176.5311872825737964     -0.0073869
     177.1357541982117709      0.0062362
     177.7403235506788235      0.0033098
     178.3448953401746451     -0.0050437
     178.9494695665660799     -0.0006615
     179.5540462299197486     -0.0136123
     180.1586253303021863     -0.0111161
     180.7632068676468293      0.0057151
     181.3677908420868334     -0.0029310
     181.9723772534890145     -0.0113590
     182.5769661019865566     -0.0078550
     183.1815573875128962      0.0014363
     183.7861511101345400      0.0013208
     184.3907472698515733     -0.0109141
     184.9953458667304744      0.0102786
     185.5999469006381730      0.0146239
     186.2045503717077679      0.0132734
     186.8091562799392875     -0.0015386
     187.4137646253992955     -0.0018260
     188.0183754079546077     -0.0029374
     188.6229886277384367      0.0154813
     189.2276042847506972      0.0072428
     189.8322223789249392      0.0019538
     190.4368429103941480     -0.0036012
     191.0414658790918736      0.0013213
     191.6460912850846512      0.0026409
     192.2507191283724808     -0.0189610
     192.8553494089553340     -0.0170519
     193.4599821268332391     -0.0080079
     194.0646172820727600     -0.0085007
     194.6692548746073044     -0.0116210
     195.2738949045034929      0.0056677
     195.8785373717612686      0.0021681
     196.4831822765138156      0.0073087
     197.0878296185614147     -0.0035248
     197.6924793980371646     -0.0072899
     198.2971316149410939      0.0070293
     198.9017862693397944      0.0059120
     199.5064433611666743     -0.0007596
     200.1111028904882687     -0.0052635
     200.7157648573046345      0.0091402
     201.3204292616157431      0.0164188
     201.9250961034881584      0.0181196
     202.5297653827887530     -0.0058687
     203.1344370997172462      0.0016382
     203.7391112542070459      0.0098030
     204.3437878462581523      0.0007976
     204.9484668759371573     -0.0144332
     205.5531483431774404     -0.0011549
     206.1578322481122143     -0.0101374
     206.7625185906082947     -0.0212260
     207.3672073707988091     -0.0046165
     207.9718985886171936      0.0067700
     208.5765922441966325     -0.0123918
     209.1812883374039131     -0.0110879
     209.7859868683722482     -0.0030264
     210.3906878369684250      0.0051734
     210.9953912434587835      0.0028499
     211.6000970875770122     -0.0014890
     212.2048053695228305     -0.0000875
     212.8095160892296747     -0.0174895
     213.4142292467640516      0.0018318
     214.0189448421260749      0.0048319
     214.6236628752490674     -0.0028793
     215.2283833462662699      0.0013611
     215.8331062551775403      0.0119790
     216.4378316019164572      0.0023454
     217.0425593865495273      0.0005064
     217.6472896090767222      0.0166971
     218.2520222695646339      0.0103543
     218.8567573679466989     -0.0088036
     219.4614949042894807      0.0103349
     220.0662348785929794      0.0163682
     220.6709772908571949     -0.0056040
     221.2757221411487194     -0.0051836
     221.8804694294675244      0.0074115
     222.4852191557470462     -0.0154617
     223.0899713200538201     -0.0103513
     223.6947259224544666     -0.0032464
     224.2994829629489857      0.0005452
     224.9042424414707568      0.0160113
     225.5090043580864290      0.0056558
     226.1137687128624805      0.0007788
     226.7185355057324045      0.0187756
     227.3233047366961443     -0.0066413
     227.9280764058869124     -0.0053511
     228.5328505132380883     -0.0190013
     229.1376270587496720     -0.0005968
     229.7424060424882555     -0.0130257
     230.3471874643872752     -0.0053476
     230.9519713245798300      0.0007506
     231.5567576229328211      0.0023148
     232.1615463596459108      0.0040518
     232.7663375345194083      0.0054753
     233.3711311477530614     -0.0038574
     233.9759271992802780     -0.0110509
     234.5807256891675650      0.0082229
     235.1855266172818801      0.0195930
     235.7903299838228861      0.0144408
     236.3951357886573987      0.0221315
     236.9999440319852226      0.0075397
     237.6047547136065816     -0.0016383
     238.2095678336546314      0.0149975
     238.8143833920628083      0.0068259
     239.4192013889642396      0.0024081
     240.0240218243588970      0.0230434
     240.6288446981137383      0.0051407
     241.2336700104949045      0.0074571
     241.8384977612362547      0.0048023
     242.4433279505373662      0.0042478
     243.0481605783317889      0.0057738
     243.6529956447525649      0.0067685
     244.2578331496000601      0.0071887
     244.8626730931405007      0.0025375
     245.4675154751741672     -0.0006568
     246.0723602958342724     -0.0041432
     246.6772075551207593      0.0044734
     247.2820572529670642     -0.0018237
     247.8869093895062861      0.0232989
     248.4917639646719749     -0.0012712
     249.0966209785971444     -0.0014457
     249.7014804311486955     -0.0041434
     250.3063423223932205     -0.0042720
     250.9112066523306908     -0.0042524
     251.5160734210277269      0.0053490
     252.1209426284842436     -0.0182052
     252.7258142747003262     -0.0116474
     253.3306883596758894      0.0000686
     253.9355648834110184      0.0092046
     254.5404438459722201      0.0068086
     255.1453252473595228     -0.0096125
     255.7502090875728982     -0.0136834
     256.3550953666123746     -0.0016639
     256.9599840845445442     -0.0067999
     257.5648752413693501     -0.0003807
     258.1697688370868491      0.0031633
     258.7746648716303639      0.0086277
     259.3795633451997560     -0.0052496
     259.9844642575951639     -0.0047168
     260.5893676090829558     -0.0054017
     261.1942733993968773     -0.0024685
     261.7991816288031259     -0.0001664
     262.4040922971020677      0.0092944
     263.0090054044267731     -0.0054138
     263.6139209508439194     -0.0016000
     264.2188389362867724     -0.0011808
     264.8237593607554459      0.0050340
     265.4286822243164465     -0.0021861
     266.0336075269698881     -0.0001359
     266.6385352686490364     -0.0015521
     267.2434654495537529     -0.0023997
     267.8483980694842330     -0.0122149
     268.4533331286401676     -0.0082323
     269.0582706268219795      0.0034334
     269.6632105642958095      0.0002590
     270.2681529409285872     -0.0085406
     270.8730977567868763     -0.0012444
     271.4780450118040562     -0.0042538
     272.0829947060466907     -0.0072488
     272.6879468396480775      0.0103177
     273.2929014124082983      0.0056550
     273.8978584244606509     -0.0042260
     274.5028178758050217     -0.0041864
     275.1077797665080311      0.0088490
     275.7127440964365519      0.0101149
     276.3177108657902181     -0.0015982
     276.9226800744360162      0.0117331
     277.5276517224403960      0.0106064
     278.1326258098034145     -0.0056520
     278.7376023366581990     -0.0224360
     279.3425813028051152     -0.0116824
     279.9475627084437406     -0.0135670
     280.5525465535075682     -0.0133777
     281.1575328379965413     -0.0035579
     281.7625215620439008      0.0019986
     282.3675127254498989      0.0097307
     282.9725063284808471     -0.0018393
     283.5775023709369407     -0.0049263
     284.1825008529513070      0.0014776
     284.7875017744574961      0.0090650
     285.3925051355886353     -0.0014996
     285.9975109362114836     -0.0192101
     286.6025191765258455     -0.0014800
     287.2075298563318597      0.0040669
     287.8125429757628808     -0.0032743
     288.4175585348853588     -0.0035322
     289.0225765336327299     -0.0070448
     289.6275969720715011     -0.0177824
     290.2326198501352224     -0.0128121
     290.8376451678904573      0.0021661
     291.4426729253370922     -0.0117903
     292.0477031225418045     -0.0118759
     292.6527357594380305     -0.0024888
     293.2577708361587838     -0.0088441
     293.8628083525709940      0.0096181
     294.4678483088078451      0.0046286
     295.0728907047361531      0.0071056
     295.6779355406222294      0.0064459
     296.2829828161997057      0.0068352
     296.8880325316018229      0.0079916
     297.4930846869616516      0.0086133
     298.0981392821461213      0.0026400
     298.7031963172217388      0.0003451
     299.3082557921219973      0.0015797
     299.9133177070465308      0.0220759
     300.5183820617956485     -0.0038985
     301.1234488565690981     -0.0076365
     301.7285180912336955     -0.0086580
     302.3335897658560611     -0.0025719
     302.9386638805027019      0.0052714
     303.5437404351736177      0.0033562
     304.1488194298023586      0.0003305
     304.7539008644553178      0.0073593
     305.3589847391992294      0.0009192
     305.9640710539007955     -0.0079177
     306.5691598088263845      0.0032475
     307.1742510037097418      0.0112312
     307.7793446387505583      0.0094191
     308.3844407138822135      0.0089196
     308.9895392292378915     -0.0013890
     309.5946401846178446      0.0097377
     310.1997435802218206     -0.0032698
     310.8048494159832558     -0.0006203
     311.4099576919686569     -0.0057621
     312.0150684081115173      0.0104140
     312.6201815644784006      0.0059372
     313.2252971611358134     -0.0081423
     313.8304151979507424      0.0136243
     314.4355356751227646      0.0088371
     315.0406585925187528      0.0091185
     315.6457839502053844      0.0053701
     316.2509117482491092      0.0087554
     316.8560419865833637      0.0037301
     317.4611746652082616      0.0151307
     318.0663097842569300      0.0194651
     318.6714473436626349      0.0101366
     319.2765873434254900     -0.0094414
     319.8817297836120588     -0.0080751
     320.4868746642223414      0.0047217
     321.0920219851898310      0.0033468
     321.6971717466474843      0.0001054
     322.3023239485954718      0.0177068
     322.9074785909006664     -0.0047762
     323.5126356738291520      0.0201213
     324.1177951971814082      0.0009091
     324.7229571610905055     -0.0118589
     325.3281215654233165     -0.0005929
     325.9332884104460959     -0.0089202
     326.5384576958925322     -0.0008042
     327.1436294220289938      0.0081575
     327.7488035887222964      0.0056804
     328.3539801959724969      0.0110928
     328.9591592438460452      0.0071370
     329.5643407324095620     -0.0025358
     330.1695246615964834      0.0063127
     330.7747110314068095      0.0073956
     331.3798998419737245     -0.0040687
     331.9850910931640442      0.0050427
     332.5902847851108959      0.0099811
     333.1954809177477159      0.0031438
     333.8006794911411248     -0.0121263
     334.4058805052244452     -0.0135440
     335.0110839601309181     -0.0307967
     335.6162898557939229     -0.0061596
     336.2214981923465871      0.0060354
     336.8267089695892764     -0.0092898
     337.4319221876550614      0.0032797
     338.0371378466105057     -0.0103662
     338.6423559463891024      0.0012711
     339.2475764871238653     -0.0048212
     339.8527994686817806     -0.0110518
     340.4580248911294120     -0.0114084
     341.0632527544666459     -0.0117102
     341.6684830588267801     -0.0077095
     342.2737158040100098     -0.0149182
     342.8789509902825898     -0.0070754
     343.4841886173783223      0.0161125
     344.0894286855634050      0.0064110
     344.6946711947047106     -0.0034663
     345.2999161448688028     -0.0185560
     345.9051635361223589     -0.0122679
     346.5104133683987584     -0.0221183
     347.1156656416978876      0.0000915
     347.7209203560864239     -0.0045502
     348.3261775116308741      0.0185882
     348.9314371081981676     -0.0108129
     349.5366991459214319     -0.0040338
     350.1419636247340463      0.0018299
     350.7472305447691951     -0.0066622
     351.3524999058936942     -0.0124489
     351.9577717083073480      0.0001722
     352.5630459518102953      0.0008466
     353.1683226366023973     -0.0036754
     353.7736017625504132     -0.0131659
     354.3788833297209067     -0.0018150
     354.9841673381805549      0.0048410
     355.5894537879292443      0.0036488
     356.1947426789670317      0.0148347
     356.8000340112272966     -0.0029372
     357.4053277849098436     -0.0153987
     358.0106239998148681      0.0172131
     358.6159226561421747      0.0036931
     359.2212237537584656     -0.0051587
     359.8265272927969818      0.0010402
     360.4318332731912164      0.0174464
     361.0371416950742400      0.0156440
     361.6424525582462479      0.0006086
     362.2477658629071016      0.0108614
     362.8530816089901805      0.0059158
     363.4583997965620483     -0.0086130
     364.0637204256227051     -0.0044605
     364.6690434961055303      0.0208983
     365.2743690082103285      0.0100183
     365.8796969617373520      0.0056724
     366.4850273568196712     -0.0002961
     367.0903601934573999     -0.0057064
     367.6956954716504811      0.0037226
     368.3010331913988580     -0.0161821
     368.9063733528357147     -0.0071188
     369.5117159557614173     -0.0036268
     370.1170610003755428     -0.0111471
     370.7224084866116982      0.0022061
     371.3277584144696561     -0.0060297
     371.9331107840827144     -0.0001318
     372.5384655952511253      0.0112648
     373.1438228482411432      0.0076871
     373.7491825428531342      0.0193221
     374.3545446792866755     -0.0011352
     374.9599092573421899      0.0093536
     375.5652762772858182      0.0084116
     376.1706457388514764      0.0020238
     376.7760176423052485      0.0184780
     377.3813919875141210     -0.0159615
     377.9867687746111073     -0.0030546
     378.5921480034632509      0.0155144
     379.1975296741368879      0.0096653
     379.8029137867653731      0.0006740
     380.4083003411488448     -0.0055385
     381.0136893374871647     -0.0192612
     381.6190807757135985     -0.0069430
     382.2244746558948805      0.0059984
     382.8298709779642763     -0.0064851
     383.4352697420549703     -0.0002294
     384.0406709480338918      0.0075982
     384.6460745960341114      0.0065661
     385.2514806859891223     -0.0106243
     385.8568892179654881      0.0056398
     386.4623001919630951     -0.0187874
     387.0677136079821139     -0.0088733
     387.6731294660888807     -0.0182215
     388.2785477662171161     -0.0100274
     388.8839685084997200     -0.0002489
     389.4893916928036788     -0.0003894
     390.0948173192621198     -0.0169761
     390.7002453878084225     -0.0027807
     391.3056758985092074     -0.0090216
     391.9111088513644745     -0.0085630
     392.5165442464406738      0.0118260
     393.1219820836048484      0.0100962
     393.7274223630565757      0.0088146
     394.3328650846627283      0.0096036
     394.9383102484899837     -0.0104598
     395.5437578546047916     -0.0172336
     396.1492079029406455      0.0043862
     396.7546603935640519     -0.0061699
     397.3601153264750678     -0.0005287
     397.9655727017402569     -0.0035188
     398.5710325192264918      0.0003970
     399.1764947791334066     -0.0028224
     399.7819594813279309      0.0020926
     400.3874266259431352      0.0010980
     400.9928962128460626      0.0115453
     401.5983682422361198      0.0120035
     402.2038427139139003      0.0066742
     402.8093196281454880      0.0228885
     403.4147989847312488      0.0030295
     404.0202807837377463      0.0139521
     404.6257650252980511      0.0103434
     405.2312517092791495      0.0032407
     405.8367408358141120      0.0135059
     406.4422324047697543     -0.0042727
     407.0477264163458244      0.0009973
     407.6532228703426313     -0.0063322
     408.2587217670264863      0.0026667
     408.8642231061975281     -0.0072636
     409.4697268879891112     -0.0071200
     410.0752331123345016     -0.0208006
     410.6807417793003196     -0.0093997
     411.2862528888865654      0.0039732
     411.8917664411598025      0.0007114
     412.4972824360535242      0.0056061
     413.1028008736341803      0.0115636
     413.7083217539018278     -0.0015175
     414.3138450768564667      0.0098057
     414.9193708425647173      0.0202340
     415.5248990509599594      0.0114900
     416.1304297021753200      0.0090603
     416.7359627960777289      0.0130370
     417.3414983328001426      0.0090617
     417.9470363122762251     -0.0047178
     418.5525767345724262     -0.0096885
     419.1581195996887459      0.0008336
     419.7636649075585638     -0.0024219
     420.3692126583817412      0.0088945
     420.9747628520249805      0.0156045
     421.5803154886215225     -0.0015491
     422.1858705680381831     -0.0035207
     422.7914280904081465      0.0202044
     423.3969880555982286     -0.0033287
     424.0025504638746270      0.0162458
     424.6081153149712577      0.0049063
     425.2136826091542616     -0.0109550
     425.8192523462240047     -0.0052101
     426.4248245263134436     -0.0073894
     427.0303991494228057      0.0018116
     427.6359762155520343     -0.0054447
     428.2415557247676361      0.0048268
     428.8471376769365406     -0.0020257
     429.4527220723248888     -0.0051454
     430.0583089106665398     -0.0063721
     430.6638981921611844     -0.0071790
     431.2694899168087659     -0.0083653
     431.8750840845427774     -0.0071914
     432.4806806954297258     -0.0003136
     433.0862797494696679      0.0079569
     433.6918812466625468     -0.0168556
     434.2974851871414899      0.0067090
     434.9030915707069198      0.0065610
     435.5087003975584707      0.0117658
     436.1143116676294653     -0.0012146
     436.7199253809200172     -0.0108471
     437.3255415374967470     -0.0018978
     437.9311601372929204     -0.0047881
     438.5367811805083988      0.0045590
     439.1424046669433210      0.0069036
     439.7480305967309846     -0.0054083
     440.3536589698047123     -0.0043925
     440.9592897862976884      0.0057415
     441.5649230461433490      0.0054460
     442.1705587493416942     -0.0016605
     442.7761968959592878      0.0005748
     443.3818374859960159     -0.0004890
     443.9874805194520491      0.0016814
     444.5931259962607669      0.0060569
     445.1987739166884239     -0.0032945
     445.8044242804687087      0.0050979
     446.4100770878014259      0.0002796
     447.0157323385532777     -0.0088707
     447.6213900329241824      0.0080969
     448.2270501707142785     -0.0047064
     448.8327127521233137     -0.0117597
     449.4383777770181041     -0.0111033
     450.0440452455984541     -0.0162766
     450.6497151576646161     -0.0122987
     451.2553875134162240     -0.0055792
     451.8610623127202643     -0.0016908
     452.4667395556432439      0.0044164
     453.0724192423182330     -0.0011599
     453.6781013725457115     -0.0051271
     454.2837859465251427     -0.0081392
     454.8894729641235699     -0.0049401
     455.4951624255406273      0.0112558
     456.1008543305766239      0.0100349
     456.7065486793646869     -0.0110109
     457.3122454719048164      0.0058966
     457.9179447082636329     -0.0019044
     458.5236463883744591      0.0009070
     459.1293505123039154      0.0081747
     459.7350570799854950     -0.0054390
     460.3407660915523252     -0.0221947
     460.9464775468711650     -0.0181186
     461.5521914460751987      0.0038615
     462.1579077892310465     -0.0052083
     462.7636265762054677     -0.0225492
     463.3693478070651963     -0.0132347
     463.9750714818766824      0.0139127
     464.5807976006398690      0.0012446
     465.1865261632217425     -0.0062955
     465.7922571698885577      0.0094024
     466.3979906205070165      0.0069539
     467.0037265150774033     -0.0184945
     467.6094648536660543      0.0032888
     468.2152056362730832      0.0209797
     468.8209488628984332      0.0016892
     469.4266945336086678     -0.0047735
     470.0324426483373372      0.0006748
     470.6381932071508345      0.0018495
     471.2439462101157801      0.0039489
     471.8497016570991605      0.0033750
     472.4554595483005528      0.0030541
     473.0612198835202662     -0.0197351
     473.6669826629580484     -0.0019324
     474.2727478865472790      0.0050504
     474.8785155543545784     -0.0056627
     475.4842856663133261      0.0061603
     476.0900582224901427     -0.0063319
     476.6958332228849713      0.0011726
     477.3016106674978687     -0.0003207
     477.9073905564619622      0.0048111
     478.5131728895775041     -0.0064765
     479.1189576670442420      0.0021005
     479.7247448887956125     -0.0020627
     480.3305345548981222     -0.0171489
     480.9363266652187008      0.0037840
     481.5421212200235459     -0.0064336
     482.1479182190465167     -0.0090635
     482.7537176625536972     -0.0065160
     483.3595195503455670     -0.0171403
     483.9653238826883239     -0.0275487
     484.5711306593155996     -0.0190979
     485.1769398804272555     -0.0017765
     485.7827515459566712      0.0057467
     486.3885656559038466     -0.0190360
     486.9943822104684159     -0.0204039
     487.6002012093841813      0.0014979
     488.2060226529173974     -0.0156735
     488.8118465408683164     -0.0161673
