Scan:    460       PG0117+213 2015-10-24 +06 41 25.0
         OPTICAL                 Tb    
        km/s-LSR                 I
    -549.0064593404256357     -0.0001639
    -548.4048087786479755      0.0087925
    -547.8031557974486532     -0.0141309
    -547.2015003969274858     -0.0026133
    -546.5998425770510494     -0.0116003
    -545.9981823378194576     -0.0023689
    -545.3965196791660901     -0.0109623
    -544.7948546011243707     -0.0095004
    -544.1931871037274959      0.0143478
    -543.5915171868423386      0.0000258
    -542.9898448505022088      0.0012009
    -542.3881700947068794     -0.0035465
    -541.7864929194566912      0.0169372
    -541.1848133246850239      0.0069204
    -540.5831313104248466     -0.0102946
    -539.9814468767098106     -0.0068601
    -539.3797600234064475     -0.0133582
    -538.7780707505484088     -0.0070467
    -538.1763790581021567      0.0108347
    -537.5746849461343118      0.0192342
    -536.9729884145450569     -0.0101069
    -536.3712894633345059      0.0038243
    -535.7695880925689380      0.0060888
    -535.1678843021154535     -0.0039983
    -534.5661780920071351      0.0092191
    -533.9644694622442103      0.0001458
    -533.3627584128265653      0.0013548
    -532.7610449436875797      0.0003878
    -532.1593290548273671     -0.0085490
    -531.5576107463124345      0.0156486
    -530.9558900180096543      0.0014741
    -530.3541668699523370      0.0073482
    -529.7524413021404825      0.0178772
    -529.1507133145073567      0.0192104
    -528.5489829071198074      0.0021673
    -527.9472500799111003     -0.0052116
    -527.3455148329144322     -0.0046459
    -526.7437771660635235      0.0007936
    -526.1420370793248367      0.0063874
    -525.5402945727316819      0.0030474
    -524.9385496462509764      0.0002489
    -524.3368022998824927     -0.0046595
    -523.7350525336263445     -0.0284193
    -523.1333003474157977      0.0152059
    -522.5315457412511932      0.0017347
    -521.9297887151321902      0.0036046
    -521.3280292690589022     -0.0031200
    -520.7262674029648224     -0.0021589
    -520.1245031169165713      0.0009262
    -519.5227364108806114     -0.0044202
    -518.9209672847573529      0.0076663
    -518.3191957385799924     -0.0001131
    -517.7174217723817264     -0.0033763
    -517.1156453860961619     -0.0040492
    -516.5138665796898749     -0.0031399
    -515.9120853532293722     -0.0062733
    -515.3103017066815710      0.0012591
    -514.7085156399465404      0.0043785
    -514.1067271530574772      0.0019380
    -513.5049362460478051      0.0000780
    -512.9031429188174798     -0.0043889
    -512.3013471714332354      0.0092883
    -511.6995490038285652     -0.0083724
    -511.0977484160365520     -0.0130441
    -510.4959454079906891     -0.0099554
    -509.8941399796910900     -0.0097657
    -509.2923321311043878     -0.0026169
    -508.6905218622637790      0.0035660
    -508.0887091731361807      0.0036736
    -507.4868940636881121     -0.0010992
    -506.8850765339529403     -0.0010143
    -506.2832565838641585      0.0048767
    -505.6814342134217100      0.0104306
    -505.0796094225922843     -0.0009634
    -504.4777822114091919     -0.0034219
    -503.8759525798058689      0.0028500
    -503.2741205278156258      0.0058291
    -502.6722860554383487      0.0023321
    -502.0704491625743344      0.0004522
    -501.4686098492567794      0.0031370
    -500.8667681154856837      0.0024145
    -500.2649239611945404      0.0119220
    -499.6630773864498565     -0.0010837
    -499.0612283911851250      0.0013458
    -498.4593769754335426     -0.0071629
    -497.8575231390953491      0.0016307
    -497.2556668822037409     -0.0028078
    -496.6538082047587750     -0.0018535
    -496.0519471066938877      0.0008593
    -495.4500835880423324     -0.0000500
    -494.8482176488374193     -0.0088907
    -494.2463492889792747     -0.0169352
    -493.6444785084346449     -0.0020256
    -493.0426053072367836     -0.0008751
    -492.4407296853856906      0.0102929
    -491.8388516428481125      0.0086221
    -491.2369711796240495     -0.0008529
    -490.6350882957134445     -0.0040770
    -490.0332029910164238     -0.0071698
    -489.4313152655664680      0.0014156
    -488.8294251193966602      0.0056101
    -488.2275325524071832     -0.0085197
    -487.6256375646646575     -0.0008534
    -487.0237401561025194      0.0088196
    -486.4218403267872759     -0.0015462
    -485.8199380765857995      0.0078663
    -485.2180334055315143      0.0077618
    -484.6161263135908825      0.0002237
    -484.0142168007974419      0.0012788
    -483.4123048671177116     -0.0059093
    -482.8103905125518054      0.0035450
    -482.2084737370664129     -0.0035815
    -481.6065545406282808     -0.0038029
    -481.0046329232373523      0.0021112
    -480.4027088848936273     -0.0032144
    -479.8007824255638525     -0.0015208
    -479.1988535452147744      0.0047211
    -478.5969222438795327     -0.0060052
    -477.9949885215916083      0.0049291
    -477.3930523781844499     -0.0031989
    -476.7911138137579883     -0.0097075
    -476.1891728282456029     -0.0029406
    -475.5872294216473506     -0.0007500
    -474.9852835939631177      0.0032408
    -474.3833353451597645     -0.0020611
    -473.7813846752704876     -0.0028961
    -473.1794315842286665     -0.0017622
    -472.5774760720011614     -0.0035216
    -471.9755181386211120      0.0067985
    -471.3735577840553788      0.0022049
    -470.7715950083037910     -0.0033682
    -470.1696298113332659     -0.0009152
    -469.5676621931769432     -0.0013880
    -468.9656921537349490     -0.0087824
    -468.3637196930407072      0.0038204
    -467.7617448110608507      0.0027329
    -467.1597675077953795      0.0046218
    -466.5577877832442937      0.0003476
    -465.9558056374409034      0.0060776
    -465.3538210702519677     -0.0072530
    -464.7518340817109106     -0.0064886
    -464.1498446717843649     -0.0003388
    -463.5478528405390080      0.0071373
    -462.9458585878747954      0.0044351
    -462.3438619137918977      0.0107452
    -461.7418628183901319      0.0125894
    -461.1398613014697503      0.0044050
    -460.5378573631306267     -0.0036601
    -459.9358510033061407     -0.0016886
    -459.3338422219964059      0.0039110
    -458.7318310192346189      0.0022874
    -458.1298173949542161      0.0007188
    -457.5278013491885076      0.0119535
    -456.9257828818709299      0.0065645
    -456.3237619929682296      0.0121244
    -455.7217386825136032      0.0162334
    -455.1197129505070507      0.0151015
    -454.5176847968821789     -0.0010181
    -453.9156542216720140      0.0058090
    -453.3136212248767833      0.0025705
    -452.7115858063964993     -0.0007361
    -452.1095479662644721     -0.0003569
    -451.5075077044474483     -0.0047435
    -450.9054650209786246      0.0053355
    -450.3034199158249180      0.0038056
    -449.7013723889527910     -0.0060104
    -449.0993224403957811     -0.0210509
    -448.4972700700537871     -0.0022912
    -447.8952152779602898     -0.0044634
    -447.2931580640818652     -0.0074008
    -446.6910984284519373      0.0077810
    -446.0890363710037718      0.0082158
    -445.4869718917707928      0.0164968
    -444.8849049907529434      0.0007152
    -444.2828356678170962      0.0017152
    -443.6807639230631253      0.0050852
    -443.0786897564244100     -0.0024172
    -442.4766131679009504      0.0061575
    -441.8745341574928034      0.0046400
    -441.2724527251999120     -0.0019227
    -440.6703688709224593      0.0084068
    -440.0682825947270658     -0.0010578
    -439.4661938965470540     -0.0031563
    -438.8641027764158480     -0.0017301
    -438.2620092342999669     -0.0027567
    -437.6599132701662711      0.0029145
    -437.0578148840813242      0.0116299
    -436.4557140759118852      0.0156371
    -435.8536108457246314     -0.0113466
    -435.2515051934196890     -0.0060446
    -434.6493971190968750      0.0055178
    -434.0472866226563724     -0.0013982
    -433.4451737040982380      0.0023032
    -432.8430583634888649      0.0047558
    -432.2409406007285497      0.0027287
    -431.6388204157839823      0.0046867
    -431.0366978086884160      0.0055939
    -430.4345727794085406     -0.0107362
    -429.8324453279444128     -0.0087173
    -429.2303154542627794      0.0097619
    -428.6281831584300903      0.0096313
    -428.0260484402800785     -0.0014421
    -427.4239112999125041     -0.0106272
    -426.8217717372607467     -0.0056243
    -426.2196297523581734     -0.0031711
    -425.6174853451382205     -0.0059892
    -425.0153385156341415     -0.0072434
    -424.4131892638126828     -0.0176760
    -423.8110375896404776     -0.0042187
    -423.2088834931176393      0.0056864
    -422.6067269742108010     -0.0046872
    -422.0045680329200195      0.0058252
    -421.4024066692452379     -0.0023866
    -420.8002428831865132     -0.0069636
    -420.1980766747104781      0.0010317
    -419.5959080437506827      0.0084338
    -418.9937369903403237      0.0008715
    -418.3915635144794578      0.0051045
    -417.7893876161347748      0.0049774
    -417.1872092952729645      0.0029088
    -416.5850285518940268     -0.0027717
    -415.9828453860645254     -0.0018560
    -415.3806597976181934      0.0032404
    -414.7784717866213100      0.0020736
    -414.1762813530408494     -0.0081175
    -413.5740884969100080     -0.0040730
    -412.9718932181621653     -0.0005396
    -412.3696955168306317      0.0016576
    -411.7674953928489572     -0.0094174
    -411.1652928462169712      0.0064675
    -410.5630878769014771     -0.0016474
    -409.9608804849357853     -0.0054890
    -409.3586706702864717     -0.0042664
    -408.7564584329203967     -0.0030579
    -408.1542437728708705     -0.0039632
    -407.5520266900711590     -0.0091441
    -406.9498071845213758      0.0011199
    -406.3475852561882107     -0.0061274
    -405.7453609051050307     -0.0105061
    -405.1431341312051018      0.0016297
    -404.5409049345218477      0.0148604
    -403.9386733150552118      0.0218779
    -403.3364392727053769      0.0040255
    -402.7342028075055396     -0.0072721
    -402.1319639194557567     -0.0064023
    -401.5297226085227749     -0.0005313
    -400.9274788747065941     -0.0122933
    -400.3252327179739041     -0.0093375
    -399.7229841383579583     -0.0073708
    -399.1207331357589396      0.0044543
    -398.5184797102101584      0.0055576
    -397.9162238617115577     -0.0017906
    -397.3139655902298841      0.0031383
    -396.7117048957318843      0.0048243
    -396.1094417782174446     -0.0081257
    -395.5071762377532991     -0.0130158
    -394.9049082742061501     -0.0091986
    -394.3026378875761111     -0.0050812
    -393.7003650778964357      0.0001166
    -393.0980898451338135      0.0124560
    -392.4958121892883014     -0.0018611
    -391.8935321102932789      0.0034889
    -391.2912496082486200      0.0023968
    -390.6889646830211973      0.0012757
    -390.0866773346109539     -0.0067448
    -389.4843875630512002      0.0049049
    -388.8820953682754293     -0.0035073
    -388.2798007503501481     -0.0041848
    -387.6775037091754825      0.0086321
    -387.0752042448181101     -0.0000675
    -386.4729023571780999      0.0073459
    -385.8705980462887055      0.0082680
    -385.2682913121167303     -0.0059108
    -384.6659821546620606     -0.0005705
    -384.0636705738915566     -0.0072944
    -383.4613565698716684     -0.0003238
    -382.8590401424360152     -0.0085590
    -382.2567212916844142      0.0024660
    -381.6544000175836686     -0.0007304
    -381.0520763200671013     -0.0003016
    -380.4497501992013895     -0.0041672
    -379.8474216549199127     -0.0060326
    -379.2450906872559813     -0.0103163
    -378.6427572961096075     -0.0158014
    -378.0404214815142723      0.0005995
    -377.4380832434699187      0.0075282
    -376.8357425819431796     -0.0043071
    -376.2333994969341688     -0.0078268
    -375.6310539884094624     -0.0039505
    -375.0287060564024841      0.0016789
    -374.4263557008133034      0.0015279
    -373.8240029216752305      0.0010858
    -373.2216477189549551      0.0084180
    -372.6192900926857874      0.0109380
    -372.0169300428011070      0.0055233
    -371.4145675693343378      0.0031520
    -370.8122026722520559     -0.0009772
    -370.2098353515210079      0.0069582
    -369.6074656071079971     -0.0064642
    -369.0050934390461634     -0.0096274
    -368.4027188473023671     -0.0113166
    -367.8003418318431841     -0.0054694
    -367.1979623926687850     -0.0011572
    -366.5955805298455061     -0.0074385
    -365.9931962432071373      0.0058283
    -365.3908095328201284     -0.0006281
    -364.7884203986845932      0.0004701
    -364.1860288407337976     -0.0079121
    -363.5836348590011653     -0.0086075
    -362.9812384534201328      0.0023188
    -362.3788396240904035     -0.0043177
    -361.7764383708789637     -0.0066625
    -361.1740346937858135     -0.0060185
    -360.5716285928442630     -0.0031158
    -359.9692200679875782      0.0009327
    -359.3668091192492398      0.0051979
    -358.7643957465958806      0.0019002
    -358.1619799500606973     -0.0073648
    -357.5595617295107331     -0.0052789
    -356.9571410850124948      0.0073917
    -356.3547180165326154     -0.0051804
    -355.7522925240710947     -0.0031270
    -355.1498646075947931     -0.0178302
    -354.5474342671702175     -0.0083913
    -353.9450015026308165     -0.0054050
    -353.3425663140765778     -0.0147517
    -352.7401287014409945     -0.0073197
    -352.1376886647238962     -0.0003718
    -351.5352462039253396     -0.0000915
    -350.9328013190121283      0.0058743
    -350.3303540100507121      0.0081680
    -349.7279042768747104     -0.0029257
    -349.1254521195508005     -0.0091754
    -348.5229975380787550      0.0006148
    -347.9205405324254912     -0.0131039
    -347.3180811025576418      0.0017709
    -346.7156192484753205      0.0052440
    -346.1131549702448638     -0.0017421
    -345.5106882677333147     -0.0012891
    -344.9082191409406164      0.0011761
    -344.3057475899000792      0.0094169
    -343.7032736145783929     -0.0085922
    -343.1007972149423040      0.0007826
    -342.4983183909917557     -0.0050744
    -341.8958371427934253     -0.0041344
    -341.2933534701807048     -0.0069018
    -340.6908673732203852      0.0068345
    -340.0883788518790425     -0.0067065
    -339.4858879061566768     -0.0031751
    -338.8833945360533448     -0.0008658
    -338.2808987415357365     -0.0011510
    -337.6784005226039085     -0.0019963
    -337.0758998792244370     -0.0060888
    -336.4733968113641822     -0.0001930
    -335.8708913190230305     -0.0011148
    -335.2683834022010956      0.0002676
    -334.6658730608650103      0.0068615
    -334.0633602950480849     -0.0072803
    -333.4608451047170661     -0.0040524
    -332.8583274898053332      0.0002387
    -332.2558074503462535     -0.0042032
    -331.6532849862730927     -0.0067560
    -331.0507600976525850     -0.0108524
    -330.4482327843847997     -0.0028300
    -329.8457030466029209     -0.0042265
    -329.2431708841072009      0.0008596
    -328.6406362969308930      0.0038926
    -328.0380992851406177      0.0113534
    -327.4355598486698682      0.0120673
    -326.8330179874852206     -0.0031698
    -326.2304737015868454     -0.0020742
    -325.6279269910411358      0.0008831
    -325.0253778557149644     -0.0024946
    -324.4228262956085587     -0.0057186
    -323.8202723107549446      0.0083704
    -323.2177159011209255     -0.0043910
    -322.6151570666732482     -0.0078667
    -322.0125958074452228      0.0055495
    -321.4100321234367357      0.0188083
    -320.8074660145147732     -0.0030340
    -320.2048974807791524     -0.0055713
    -319.6023265221632528      0.0056440
    -318.9997531386338210     -0.0014329
    -318.3971773302241104      0.0041472
    -317.7945990969341779     -0.0085001
    -317.1920184387307700     -0.0090702
    -316.5894353555472094     -0.0064544
    -315.9868498474168632      0.0089621
    -315.3842619143064212      0.0005525
    -314.7816715562158834     -0.0003790
    -314.1790787731119963      0.0047645
    -313.5764835650279565      0.0124688
    -312.9738859319305675      0.0108652
    -312.3712858737532656      0.0018692
    -311.7686833905292474      0.0102574
    -311.1660784822253163     -0.0039214
    -310.5634711488081621     -0.0112077
    -309.9608613903109813     -0.0075687
    -309.3582492067006342     -0.0049256
    -308.7556345980103174     -0.0053855
    -308.1530175641069604      0.0010080
    -307.5503981050570701      0.0045340
    -306.9477762208273361      0.0032745
    -306.3451519114178723     -0.0025156
    -305.7425251767953114     -0.0061471
    -305.1398960169597103      0.0003489
    -304.5372644319442088      0.0035574
    -303.9346304216158501      0.0079150
    -303.3319939860410841      0.0073117
    -302.7293551251867143     -0.0020711
    -302.1267138390194305      0.0020220
    -301.5240701275724291      0.0020888
    -300.9214239908125705     -0.0021477
    -300.3187754287064308      0.0009076
    -299.7161244412208134     -0.0069352
    -299.1134710283890286      0.0005475
    -298.5108151901776523     -0.0015392
    -297.9081569265867984     -0.0010678
    -297.3054962375499031      0.0001268
    -296.7028331231668403     -0.0012344
    -296.1001675832711157     -0.0007666
    -295.4974996179292930     -0.0026340
    -294.8948292271413720      0.0039595
    -294.2921564108409029      0.0102103
    -293.6894811690610254      0.0077186
    -293.0868035017685429      0.0070910
    -292.4841234089967088      0.0123596
    -291.8814408906456492     -0.0043435
    -291.2787559467154210     -0.0028315
    -290.6760685772392776     -0.0055975
    -290.0733787821505985      0.0026550
    -289.4706865614828075      0.0030436
    -288.8679919152024809     -0.0042314
    -288.2652948433096753      0.0057592
    -287.6625953457710807     -0.0032249
    -287.0598934225534435     -0.0029843
    -286.4571890736567639     -0.0067233
    -285.8544822990809848     -0.0021489
    -285.2517730987929667      0.0017743
    -284.6490614727925390      0.0008142
    -284.0463474211131256      0.0132868
    -283.4436309436214287      0.0144500
    -282.8409120403841825      0.0020793
    -282.2381907113680199     -0.0053934
    -281.6354669565729409      0.0062501
    -281.0327407759656921      0.0106430
    -280.4300121695462735      0.0069066
    -279.8272811373479385      0.0121168
    -279.2245476792375030      0.0047716
    -278.6218117952483908     -0.0012005
    -278.0190734854137986      0.0048647
    -277.4163327496671627      0.0135696
    -276.8135895880084831      0.0018842
    -276.2108440004377599     -0.0060558
    -275.6080959869883031     -0.0052368
    -275.0053455475268720      0.0089144
    -274.4025926820870041      0.0094261
    -273.7998373906684151     -0.0023145
    -273.1970796732712188      0.0105945
    -272.5943195298621617      0.0053063
    -271.9915569604744974     -0.0077998
    -271.3887919650083518      0.0082918
    -270.7860245434638387      0.0126832
    -270.1832546958740409     -0.0047568
    -269.5804824222058755     -0.0000773
    -268.9777077224259187      0.0096152
    -268.3749305965342273      0.0010839
    -267.7721510445641115     -0.0083368
    -267.1693690664156406      0.0058427
    -266.5665846620888715      0.0089433
    -265.9637978315838609      0.0066730
    -265.3610085749338054      0.0109077
    -264.7582168920388312     -0.0039241
    -264.1554227829655588     -0.0057464
    -263.5526262477139881      0.0098797
    -262.9498272861509918      0.0032384
    -262.3470258983098233      0.0032136
    -261.7442220842237930     -0.0005949
    -261.1414158438595905      0.0043087
    -260.5386071771507090      0.0030290
    -259.9357960841635986     -0.0019913
    -259.3329825648650626      0.0024841
    -258.7301666191885374      0.0080617
    -258.1273482471673333      0.0069660
    -257.5245274487347729      0.0073250
    -256.9217042239242232      0.0041823
    -256.3188785727356844      0.0033054
    -255.7160504951025359      0.0033696
    -255.1132199910581164      0.0094706
    -254.5103870605691156      0.0000114
    -253.9075517035689415     -0.0071583
    -253.3047139201242430     -0.0100929
    -252.7018737101683712     -0.0063700
    -252.0990310737013829     -0.0058511
    -251.4961860107232212      0.0033872
    -250.8933385212672249      0.0079242
    -250.2904886051669280      0.0027264
    -249.6876362625555146     -0.0007557
    -249.0847814933330824      0.0011396
    -248.4819242974996882      0.0005468
    -247.8790646750885287      0.0107920
    -247.2762026260331254     -0.0044281
    -246.6733381504000420      0.0105666
    -246.0704712480560659      0.0148421
    -245.4676019190345642      0.0025079
    -244.8647301633354800      0.0039635
    -244.2618559809588135      0.0087064
    -243.6589793718380292      0.0130594
    -243.0561003360397194      0.0035540
    -242.4532188734639817      0.0031352
    -241.8503349841440979      0.0018174
    -241.2474486680468146     -0.0067900
    -240.6445599251388217      0.0082835
    -240.0416687554534576      0.0014415
    -239.4387751589240736      0.0033664
    -238.8358791356505719     -0.0048111
    -238.2329806854665151      0.0024937
    -237.6300798084384951      0.0026236
    -237.0271765044999199      0.0044539
    -236.4242707737173816      0.0077318
    -235.8213626159910064     -0.0024616
    -235.2184520313540759     -0.0094841
    -234.6155390198398720      0.0057169
    -234.0126235813485778     -0.0126966
    -233.4097057158801363     -0.0104908
    -232.8067854234346044     -0.0023926
    -232.2038627039786718      0.0019650
    -231.6009375575456488     -0.0079821
    -230.9980099840688865     -0.0062696
    -230.3950799836483441      0.0080494
    -229.7921475560842737      0.0064076
    -229.1892127014764640      0.0061204
    -228.5862754197584650     -0.0020353
    -227.9833357109967551      0.0029162
    -227.3803935750915173      0.0094768
    -226.7774490120760333      0.0120598
    -226.1745020219503317      0.0101210
    -225.5715526046477635      0.0020513
    -224.9686007601683855      0.0004353
    -224.3656464885122261     -0.0009292
    -223.7626897896459468     -0.0007279
    -223.1597306636028577     -0.0061836
    -222.5567691103163952      0.0064260
    -221.9538051298198127     -0.0143566
    -221.3508387220465465     -0.0082715
    -220.7478698869633718     -0.0018633
    -220.1448986246367951      0.0013462
    -219.5419249350002531     -0.0003341
    -218.9389488180204921      0.0031815
    -218.3359702737973294     -0.0067012
    -217.7329893021644125      0.0041177
    -217.1300059031882199     -0.0009679
    -216.5270200768355267     -0.0064492
    -215.9240318230730225     -0.0036549
    -215.3210411419340176      0.0022753
    -214.7180480333852017      0.0103095
    -214.1150524974265750      0.0001489
    -213.5120545339915736      0.0054206
    -212.9090541430802261     -0.0083280
    -212.3060513247257859     -0.0038604
    -211.7030460788616892     -0.0050506
    -211.1000384054879646     -0.0038599
    -210.4970283046045552      0.0107457
    -209.8940157762114893     -0.0063849
    -209.2910008202422318     -0.0031411
    -208.6879834367300077     -0.0064901
    -208.0849636256083102     -0.0055838
    -207.4819413869103641     -0.0001354
    -206.8789167206029163      0.0069711
    -206.2758896266859949      0.0067207
    -205.6728601051595433     -0.0093152
    -205.0698281559237444      0.0005290
    -204.4667937790451617      0.0118532
    -203.8637569744905420      0.0054290
    -203.2607177422265181      0.0009954
    -202.6576760822531753     -0.0007297
    -202.0546319945704283      0.0027781
    -201.4515854791783909      0.0047150
    -200.8485365360103856     -0.0017993
    -200.2454851650664693      0.0070142
    -199.6424313663133319     -0.0007962
    -199.0393751397843118      0.0006634
    -198.4363164854460706     -0.0026369
    -197.8332554032653263     -0.0097272
    -197.2301918933086995     -0.0083217
    -196.6271259554429491     -0.0055341
    -196.0240575897014992     -0.0039150
    -195.4209867960509541     -0.0037419
    -194.8179135745246242      0.0061478
    -194.2148379250892560      0.0129841
    -193.6117598477115394      0.0138568
    -193.0086793424580662     -0.0088444
    -192.4055964091956810     -0.0175909
    -191.8025110479243835     -0.0060537
    -191.1994232587107376      0.0016714
    -190.5963330414549262     -0.0209960
    -189.9932403961902025     -0.0017499
    -189.3901453229498202     -0.0054904
    -188.7870478216340189     -0.0073968
    -188.1839478922426849     -0.0090052
    -187.5808455347759036      0.0011472
    -186.9777407492003647      0.0026421
    -186.3746335355160682      0.0005978
    -185.7715238937562958     -0.0126727
    -185.1684118238544841     -0.0103716
    -184.5652973258106613     -0.0097015
    -183.9621803995581786     -0.0070859
    -183.3590610451304030     -0.0069812
    -182.7559392625272778      0.0053960
    -182.1528150517155495      0.0034093
    -181.5496884126619648     -0.0045114
    -180.9465593454330019     -0.0084182
    -180.3434278499288723     -0.0134362
    -179.7402939261163226     -0.0030789
    -179.1371575740618312     -0.0085632
    -178.5340187936656378     -0.0061484
    -177.9308775849942492     -0.0051134
    -177.3277339479811019     -0.0060289
    -176.7245878826927878     -0.0007172
    -176.1214393889628980      0.0036426
    -175.5182884668912493     -0.0000455
    -174.9151351164445884     -0.0029956
    -174.3119793375895767     -0.0166911
    -173.7088211303262710     -0.0117271
    -173.1056604946214179      0.0049065
    -172.5024974305414673     -0.0125405
    -171.8993319379200955     -0.0016894
    -171.2961640168571478      0.0060994
    -170.6929936672860322      0.0016755
    -170.0898208892400305     -0.0072576
    -169.4866456826526075     -0.0068947
    -168.8834680475569883     -0.0122692
    -168.2802879839532295     -0.0033923
    -167.6771054917414574      0.0020664
    -167.0739205709549537     -0.0039732
    -166.4707332215936901      0.0115724
    -165.8675434436244132      0.0000548
    -165.2643512370138694     -0.0129418
    -164.6611566017953123      0.0010636
    -164.0579595379687703      0.0032776
    -163.4547600454010308      0.0095292
    -162.8515581241920245      0.0088971
    -162.2483537742751309      0.0030329
    -161.6451469956504070     -0.0120109
    -161.0419377883177958     -0.0097659
    -160.4387261523105792     -0.0037156
    -159.8355120874624049     -0.0021118
    -159.2322955938730615     -0.0208185
    -158.6290766715092957     -0.0166356
    -158.0258553203378256     -0.0036430
    -157.4226315403586227     -0.0074779
    -156.8194053315717440     -0.0139974
    -156.2161766939770757     -0.0136007
    -155.6129456275081964     -0.0156200
    -155.0097121321317104     -0.0004949
    -154.4064762078809849     -0.0002884
    -153.8032378547559063     -0.0206802
    -153.1999970726900528     -0.0117841
    -152.5967538617165928     -0.0007085
    -151.9935082218355547     -0.0175115
    -151.3902601529804315      0.0058124
    -150.7870096551178847     -0.0070975
    -150.1837567282811676      0.0021901
    -149.5805013724703372     -0.0117036
    -148.9772435876188013      0.0087577
    -148.3739833737265599      0.0073209
    -147.7707207308602051     -0.0050959
    -147.1674556588865812     -0.0009978
    -146.5641881578389416      0.0059107
    -145.9609182276840613      0.0121853
    -145.3576458684551937     -0.0053236
    -144.7543710800857752     -0.0023232
    -144.1510938625758342      0.0036312
    -143.5478142159918491      0.0135402
    -142.9445321402007778      0.0159698
    -142.3412476352025919      0.0146604
    -141.7379607010638551      0.0078934
    -141.1346713376846935      0.0054314
    -140.5313795450651639      0.0034602
    -139.9280853232385198      0.0182395
    -139.3247886722047042      0.0009924
    -138.7214895918639570      0.0084205
    -138.1181880822495032      0.0136378
    -137.5148841433281177      0.0193006
    -136.9115777750997438      0.0118896
    -136.3082689775643814     -0.0060895
    -135.7049577506888056     -0.0023911
    -135.1016440945062129     -0.0018021
    -134.4983280088835329      0.0062293
    -133.8950094939206394      0.0038136
    -133.2916885495176018     -0.0057801
    -132.6883651757410121      0.0091487
    -132.0850393725243634      0.0168257
    -131.4817111399008809      0.0090041
    -130.8783804778039723      0.0039527
    -130.2750473862004412      0.0232365
    -129.6717118651567660      0.0048120
    -129.0683739145731579     -0.0036319
    -128.4650335344828989     -0.0051610
    -127.8616907248859320      0.0118174
    -127.2583454857823142      0.0153455
    -126.6549978170721715      0.0054766
    -126.0516477187887858     -0.0010572
    -125.4482951909321571      0.0119229
    -124.8449402334690035      0.0079150
    -124.2415828463660574      0.0108889
    -123.6382230296566007      0.0121870
    -123.0348607833406049      0.0031427
    -122.4314961073182246      0.0139718
    -121.8281290016227700      0.0144282
    -121.2247594662209309      0.0038417
    -120.6213875011460175     -0.0034691
    -120.0180131063314377      0.0205908
    -119.4146362817772058      0.0105065
    -118.8112570275165893      0.0069850
    -118.2078753434830389      0.0126716
    -117.6044912296432727      0.0237881
    -117.0011046859972765      0.0130090
    -116.3977157125783464      0.0218086
    -115.7943243093199044      0.0010119
    -115.1909304762219364     -0.0079217
    -114.5875342133177668     -0.0045261
    -113.9841355205075075      0.0102386
    -113.3807343978244546      0.0169478
    -112.7773308452353547      0.0250799
    -112.1739248627401508      0.0002207
    -111.5705164503388858     -0.0012870
    -110.9671056079649674      0.0238170
    -110.3636923357182695      0.0071774
    -109.7602766334323547      0.0058752
    -109.1568585011405190      0.0010673
    -108.5534379388760442     -0.0013225
    -107.9500149466056342     -0.0063303
    -107.3465895242960073      0.0212070
    -106.7431616719804737      0.0201566
    -106.1397313896257231      0.0089327
    -105.5362986771319100      0.0017368
    -104.9328635345655982      0.0092507
    -104.3294259619268018     -0.0015512
    -103.7259859591489430      0.0004934
    -103.1225435262320218      0.0100919
    -102.5190986632426018      0.0015915
    -101.9156513700142881     -0.0067633
    -101.3122016466468978      0.0037488
    -100.7087494930738814      0.0014006
    -100.1052949092952389      0.0037878
     -99.5018378952776885     -0.0048125
     -98.8983784510544979     -0.0039577
     -98.2949165766256954     -0.0051539
     -97.6914522718913929     -0.0077408
     -97.0879855368849149      0.0102712
     -96.4845163715729512      0.0021546
     -95.8810447759555160      0.0045102
     -95.2775707500325808      0.0077285
     -94.6740942937709065      0.0137683
     -94.0706154072037464      0.0078784
     -93.4671340901979733      0.0118418
     -92.8636503428534326      0.0207662
     -92.2601641651035607      0.0259064
     -91.6566755569150899      0.0087114
     -91.0531845183212738     -0.0044976
     -90.4496910492888446     -0.0004046
     -89.8461951498843661     -0.0053319
     -89.2426968199081472     -0.0096526
     -88.6391960594933153      0.0014940
     -88.0356928685733067     -0.0045837
     -87.4321872471148254      0.0053820
     -86.8286791951511674     -0.0017914
     -86.2251687126490367     -0.0046550
     -85.6216557996084617      0.0000252
     -85.0181404559961180      0.0092672
     -84.4146226817787522      0.0067852
     -83.8111024769563500      0.0154688
     -83.2075798414956438      0.0093154
     -82.6040547754298871      0.0172284
     -82.0005272787258264      0.0161119
     -81.3969973514167293      0.0147046
     -80.7934649933694686      0.0152994
     -80.1899302046506222      0.0069664
     -79.5863929852268797      0.0129465
     -78.9828533350649735      0.0233669
     -78.3793112541981856      0.0040295
     -77.7757667426265158      0.0110479
     -77.1722198002168085      0.0093069
     -76.5686704270689660      0.0212379
     -75.9651186231163678      0.0113511
     -75.3615643883257604      0.0135105
     -74.7580077227637076      0.0281522
     -74.1544486263303355      0.0319471
     -73.5508870991255321      0.0082542
     -72.9473231409828600      0.0210431
     -72.3437567520021645      0.0320976
     -71.7401879320836002      0.0249375
     -71.1366166812604632      0.0304257
     -70.5330429995327250      0.0482901
     -69.9294668868671323      0.0502301
     -69.3258883432969384      0.0403855
     -68.7223073686890444      0.0326329
     -68.1187239631432817      0.0501628
     -67.5151381265597763      0.0496880
     -66.9115498589718527      0.0468409
     -66.3079591603794967      0.0629205
     -65.7043660307161304      0.0605586
     -65.1007704700816134      0.0638776
     -64.4971724783095226      0.0784367
     -63.8935720554664357      0.0892338
     -63.2899692014857820      0.1027050
     -62.6863639164341180      0.1162089
     -62.0827562002448801      0.1109232
     -61.4791460528847935      0.1248498
     -60.8755334744537038      0.1289545
     -60.2719184647851947      0.1330637
     -59.6683010239125480      0.1205529
     -59.0646811518357637      0.1445880
     -58.4610588485881237      0.1232240
     -57.8574341140697825      0.1426219
     -57.2538069483140220      0.1517458
     -56.6501773513541167      0.1706450
     -56.0465453230569395      0.1746402
     -55.4429108634557792      0.1793069
     -54.8392739725839107      0.1642771
     -54.2356346503747773      0.1817507
     -53.6319928968283648      0.1825218
     -53.0283487119446804      0.1892498
     -52.4247020957570129      0.1860674
     -51.8210530481322138      0.2071812
     -51.2174015691035791      0.2190730
     -50.6137476586711159      0.2170028
     -50.0100913168015211      0.2242201
     -49.4064325435280765      0.2382591
     -48.8027713388175215      0.2520464
     -48.1991077026032713      0.2262352
     -47.5954416349186218      0.2348290
     -46.9917731357302770      0.2572126
     -46.3881022050382370      0.2591496
     -45.7844288428092270      0.2556107
     -45.1807530490765288      0.2726001
     -44.5770748238068535      0.2804572
     -43.9733941669003556      0.2897778
     -43.3697110784568878      0.3095515
     -42.7660255583765903      0.3209684
     -42.1623376066927520      0.3346796
     -41.5586472233720841      0.3341040
     -40.9549544084145936      0.3291256
     -40.3512591618868512      0.3326194
     -39.7475614835891449      0.3537394
     -39.1438613736213341      0.3673256
     -38.5401588319501300      0.3725580
     -37.9364538585755398      0.3751295
     -37.3327464534642601      0.3713643
     -36.7290366165830306      0.3664868
     -36.1253243479984008      0.3774877
     -35.5216096476105321      0.3714703
     -34.9178925154194246      0.3743221
     -34.3141729514250713      0.3813452
     -33.7104509556274721      0.3913279
     -33.1067265279933522      0.3839337
     -32.5029996684894158      0.3734390
     -31.8992703771822335      0.3794144
     -31.2955386539386780      0.3833630
     -30.6918044988253129      0.3874349
     -30.0880679117755712      0.3816851
     -29.4843288928227345      0.4071978
     -28.8805874419335211      0.3850203
     -28.2768435591079239      0.3956819
     -27.6730972443459535      0.4147902
     -27.0693484975477539      0.4162050
     -26.4655973187798956      0.4068716
     -25.8618437079758081      0.4199418
     -25.2580876651354878      0.4350632
     -24.6543291902922235      0.4429529
     -24.0505682833794516      0.4348842
     -23.4468049444304505      0.4585652
     -22.8430391733786493      0.4951915
     -22.2392709702240552      0.5237713
     -21.6355003349333792      0.5382256
     -21.0317272675399067      0.5636556
     -20.4279517679770741      0.6173111
     -19.8241738363447269      0.6543568
     -19.2203934724431633      0.7116960
     -18.6166106764055250      0.7724442
     -18.0128254481319523      0.8712668
     -17.4090377876557376      0.9560693
     -16.8052476949435885      1.0752375
     -16.2014551699955085      1.2081109
     -15.5976602128115012      1.3592153
     -14.9938628233249922      1.5205743
     -14.3900630015359887      1.7273088
     -13.7862607474777690      1.9490536
     -13.1824560610837693      2.2101307
     -12.5786489423207044      2.5091362
     -11.9748393912551396      2.8611436
     -11.3710274078537950      3.2457044
     -10.7672129920168178      3.7440381
     -10.1633961438107736      4.2902908
      -9.5595768632023823      4.9567714
      -8.9557551501583603      5.7926311
      -8.3519310046787023      6.7870731
      -7.7481044267301309      7.9204679
      -7.1442754163792106      9.1339855
      -6.5404439735260906     10.4674568
      -5.9366100981374856     12.1170988
      -5.3327737902799655     14.3307362
      -4.7289350498536784     16.8653660
      -4.1250938769251917     19.4437332
      -3.5212502714279381     21.8822823
      -2.9174042333952008     24.0416985
      -2.3135557627604126     25.2555866
      -1.7097048594902904     24.8034344
      -1.1058515236514010     22.3811607
      -0.5019957551438939     18.6160030
       0.1018624459656639     14.9590549
       0.7057230797771235     12.2484970
       1.3095861461573499     10.4721041
       1.9134516453060453      9.3159494
       2.5173195771566426      8.5443249
       3.1211899417091411      7.8565221
       3.7250627390301090      7.1866760
       4.3289379690529781      6.4207950
       4.9328156318443162      5.6449752
       5.5366957274041235      4.9262400
       6.1405782557323993      4.3389902
       6.7444632168957108      3.9014502
       7.3483506108940588      3.6706622
       7.9522404377274443      3.5370038
       8.5561326973292982      3.3961279
       9.1600273898327540      3.1995633
       9.7639245152378145      2.9604216
      10.3678240735444778      2.6386247
      10.9717260647527457      2.2063859
      11.5756304888626165      1.7513107
      12.1795373459406591      1.3442899
      12.7834466359203027      1.0467074
      13.3873583588681200      0.8378276
      13.9912725147841073      0.6588513
      14.5951891037348318      0.5298359
      15.1991081257202953      0.4265128
      15.8030295806739289      0.3646400
      16.4069534687288687      0.3256133
      17.0108797898185493      0.2766999
      17.6148085438763964      0.2417420
      18.2187397311021151      0.2153210
      18.8226733514291418      0.1821729
      19.4266094048574729      0.1786018
      20.0305478914536756      0.1433631
      20.6344888111511864      0.1360038
      21.2384321640165687      0.1285947
      21.8423779499832555      0.1028418
      22.4463261692509555      0.1051997
      23.0502768216199563      0.0992320
      23.6542299072899631      0.0805768
      24.2581854261278416      0.0475055
      24.8621433782667296      0.0780803
      25.4661037636400565      0.0638733
      26.0700665822478257      0.0417633
      26.6740318341566010      0.0534758
      27.2779995194329494      0.0584591
      27.8819696379437403      0.0510484
      28.4859421898221044      0.0438963
      29.0899171750680452      0.0469395
      29.6938945936815593      0.0492274
      30.2978744455960793      0.0248706
      30.9018567310113106      0.0219438
      31.5058414497941115      0.0125688
      32.1098286019444927      0.0328624
      32.7138181875955780      0.0355586
      33.3178102066808108      0.0252943
      33.9218046592001841      0.0192129
      34.5258015452202685      0.0029964
      35.1298008647410569      0.0108495
      35.7338026177625565      0.0245272
      36.3378068043513309      0.0149762
      36.9418134244408165      0.0194187
      37.5458224780975769      0.0195604
      38.1498339652550484      0.0183331
      38.7538478860463655      0.0262914
      39.3578642404715211      0.0062376
      39.9618830284639586      0.0268318
      40.5659042500902345      0.0350280
      41.1699279053503631      0.0232024
      41.7739539943109008      0.0203583
      42.3779825169052700      0.0301803
      42.9820134732000554      0.0277416
      43.5860468631952642      0.0157186
      44.1900826868908680      0.0240795
      44.7941209443534589      0.0301350
      45.3981616355164590      0.0330036
      46.0022047604464390      0.0236718
      46.6062503191433919      0.0211717
      47.2102983116073318      0.0165899
      47.8143487379713790      0.0157056
      48.4184015981024061      0.0136571
      49.0224568920669768      0.0015577
      49.6265146198650982      0.0103129
      50.2305747815633268      0.0001282
      50.8346373770285354      0.0194257
      51.4387024064604290      0.0181510
      52.0427698698589936      0.0382976
      52.6468397670911159      0.0145394
      53.2509120982899091      0.0184845
      53.8549868634553874      0.0244909
      54.4590640625875437      0.0182624
      55.0631436956863851      0.0210109
      55.6672257627518974      0.0264923
      56.2713102638506584      0.0195279
      56.8753971989826752      0.0179935
      57.4794865681479337      0.0198606
      58.0835783714130116      0.0103577
      58.6876726087113241      0.0014695
      59.2917692800428995      0.0072214
      59.8958683854742873      0.0104318
      60.4999699250720511      0.0153449
      61.1040738988361980      0.0173527
      61.7081803067001644      0.0155739
      62.3122891486639432      0.0248520
      62.9164004247941051      0.0196777
      63.5205141352237845     -0.0031379
      64.1246302797532763      0.0234748
      64.7287488585822928      0.0130363
      65.3328698715776710      0.0082180
      65.9369933188725810      0.0255941
      66.5411192004004448      0.0139411
      67.1452475160946847      0.0163350
      67.7493782662215693      0.0385795
      68.3535114505814079      0.0174644
      68.9576470693073418      0.0031883
      69.5617851223327790      0.0119516
      70.1659256097243116     -0.0041605
      70.7700685314819111      0.0101677
      71.3742138876056060      0.0087260
      71.9783616780953821      0.0251769
      72.5825119030178172      0.0193400
      73.1866645623728971      0.0307215
      73.7908196561606360      0.0367175
      74.3949771844475833      0.0239701
      74.9991371471006119      0.0019317
      75.6032995442528630      0.0203370
      76.2074643759709005      0.0066085
      76.8116316421215970      0.0191703
      77.4158013428380798     -0.0009749
      78.0199734781203347      0.0029285
      78.6241480479018264      0.0136085
      79.2283250523156397      0.0223132
      79.8325044912287041      0.0082312
      80.4366863647741184      0.0041279
      81.0408706729518684      0.0098306
      81.6450574157619826      0.0188791
      82.2492465932044468      0.0279781
      82.8534382052792608      0.0152129
      83.4576322520530027      0.0167625
      84.0618287334590946      0.0423526
      84.6660276496306778      0.0023928
      85.2702290005011889      0.0105733
      85.8744327860706136      0.0283497
      86.4786390064720791      0.0061442
      87.0828476615724725      0.0153183
      87.6870587514383715      0.0079392
      88.2912722760697335      0.0183707
      88.8954882355331648      0.0031348
      89.4997066298286512      0.0008346
      90.1039274589561927      0.0022784
      90.7081507229823529      0.0171244
      91.3123764218405682      0.0261829
      91.9166045554642750      0.0061979
      92.5208351241197420      0.0171899
      93.1250681276072640      0.0169621
      93.7293035660599543      0.0027889
      94.3335414394112917     -0.0030574
      94.9377817477943751      0.0025348
      95.5420244910760772      0.0063079
      96.1462696693229759      0.0095442
      96.7505172826016349      0.0069190
      97.3547673308454762      0.0027669
      97.9590198141876414      0.0177342
      98.5632747324950031      0.0026729
      99.1675320859006888      0.0021936
      99.7717918744046841      0.0208658
     100.3760540978738902      0.0272726
     100.9803187565745475      0.0200793
     101.5845858503069650      0.0178713
     102.1888553792042700      0.0116051
     102.7931273432664625      0.0244411
     103.3974017424269789      0.0088302
     104.0016785768189607      0.0053149
     104.6059578463092663     -0.0006475
     105.2102395510975867      0.0027024
     105.8145236910508231      0.0140810
     106.4188102662354964      0.0154130
     107.0230992767181988      0.0155534
     107.6273907224323807     -0.0131691
     108.2316846033779996     -0.0015697
     108.8359809196216474      0.0150387
     109.4402796712299022      0.0152234
     110.0445808580696081      0.0093523
     110.6488844803404703      0.0075085
     111.2531905379093473      0.0129796
     111.8574990308428454     -0.0134768
     112.4618099592074856     -0.0059674
     113.0661233228701548      0.0137031
     113.6704391219639803      0.0107258
     114.2747573565555541      0.0139861
     114.8790780265117064      0.0047706
     115.4834011319655787      0.0018853
     116.0877266728506214      0.0178698
     116.6920546492333983      0.0151494
     117.2963850610473315      0.0131076
     117.9007179084255483      0.0084137
     118.5050531913680771     -0.0097953
     119.1093909098083259      0.0125951
     119.7137310638128724      0.0044262
     120.3180736534482804      0.0256255
     120.9224186785148447      0.0118361
     121.5267661392788625      0.0104732
     122.1311160356737133      0.0302865
     122.7354683676994398      0.0055175
     123.3398231353560277      0.0039904
     123.9441803386434771     -0.0219256
     124.5485399776283657      0.0129049
     125.1529020522441016      0.0081476
     125.7572665626238404     -0.0012850
     126.3616335087010043      0.0133350
     126.9660028905421854      0.0149532
     127.5703747080807773      0.0066504
     128.1747489614499216     -0.0040261
     128.7791256505165336      0.0055530
     129.3835047753471201      0.0160576
     129.9878863360748369      0.0208682
     130.5922703325665566      0.0070714
     131.1966567649554065      0.0005606
     131.8010456331082594      0.0107544
     132.4054369372248061      0.0013992
     133.0098306771719479      0.0008727
     133.6142268529495993     -0.0044442
     134.2186254646909731     -0.0048094
     134.8230265123295055      0.0078173
     135.4274299959982386     -0.0044554
     136.0318359154975951      0.0024649
     136.6362442710272092      0.0065150
     137.2406550625870807     -0.0078756
     137.8450682900440825      0.0145761
     138.4494839535313417      0.0124594
     139.0539020531154506      0.0245662
     139.6583225886632533     -0.0011941
     140.2627455603079056     -0.0123214
     140.8671709680493791      0.0079617
     141.4715988118211101     -0.0012445
     142.0760290916896906      0.0042584
     142.6804618076550923      0.0158235
     143.2848969597838789      0.0130297
     143.8893345480760786      0.0182178
     144.4937745725316915     -0.0061799
     145.0982170331507177     -0.0011405
     145.7026619299331287      0.0041266
     146.3071092629455165      0.0106066
     146.9115590321212892     -0.0042112
     147.5160112375936023     -0.0034526
     148.1204658792958924      0.0215093
     148.7249229572946945      0.0039641
     149.3293824715234734      0.0061281
     149.9338444219822293      0.0073520
     150.5383088088041177      0.0060499
     151.1427756319890534     -0.0036421
     151.7472448914705581      0.0120168
     152.3517165873151669      0.0220754
     152.9561907195228798      0.0103672
     153.5606672881602321      0.0002576
     154.1651462930941534      0.0013317
     154.7696277344577425      0.0053190
     155.3741116123175630      0.0050317
     155.9785979265404876      0.0072491
     156.5830866772596437     -0.0100543
     157.1875778644084676     -0.0004270
     157.7920714881200865      0.0018547
     158.3965675481948381     -0.0014939
     159.0010660448989483      0.0002968
     159.6055669780327264      0.0041028
     160.2100703477958632      0.0089728
     160.8145761541218519     -0.0031914
     161.4190843969440436     -0.0063456
     162.0235950763955941      0.0011124
     162.6281081924099681     -0.0027833
     163.2326237450537292     -0.0009990
     163.8371417343934127      0.0106407
     164.4416621602958628     -0.0101591
     165.0461850229608842      0.0096305
     165.6507103221886723     -0.0070568
     166.2552380581789748     -0.0090877
     166.8597682307986645      0.0038914
     167.4643008401808686      0.0144160
     168.0688358863255303     -0.0153188
     168.6733733691661712     -0.0128499
     169.2779132887692981     -0.0029133
     169.8824556452015315      0.0005098
     170.4870004383962510     -0.0091883
     171.0915476683534848     -0.0039638
     171.6960973352063320     -0.0066930
     172.3006494388882572      0.0148326
     172.9052039793992890     -0.0059538
     173.5097609567393988     -0.0086166
     174.1143203710416856     -0.0010742
     174.7188822221064868     -0.0068752
     175.3234465102000570     -0.0105543
     175.9280132351892689     -0.0266526
     176.5325823971407431      0.0000178
     177.1371539959877737     -0.0108105
     177.7417280318636301     -0.0042696
     178.3463045047016919      0.0052560
     178.9508834145019591     -0.0161350
     179.5554647613309953      0.0033877
     180.1600485452553926      0.0065672
     180.7646347661419952     -0.0048744
     181.3692234241239305      0.0009093
     181.9738145192011984      0.0032588
     182.5784080513072638     -0.0011043
     183.1830040205086618      0.0017823
     183.7876024268719846     -0.0062551
     184.3922032703306115      0.0012288
     184.9968065509511916     -0.0001013
     185.6014122688002317     -0.0010976
     186.2060204237446328     -0.0133024
     186.8106310159174939     -0.0009970
     187.4152440451856876     -0.0035594
     188.0198595118154969     -0.0072660
     188.6244774156072310     -0.0058015
     189.2290977566940171     -0.0018404
     189.8337205350092631      0.0059616
     190.4383457506195612     -0.0065797
     191.0429734035249112     -0.0031459
     191.6476034936587496     -0.0039085
     192.2522360212207104      0.0041879
     192.8568709860777517     -0.0029766
     193.4615083882964370      0.0007622
     194.0661482278766812      0.0047717
     194.6707905048185694      0.0076438
     195.2754352191886653     -0.0150623
     195.8800823709203200     -0.0209229
     196.4847319601467461      0.0082390
     197.0893839868013515     -0.0016689
     197.6940384508841362     -0.0006796
     198.2986953524616638     -0.0076842
     198.9033546914673707      0.0008586
     199.5080164680343842     -0.0194131
     200.1126806820296054     -0.0096530
     200.7173473336526683     -0.0043549
     201.3220164227705027     -0.0099684
     201.9266879495162357     -0.0077824
     202.5313619137566832      0.0047114
     203.1360383156250293      0.0083341
     203.7407171550546821     -0.0068971
     204.3453984321122050      0.0033880
     204.9500821467976550     -0.0025251
     205.5547682991774820      0.0190939
     206.1594568891852646      0.0017046
     206.7641479168874525      0.0158285
     207.3688413822841028     -0.0003273
     207.9735372853086517     -0.0059458
     208.5782356260941981      0.0183107
     209.1829364046407420     -0.0017409
     209.7876396209483119     -0.0072940
     210.3923452750169076     -0.0075045
     210.9970533668465293     -0.0109883
     211.6017638965037122      0.0025402
     212.2064768639219494     -0.0025603
     212.8111922691677194     -0.0064105
     213.4159101123076709     -0.0271794
     214.0206303932086485     -0.0101232
     214.6253531120703144     -0.0223888
     215.2300782687595699      0.0035118
     215.8348058634095707      0.0094230
     216.4395358958871327      0.0121761
     217.0442683663254115      0.0009620
     217.6490032747244072     -0.0145633
     218.2537406210175561     -0.0202632
     218.8584804053379855      0.0062808
     219.4632226276857239     -0.0009352
     220.0679672879941506     -0.0003856
     220.6727143862633227     -0.0010909
     221.2774639225597468     -0.0046010
     221.8822158969500720     -0.0131103
     222.4869703094341844      0.0030618
     223.0917271599456342      0.0022525
     223.6964864485509565     -0.0009653
     224.3012481753166298      0.0001974
     224.9060123401096405     -0.0055449
     225.5107789430630589      0.0064096
     226.1155479841768852     -0.0107625
     226.7203194634511192     -0.0035897
     227.3250933809523815     -0.0050304
     227.9298697365474595     -0.0020335
     228.5346485304361295     -0.0018522
     229.1394297624852072     -0.0194552
     229.7442134327612564      0.0005365
     230.3489995413308407      0.0045689
     230.9537880881940453     -0.0109401
     231.5585790732841645     -0.0015245
     232.1633724967344676     -0.0054879
     232.7681683584117138      0.0084421
     233.3729666584490872      0.0047725
     233.9777673968466161     -0.0129290
     234.5825705736042153      0.0031692
     235.1873761887219700      0.0048078
     235.7921842421998520     -0.0003549
     236.3969947341043962      0.0139525
     237.0018076643690961      0.0004904
     237.6066230330604583      0.0039221
     238.2114408402451033     -0.0044899
     238.8162610859229744     -0.0097627
     239.4210837700275647     -0.0235245
     240.0259088926253810     -0.0362890
     240.6307364537164801     -0.0089407
     241.2355664532342701      0.0054102
     241.8403988913784133     -0.0100058
     242.4452337680824030      0.0039589
     243.0500710833462392      0.0017323
     243.6549108371698651     -0.0227481
     244.2597530296199011      0.0101261
     244.8645976606297552     -0.0064881
     245.4694447301994273     -0.0114326
     246.0742942385286369     -0.0021775
     246.6791461854176646      0.0044360
     247.2840005709996376      0.0042408
     247.8888573952745844     -0.0144104
     248.4937166582424766     -0.0029484
     249.0985783599699346     -0.0237609
     249.7034425003237175     -0.0097711
     250.3083090794370662     -0.0043646
     250.9131780973099524      0.0023304
     251.5180495539423475      0.0126365
     252.1229234494008438      0.0036289
     252.7277997836188490      0.0118907
     253.3326785566629553      0.0137871
     253.9375597685331627      0.0170826
     254.5424434192294711      0.0225415
     255.1473295088184159      0.0193852
     255.7522180372334617      0.0126164
     256.3571090045412006      0.0101746
     256.9620024108081111     -0.0031433
     257.5668982559677147     -0.0062290
     258.1717965399533909      0.0051576
     258.7766972629648876      0.0020409
     259.3816004249355842      0.0024817
     259.9865060259321012     -0.0127699
     260.5914140658212546     -0.0105275
     261.1963245448027919     -0.0026770
     261.8012374626769656      0.0139958
     262.4061528197100870      0.0123806
     263.0110706157024083      0.0100473
     263.6159908508537342      0.0031535
     264.2209135250307668      0.0013551
     264.8258386383002403     -0.0007086
     265.4307661906620410     -0.0027469
     266.0356961821161690      0.0095042
     266.6406286127292447     -0.0007134
     267.2455634825013249     -0.0050237
     267.8505007914988028     -0.0032291
     268.4554405395886647      0.0109272
     269.0603827269706017      0.0038388
     269.6653273535114863      0.0056975
     270.2702744192112618     -0.0030715
     270.8752239242031123     -0.0097632
     271.4801758684870947     -0.0053090
     272.0851302519965316      0.0094290
     272.6900870747979866      0.0199044
     273.2950463368915166      0.0073068
     273.9000080383437421      0.0064850
     274.5049721790214221      0.0034316
     275.1099387591242476      0.0089348
     275.7149077785857685     -0.0027700
     276.3198792374059281      0.0141672
     276.9248531355846694     -0.0073195
     277.5298294731886699     -0.0045872
     278.1348082502178727     -0.0021159
     278.7397894666722209     -0.0120028
     279.3447731225517714     -0.0027102
     279.9497592179230878      0.0125388
     280.5547477527862270      0.0176073
     281.1597387270745116      0.0149597
     281.7647321409211827      0.0161434
     282.3697279942595628      0.0028385
     282.9747262871562725     -0.0003471
     283.5797270195448050      0.0190961
     284.1847301915581738      0.0022158
     284.7897358031299291      0.0000595
     285.3947438543265207     -0.0071933
     285.9997543451480624     -0.0201076
     286.6047672754613700     -0.0044217
     287.2097826455326981      0.0153195
     287.8148004552289763      0.0118902
     288.4198207046166544     -0.0003002
     289.0248433936292258     -0.0143483
     289.6298685223998746      0.0085798
     290.2348960908619802     -0.0075724
     290.8399260989489790      0.0056018
     291.4449585469271824      0.0129603
     292.0499934345967858      0.0003950
     292.6550307620245235     -0.0115858
     293.2600705292767884     -0.0011181
     293.8651127362871307     -0.0041638
     294.4701573831220003     -0.0073492
     295.0752044697815677     -0.0000032
     295.6802539963322261     -0.0111947
     296.2853059627075254      0.0136133
     296.8903603689739725     -0.0085691
     297.4954172151316243     -0.0090696
     298.1004765011804238     -0.0051272
     298.7055382271204280      0.0026006
     299.3106023929515231     -0.0029250
     299.9156689988069502     -0.0199469
     300.5207380446201455     -0.0226378
     301.1258095304576727     -0.0134447
     301.7308834561863478      0.0107968
     302.3359598220058047     -0.0020634
     302.9410386277831435     -0.0094449
     303.5461198735847006     -0.0081595
     304.1512035594770964     -0.0087980
     304.7562896854604446      0.0014631
     305.3613782515346315     -0.0018084
     305.9664692576331504      0.0014835
     306.5715627038890148      0.0090258
     307.1766585903023952      0.0107026
     307.7817569167401075     -0.0089114
     308.3868576834017858      0.0019637
     308.9919608902208665      0.0122382
     309.5970665372640269      0.0129173
     310.2021746244645897      0.0290630
     310.8072851519557389      0.0049938
     311.4123981196042905     -0.0085297
     312.0175135274103582     -0.0066273
     312.6226313755734623      0.0105127
     313.2277516640272097      0.0053885
     313.8328743927714868     -0.0120964
     314.4379995618064072     -0.0085876
     315.0431271711318573     -0.0002434
     315.6482572207478938      0.0180167
     316.2533897107875873     -0.0031583
     316.8585246411844878      0.0099872
     317.4636620119384816     -0.0026802
     318.0688018230496255      0.0063953
     318.6739440745845400     -0.0118960
     319.2790887666096182     -0.0126285
     319.8842358989253398     -0.0206593
     320.4893854717979025     -0.0078092
     321.0945374850941789      0.0023099
     321.6996919389472396      0.0070000
     322.3048488332240709      0.0043400
     322.9100081679911796      0.0081946
     323.5151699433150725     -0.0008252
     324.1203341591292997     -0.0067032
     324.7255008155669316     -0.0098553
     325.3306699125613477     -0.0024720
     325.9358414501127186      0.0149211
     326.5410154282873805      0.0133523
     327.1461918470855608      0.0094156
     327.7513707064404684      0.0130612
     328.3565520064854582     -0.0117299
     328.9617357471537957      0.0027134
     329.5669219285121017     -0.0076723
     330.1721105506269964      0.0012066
     330.7773016133652959      0.0100973
     331.3824951168601274      0.0069170
     331.9876910610449272     -0.0017564
     332.5928894459196954     -0.0073387
     333.1980902716176161     -0.0045824
     333.8032935381386324     -0.0010058
     334.4084992454161807     -0.0045103
     335.0137073935168246     -0.0020648
     335.6189179823740005      0.0151594
     336.2241310121209494      0.0052754
     336.8293464826243735     -0.0055000
     337.4345643940840205     -0.0088887
     338.0397847463668199     -0.0023589
     338.6450075396058992     -0.0002980
     339.2502327737345809     -0.0141724
     339.8554604487530355     -0.0099689
     340.4606905647276562      0.0026292
     341.0659231216585567     -0.0030535
     341.6711581195456802     -0.0085846
     342.2763955583890834     -0.0042305
     342.8816354382552731     -0.0017266
     343.4868777591443063     -0.0019159
     344.0921225210560692      0.0112269
     344.6973697239907324      0.0039360
     345.3026193679481821      0.0045608
     345.9078714530616026      0.0122100
     346.5131259791978096      0.0065696
     347.1183829464899873      0.0038909
     347.7236423548049515      0.0032618
     348.3289042043424502     -0.0116286
     348.9341684949027922     -0.0094148
     349.5394352267521185     -0.0202280
     350.1447043996909088     -0.0156701
     350.7499760138522333     -0.0175241
     351.3552500692360354     -0.0043170
     351.9605265658423150     -0.0023127
     352.5658055036045653      0.0015093
     353.1710868826559704     -0.0052744
     353.7763707029963598     -0.0054103
     354.3816569645593404      0.0104019
     354.9869456674779258      0.0047575
     355.5922368116856092     -0.0049547
     356.1975303971823905      0.0097573
     356.8028264240347767      0.0137338
     357.4081248921763176      0.0011073
     358.0134258017400271     -0.0017800
     358.6187291527259617     -0.0046240
     359.2240349450675581      0.0080029
     359.8293431788313228      0.0079791
     360.4346538540173697     -0.0060404
     361.0399669706255850      0.0118871
     361.6452825286560824      0.0103615
     362.2506005281753119     -0.0074979
     362.8559209691833303     -0.0099743
     363.4612438517466444     -0.0049141
     364.0665691757322406     -0.0023747
     364.6718969413397531      0.0091648
     365.2772271484361113      0.0015366
     365.8825597970211447      0.0104912
     366.4878948872947149     -0.0052250
     367.0932324191236944      0.0064394
     367.6985723925079697      0.0021377
     368.3039148075807248     -0.0055320
     368.9092596642087756      0.0134100
     369.5146069625254768      0.0066863
     370.1199567024639805      0.0026961
     370.7253088841575277      0.0057454
     371.3306635074729911      0.0015520
     371.9360205725435549     -0.0069485
     372.5413800793025985      0.0006297
     373.1467420277501219     -0.0046519
     373.7521064179526888      0.0070060
     374.3574732499769198     -0.0069725
     374.9628425237561373     -0.0095605
     375.5682142393570189     -0.0064316
     376.1735883967795644      0.0009334
     376.7789649959570966      0.0034371
     377.3843440370227995      0.0047665
     377.9897255199101664     -0.0123988
     378.5951094446857610     -0.0072220
     379.2004958113494695      0.0047081
     379.8058846199013487      0.0090387
     380.4112758703415125      0.0172540
     381.0166695627363538      0.0083363
     381.6220656970859864     -0.0009672
     382.2274642733238466     -0.0041026
     382.8328652915829480      0.0031944
     383.4382687518634043      0.0054537
     384.0436746540986519     -0.0011253
     384.6490829983551407     -0.0147613
     385.2544937846330413     -0.0200991
     385.8599070129987467     -0.0164235
     386.4653226833193003      0.0001704
     387.0707407957942792     -0.0021823
     387.6761613503571198      0.0104585
     388.2815843470078789     -0.0141252
     388.8870097858131203      0.0019339
     389.4924376667061665      0.0069676
     390.0978679897536949     -0.0059343
     390.7033007549557624     -0.0017295
     391.3087359623788188     -0.0010899
     391.9141736119563006      0.0036673
     392.5196137037547714      0.0118139
     393.1250562377744018      0.0147974
     393.7305012140149643      0.0138373
     394.3359486325430794     -0.0151846
     394.9413984932922972      0.0048132
     395.5468507963290676      0.0101648
     396.1523055417200112      0.0005575
     396.7577627293985643     -0.0041868
     397.3632223593646700      0.0098943
     397.9686844316849488      0.0169488
     398.5741489463594007      0.0080222
     399.1796159033880258      0.0065823
     399.7850853028373876      0.0203257
     400.3905571447074294      0.0299025
     400.9960314289316443      0.0254586
     401.6015081556431596      0.0283189
     402.2069873247754117      0.0119703
     402.8124689363283437      0.0248660
     403.4179529903686330      0.0097933
     404.0234394868962227      0.0181277
     404.6289284259776196     -0.0132728
     405.2344198075463737     -0.0178908
     405.8399136316688782     -0.0202491
     406.4454098982787968     -0.0135641
     407.0509086074425227     -0.0246571
     407.6564097592266762     -0.0168870
     408.2619133536312575      0.0017611
     408.8674193905897596      0.0020182
     409.4729278702351962     -0.0044104
     410.0784387924344401     -0.0002403
     410.6839521573873526     -0.0098177
     411.2894679648940723     -0.0034017
     411.8949862150878403      0.0061927
     412.5005069080351632     -0.0001856
     413.1060300436694206     -0.0040495
     413.7115556220572898      0.0005717
     414.3170836431321504      0.0025047
     414.9226141070271296     -0.0049091
     415.5281470136090434     -0.0146861
     416.1336823630111894      0.0004661
     416.7392201552334541     -0.0075887
     417.3447603902757805      0.0148260
     417.9503030681382825      0.0032173
     418.5558481888209599     -0.0049626
     419.1613957523902627      0.0042664
     419.7669457587131774     -0.0001141
     420.3724982080559016     -0.0069673
     420.9780531002853650     -0.0007457
     421.5836104354014537     -0.0003104
     422.1891702134709021      0.0173480
     422.7947324344934827     -0.0045880
     423.4002970984694798     -0.0121684
     424.0058642053320455      0.0255695
     424.6114337552810980      0.0044284
     425.2170057482499601     -0.0012131
     425.8225801841720113     -0.0060511
     426.4281570631806062      0.0020248
     427.0337363852088970     -0.0124557
     427.6393181503236178      0.0011404
     428.2449023585247687      0.0055619
     428.8504890098123497     -0.0051353
     429.4560781041863606     -0.0078745
     430.0616696417131948     -0.0149494
     430.6672636223265158     -0.0105715
     431.2728600461593942     -0.0037095
     431.8784589130786458     -0.0175923
     432.4840602232840183      0.0103807
     433.0896639766423277     -0.0021831
     433.6952701731536308     -0.0198263
     434.3008788129510549     -0.0125289
     434.9064898960345431     -0.0078576
     435.5121034223375887      0.0096663
     436.1177193918601347     -0.0037801
     436.7233378046687449     -0.0112317
     437.3289586608300965      0.0068363
     437.9345819603441328     -0.0137159
     438.5402077031442332      0.0001250
     439.1458358892969613     -0.0148537
     439.7514665188024310     -0.0090996
     440.3570995915939648      0.0084701
     440.9627351078713104      0.0263062
     441.5683730675679612      0.0127190
     442.1740134706836898     -0.0098497
     442.7796563171522735     -0.0063204
     443.3853016071731190     -0.0074344
     443.9909493406132128     -0.0048974
     444.5965995174725549     -0.0021726
     445.2022521378842725      0.0083859
     445.8079072018483657      0.0134957
     446.4135647092315935     -0.0005062
     447.0192246602338741     -0.0113564
     447.6248870547885303      0.0013381
     448.2305518928955053     -0.0059246
     448.8362191745548557      0.0009002
     449.4418888998332022      0.0175244
     450.0475610687304311     -0.0038400
     450.6532356812465991     -0.0153709
     451.2589127373817632     -0.0147873
     451.8645922372023165      0.0034872
     452.4702741807084863      0.0162593
     453.0759585678335952      0.0016127
     453.6816453987107138     -0.0063869
     454.2873346732733921     -0.0074440
     454.8930263915880801      0.0108407
     455.4987205536548913      0.0188167
     456.1044171594737691     -0.0094003
     456.7101162090447133      0.0028519
     457.3158177024342308     -0.0033664
     457.9215216396424921     -0.0009273
     458.5272280206027631      0.0041508
     459.1329368454483415     -0.0053388
     459.7386481141790000     -0.0058211
     460.3443618267284023     -0.0024087
     460.9500779830963779     -0.0036122
     461.5557965834161109      0.0064736
     462.1615176276211514      0.0055305
     462.7672411157778924     -0.0106589
     463.3729670478863909     -0.0149278
     463.9786954239466468     -0.0126768
     464.5844262439587737     -0.0009824
     465.1901595078560376     -0.0026933
     465.7958952159048067     -0.0052953
     466.4016333678387696      0.0112140
     467.0073739639241808      0.0070625
     467.6131170039614062     -0.0218019
     468.2188624880835164     -0.0070978
     468.8246104162905681      0.0011461
     469.4303607885159977      0.0025308
     470.0361136048928756     -0.0030944
     470.6418688653546383     -0.0129308
     471.2476265699678493     -0.0190629
     471.8533867187325654      0.0037969
     472.4591493116487300      0.0192751
     473.0649143487830202     -0.0105995
     473.6706818300021951     -0.0111406
     474.2764517554393251      0.0058006
     474.8822241251612013      0.0055042
     475.4879989391009758     -0.0023226
     476.0937761973254965     -0.0100583
     476.6995558997679723     -0.0102134
     477.3053380464950806     -0.0055063
     477.9111226374402577      0.0216747
     478.5169096727365741     -0.0057654
     479.1226991523841434      0.0012676
     479.7284910763827952      0.0049042
     480.3342854447326999      0.0272974
     480.9400822574337440     -0.0029568
     481.5458815144859841     -0.0081048
     482.1516832158893635     -0.0003924
     482.7574873617771232     -0.0117537
     483.3632939520825857     -0.0132591
     483.9691029868723717      0.0027313
     484.5749144660799175     -0.0008668
     485.1807283897717866     -0.0058213
     485.7865447578813587      0.0060962
     486.3923635704752542     -0.0024188
     486.9981848276866572     -0.0003412
     487.6040085293822699     -0.0205110
     488.2098346756288265      0.0012623
     488.8156632664262702     -0.0307132
