Scan:    415       Q0030+3700 2015-10-23 +22 50 50.0
         OPTICAL                 Tb    
        km/s-LSR                 XX
    -522.5223871998572349     -0.0096965
    -521.9206407091115807      0.0028230
    -521.3188917984780346     -0.0035573
    -520.7171404679236275      0.0105949
    -520.1153867174815559     -0.0075295
    -519.5136305470851994     -0.0092697
    -518.9118719567678681     -0.0142533
    -518.3101109464962519      0.0066226
    -517.7083475162371542      0.0023721
    -517.1065816659904613     -0.0021299
    -516.5048133957228629     -0.0019118
    -515.9030427054678967      0.0012058
    -515.3012695952252216     -0.0151937
    -514.6994940648619377     -0.0069504
    -514.0977161144444381     -0.0197710
    -513.4959357439729501     -0.0189703
    -512.8941529534140500     -0.0197888
    -512.2923677427344273     -0.0124778
    -511.6905801119340254     -0.0096391
    -511.0887900609797612     -0.0020246
    -510.4869975899048882      0.0011225
    -509.8852026986759256     -0.0195134
    -509.2834053872597906     -0.0148335
    -508.6816056556230592      0.0045140
    -508.0798035037991554      0.0018410
    -507.4779989317546551     -0.0015123
    -506.8761919394896154      0.0203425
    -506.2743825269708395     -0.0149491
    -505.6725706941649037     -0.0091136
    -505.0707564410718646     -0.0007498
    -504.4689397677250327     -0.0010231
    -503.8671206740910407     -0.0076110
    -503.2652991600701284     -0.0161084
    -502.6634752257288596     -0.0074705
    -502.0616488710339240     -0.0194402
    -501.4598200959520113      0.0042444
    -500.8579889005164318      0.0043657
    -500.2561552846606219      0.0068349
    -499.6543192484178348     -0.0081580
    -499.0524807917548742      0.0056401
    -498.4506399146050626      0.0057378
    -497.8487966170350774     -0.0020302
    -497.2469508989782412     -0.0128753
    -496.6451027604678643      0.0047295
    -496.0432522014374399      0.0084546
    -495.4413992218868543      0.0030405
    -494.8395438218162781      0.0029003
    -494.2376860011922304     -0.0068116
    -493.6358257600149386     -0.0085116
    -493.0339630983174857     -0.0257149
    -492.4320980159668011     -0.0182533
    -491.8302305130628156      0.0088073
    -491.2283605895055985      0.0126285
    -490.6264882453283462      0.0059376
    -490.0246134804979761     -0.0128567
    -489.4227362950143174     -0.0160450
    -488.8208566888442306     -0.0062775
    -488.2189746619875450      0.0096610
    -487.6170902144444312      0.0219967
    -487.0152033461482119      0.0153596
    -486.4133140571655076     -0.0048061
    -485.8114223473964444     -0.0073920
    -485.2095282168742756     -0.0053780
    -484.6076316655990581      0.0050969
    -484.0057326935041715      0.0089461
    -483.4038313006230396      0.0102080
    -482.8019274869221817      0.0042769
    -482.2000212524349081     -0.0078950
    -481.5981125970282619     -0.0079676
    -480.9962015207686363      0.0050660
    -480.3942880236228348      0.0178753
    -479.7923721055908004      0.0006867
    -479.1904537666725901     -0.0084083
    -478.5885330068015833     -0.0068761
    -477.9866098260110334     -0.0095943
    -477.3846842242678008      0.0026448
    -476.7827562015385183     -0.0115556
    -476.1808257578563826      0.0125872
    -475.5788928931549435      0.0233068
    -474.9769576074341444      0.0186507
    -474.3750199007272954     -0.0033225
    -473.7730797729345227     -0.0068861
    -473.1711372241224467      0.0051396
    -472.5691922542244470      0.0169576
    -471.9672448632405803      0.0023405
    -471.3652950512372968     -0.0030117
    -470.7633428180483293      0.0128670
    -470.1613881637401278      0.0141561
    -469.5594310882793820     -0.0173437
    -468.9574715916662626     -0.0070838
    -468.3555096739006558     -0.0036597
    -467.7535453349159980     -0.0023438
    -467.1515785747455425     -0.0036846
    -466.5496093933560928     -0.0075745
    -465.9476377907475921      0.0096110
    -465.3456637668867302     -0.0002672
    -464.7436873217735638     -0.0074941
    -464.1417084554080930      0.0102511
    -463.5397271677236972      0.0217176
    -462.9377434587536868     -0.0015280
    -462.3357573284315549     -0.0093919
    -461.7337687768237515     -0.0030002
    -461.1317778038305164     -0.0053288
    -460.5297844095516666      0.0039021
    -459.9277885938540749     -0.0038338
    -459.3257903567377411     -0.0057246
    -458.7237896982359189     -0.0048208
    -458.1217866183153546     -0.0267984
    -457.5197811169427951     -0.0114838
    -456.9177731941514367     -0.0154582
    -456.3157628498748295     -0.0134220
    -455.7137500841461701      0.0071193
    -455.1117348968988949     -0.0027741
    -454.5097172881331176     -0.0121827
    -453.9076972578819209     -0.0155599
    -453.3056748060789118      0.0082859
    -452.7036499327239767      0.0173182
    -452.1016226377838620      0.0122655
    -451.4995929212918782     -0.0023978
    -450.8975607831815182     -0.0114795
    -450.2955262234859219      0.0074926
    -449.6934892422051462     -0.0059694
    -449.0914498392394307     -0.0034995
    -448.4894080146219153     -0.0034796
    -447.8873637683194602      0.0003070
    -447.2853171003652619     -0.0145000
    -446.6832680106927569     -0.0208953
    -446.0812164993018882     -0.0055083
    -445.4791625661927696     -0.0087560
    -444.8771062113654011     -0.0086487
    -444.2750474347531053     -0.0119293
    -443.6729862363891925     -0.0016645
    -443.0709226162072127      0.0049003
    -442.4688565742736159     -0.0214566
    -441.8667881104886419      0.0003258
    -441.2647172248854304      0.0052236
    -440.6626439174641519      0.0096658
    -440.0605681881580722      0.0171850
    -439.4584900370006153     -0.0005708
    -438.8564094639251607      0.0117872
    -438.2543264690315254     -0.0013144
    -437.6522410521533288      0.0073369
    -437.0501532133238811      0.0123433
    -436.4480629525764357     -0.0049820
    -435.8459702698776823      0.0224750
    -435.2438751651943676     -0.0033684
    -434.6417776384932381     -0.0014051
    -434.0396776898074904     -0.0000329
    -433.4375753191371814      0.0183920
    -432.8354705263824940      0.0060640
    -432.2333633116098781     -0.0062232
    -431.6312536747861941     -0.0125519
    -431.0291416158448214     -0.0108387
    -430.4270271348522670      0.0047009
    -429.8249102317420238      0.0081813
    -429.2227909064807818     -0.0064829
    -428.6206691591019080     -0.0069079
    -428.0185449896052319     -0.0137164
    -427.4164183979576705      0.0040728
    -426.8142893840924899      0.0056258
    -426.2121579480430569     -0.0159490
    -425.6100240897761182     -0.0032366
    -425.0078878092583068      0.0082633
    -424.4057491065562431      0.0152122
    -423.8036079815699964     -0.0011646
    -423.2014644342996803      0.0104182
    -422.5993184647785483     -0.0007726
    -421.9971700729399231      0.0077119
    -421.3950192588172854      0.0028211
    -420.7928660223439010     -0.0141636
    -420.1907103635531371     -0.0146046
    -419.5885522824116833      0.0095090
    -418.9863917788862864      0.0118053
    -418.3842288529768894     -0.0088018
    -417.7820635046501820     -0.0022261
    -417.1798957339395884     -0.0047796
    -416.5777255408449946      0.0107039
    -415.9755529252332735      0.0156442
    -415.3733778872043558      0.0088079
    -414.7712004266582539     -0.0034351
    -414.1690205436616452     -0.0066999
    -413.5668382381479660      0.0000155
    -412.9646535101504696      0.0085551
    -412.3624663595692823      0.0019327
    -411.7602767864709676     -0.0100303
    -411.1580847908222722     -0.0119078
    -410.5558903725899427     -0.0020135
    -409.9536935317738653      0.0026608
    -409.3514942683741538      0.0093573
    -408.7492925823242444     -0.0146338
    -408.1470884736573339     -0.0076024
    -407.5448819423401687     -0.0000720
    -406.9426729883394955      0.0029744
    -406.3404616116886245      0.0144190
    -405.7382478123874989      0.0035800
    -405.1360315903362448      0.0118409
    -404.5338129455681724      0.0087863
    -403.9315918780500851      0.0194555
    -403.3293683878151228      0.0025279
    -402.7271424747967785     -0.0092343
    -402.1249141389951092     -0.0083650
    -401.5226833803768045     -0.0091614
    -400.9204501989751179     -0.0013557
    -400.3182145947567392     -0.0074180
    -399.7159765677216683      0.0076179
    -399.1137361178034553      0.0102371
    -398.5114932450019296     -0.0102732
    -397.9092479493505152     -0.0101377
    -397.3070002308158450     -0.0063799
    -396.7047500893314123      0.0017189
    -396.1024975249637237     -0.0030028
    -395.5002425376129622     -0.0099771
    -394.8979851273790018     -0.0169534
    -394.2957252941287152     -0.0036384
    -393.6934630378952988     -0.0024927
    -393.0911983586788097      0.0030531
    -392.4889312564126271     -0.0201855
    -391.8866617311634286      0.0014971
    -391.2843897828313402     -0.0096722
    -390.6821154114828687     -0.0064128
    -390.0798386170181402     -0.0039727
    -389.4775593995038321      0.0049591
    -388.8752777588732670     -0.0197829
    -388.2729936951265017     -0.0188370
    -387.6707072082635364      0.0020770
    -387.0684182982510606      0.0059633
    -386.4661269650890745      0.0005768
    -385.8638332087110712      0.0046785
    -385.2615370291835006     -0.0183240
    -384.6592384264399129      0.0004992
    -384.0569374005468717     -0.0053454
    -383.4546339513711928     -0.0178699
    -382.8523280789128762     -0.0054216
    -382.2500197832384288     -0.0037766
    -381.6477090642481471      0.0054520
    -381.0453959220084812      0.0200639
    -380.4430803564529242      0.0047311
    -379.8407623675481091     -0.0135269
    -379.2384419553274597     -0.0073240
    -378.6361191197576090     -0.0059706
    -378.0337938608385002     -0.0087849
    -377.4314661785369935     -0.0073598
    -376.8291360728197219      0.0087486
    -376.2268035437198819     -0.0101920
    -375.6244685911710235     -0.0116163
    -375.0221312152064570      0.0048876
    -374.4197914157928153      0.0070448
    -373.8174491928968450      0.0111058
    -373.2151045465517427      0.0023190
    -372.6127574767244255      0.0206277
    -372.0104079833481592      0.0073891
    -371.4080560664563109     -0.0005632
    -370.8057017260155135      0.0092333
    -370.2033449620591909      0.0180731
    -369.6009857744872988     -0.0072087
    -368.9986241633332611     -0.0073884
    -368.3962601285970777     -0.0049523
    -367.7938936702786350     -0.0155417
    -367.1915247882782865      0.0065780
    -366.5891534826623115     -0.0076483
    -365.9867797533977409     -0.0076828
    -365.3844036004510940      0.0057994
    -364.7820250238223139     -0.0013819
    -364.1796440235116279      0.0061725
    -363.5772605994522451      0.0097531
    -362.9748747516776461     -0.0121446
    -362.3724864801876038     -0.0092009
    -361.7700957849490919      0.0081977
    -361.1677026658953196      0.0162768
    -360.5653071230597106      0.0074749
    -359.9629091564422083      0.0055374
    -359.3605087659762489     -0.0250089
    -358.7581059516951427     -0.0031460
    -358.1557007135655226     -0.0028816
    -357.5532930515542489      0.0006544
    -356.9508829656944613     -0.0038371
    -356.3484704559529632     -0.0032539
    -355.7460555222964445     -0.0228425
    -355.1436381646916516      0.0040580
    -354.5412183831717812     -0.0115863
    -353.9387961777369469     -0.0072821
    -353.3363715482872180     -0.0128438
    -352.7339444948891582      0.0067125
    -352.1315150174762607     -0.0142186
    -351.5290831160818357      0.0139782
    -350.9266487907057694      0.0089168
    -350.3242120412483018     -0.0037155
    -349.7217728677425725      0.0119080
    -349.1193312701554987      0.0173193
    -348.5168872484869667     -0.0082105
    -347.9144408027370332     -0.0056999
    -347.3119919328723313     -0.0092715
    -346.7095406388929177     -0.0069460
    -346.1070869207655392      0.0059411
    -345.5046307784900819     -0.0017308
    -344.9021722120334061      0.0007896
    -344.2997112213953983      0.0294952
    -343.6972478065761152      0.0172921
    -343.0947819675423034      0.0173110
    -342.4923137042606527      0.0078524
    -341.8898430167643028     -0.0100859
    -341.2873699049869174      0.0024656
    -340.6848943689616362     -0.0057645
    -340.0824164086885162      0.0057277
    -339.4799360240676833      0.0070898
    -338.8774532151324479     -0.0034209
    -338.2749679818828099      0.0035505
    -337.6724803242854023     -0.0177051
    -337.0699902423070853     -0.0137197
    -336.4674977359809418     -0.0019782
    -335.8650028052406356      0.0120866
    -335.2625054501193063     -0.0030767
    -334.6600056705837005      0.0070388
    -334.0575034666005649      0.0182067
    -333.4549988382030961      0.0046198
    -332.8524917853248439      0.0119768
    -332.2499823079656949      0.0014099
    -331.6474704060924523      0.0054866
    -331.0449560797716799      0.0143306
    -330.4424393288701935      0.0019011
    -329.8399201534878671     -0.0104019
    -329.2373985535913903      0.0024697
    -328.6348745290476927     -0.0109447
    -328.0323480799565914      0.0046293
    -327.4298192062847761     -0.0026487
    -326.8272879079989934     -0.0029297
    -326.2247541850659331      0.0044952
    -325.6222180375189055     -0.0032463
    -325.0196794653246002     -0.0005248
    -324.4171384684498207      0.0089795
    -323.8145950468944534      0.0062972
    -323.2120492006585550      0.0081920
    -322.6095009297088154      0.0108042
    -322.0069502340452914     -0.0003529
    -321.4043971136346158      0.0122082
    -320.8018415684435922      0.0098655
    -320.1992835985053603     -0.0069987
    -319.5967232037868371      0.0029677
    -318.9941603842879090      0.0043588
    -318.3915951400085191      0.0009368
    -317.7890274708489073     -0.0016115
    -317.1864573768756941     -0.0094130
    -316.5838848580221452      0.0076607
    -315.9813099142883743      0.0251795
    -315.3787325456743815      0.0098812
    -314.7761527521801668     -0.0101266
    -314.1735705337391096     -0.0031010
    -313.5709858904178304      0.0021912
    -312.9683988221164554      0.0010837
    -312.3658093288681812      0.0073384
    -311.7632174106399248      0.0160520
    -311.1606230674315157     -0.0084000
    -310.5580262992097573     -0.0095948
    -309.9554271059745929      0.0028449
    -309.3528254877260224      0.0255714
    -308.7502214443975959      0.0079638
    -308.1476149760223961      0.0006821
    -307.5450060826006506      0.0075052
    -306.9423947640988786      0.0029869
    -306.3397810204505731     -0.0019671
    -305.7371648516891014     -0.0248588
    -305.1345462578144065     -0.0004342
    -304.5319252387599249      0.0155864
    -303.9293017945587962      0.0097621
    -303.3266759251779945     -0.0003876
    -302.7240476306174060     -0.0028661
    -302.1214169108104102      0.0124885
    -301.5187837658236276      0.0132263
    -300.9161481955571844      0.0103132
    -300.3135102000776442      0.0011033
    -299.7108697793185002     -0.0003292
    -299.1082269332796386     -0.0064445
    -298.5055816619612301      0.0060284
    -297.9029339652965405     -0.0057923
    -297.3002838433522470     -0.0064045
    -296.6976312960283622     -0.0042571
    -296.0949763234249303     -0.0063750
    -295.4923189254087106      0.0038480
    -294.8896591019796460      0.0122509
    -294.2869968531711606      0.0070646
    -293.6843321789497736      0.0011706
    -293.0816650793157123      0.0062399
    -292.4789955542355528     -0.0032090
    -291.8763236036760418     -0.0061936
    -291.2736492276704325      0.0149328
    -290.6709724261522751     -0.0044581
    -290.0682931991546525      0.0030610
    -289.4656115466444817      0.0152757
    -288.8629274686216490     -0.0011643
    -288.2602409650196478     -0.0069400
    -287.6575520358716744     -0.0084765
    -287.0548606811445325     -0.0082084
    -286.4521669008381650      0.0028188
    -285.8494706949193755     -0.0028417
    -285.2467720634546140      0.0135596
    -284.6440710063107531      0.0104014
    -284.0413675234879634      0.0036641
    -283.4386616150193277     -0.0100979
    -282.8359532808715926      0.0100745
    -282.2332425210449287     -0.0031136
    -281.6305293355058552      0.0074105
    -281.0278137242544290     -0.0008765
    -280.4250956872573965      0.0046638
    -279.8223752245148148      0.0023364
    -279.2196523360265701      0.0035946
    -278.6169270217260987      0.0085495
    -278.0141992816467678     -0.0029939
    -277.4114691157885204     -0.0035305
    -276.8087365240847930     -0.0049627
    -276.2060015065356424     -0.0018120
    -275.6032640631409549     -0.0089647
    -275.0005241938675908     -0.0099782
    -274.3977818987819433     -0.0072552
    -273.7950371777510554     -0.0073499
    -273.1922900308080671      0.0056011
    -272.5895404579530918     -0.0128615
    -271.9867884591195093     -0.0110315
    -271.3840340343738831      0.0034088
    -270.7812771836496495     -0.0154820
    -270.1785179069135552     -0.0116021
    -269.5757562041987967     -0.0122981
    -268.9729920754721775      0.0111857
    -268.3702255207336975     -0.0000745
    -267.7674565399499897     -0.0154867
    -267.1646851330878576      0.0097426
    -266.5619113001805545      0.0108889
    -265.9591350411615167      0.0016461
    -265.3563563560640546      0.0033423
    -264.7535752448214907      0.0203147
    -264.1507917074672491      0.0056327
    -263.5480057440345263      0.0054777
    -262.9452173543901949     -0.0058660
    -262.3424265385343119     -0.0223407
    -261.7396332965333841     -0.0049148
    -261.1368376283209045      0.0084000
    -260.5340395338635062     -0.0080920
    -259.9312390131944994     -0.0193383
    -259.3284360662806876      0.0024950
    -258.7256306930886467      0.0128217
    -258.1228228936518008      0.0084124
    -257.5200126679034724     -0.0040767
    -256.9172000158437186     -0.0149584
    -256.3143849374725391     -0.0026511
    -255.7115674327565955     -0.0118547
    -255.1087475017292263     -0.0104576
    -254.5059251442905861     -0.0086543
    -253.9031003605071817      0.0135878
    -253.3002731503125062      0.0006595
    -252.6974435137065598     -0.0046578
    -252.0946114507225673     -0.0185332
    -251.4917769612607401      0.0012981
    -250.8889400453543317      0.0018773
    -250.2861007029700602     -0.0016293
    -249.6832589341079256     -0.0049684
    -249.0804147387679279     -0.0053193
    -248.4775681168835035     -0.0068248
    -247.8747190684879627     -0.0075346
    -247.2718675935812769     -0.0073726
    -246.6690136920968541     -0.0100180
    -246.0661573640347228     -0.0051884
    -245.4632986093949114     -0.0023497
    -244.8604374281440812      0.0008160
    -244.2575738203155424      0.0018263
    -243.6547077858094497      0.0019328
    -243.0518393246923381     -0.0130277
    -242.4489684369310112      0.0037491
    -241.8460951224920450     -0.0091136
    -241.2432193813755532     -0.0083336
    -240.6403412135482256     -0.0044924
    -240.0374606190100621     -0.0185879
    -239.4345775977277242     -0.0044552
    -238.8316921497013254      0.0055413
    -238.2288042748974703      0.0144000
    -237.6259139733494976     -0.0073145
    -237.0230212449908151      0.0046107
    -236.4201260898214514     -0.0010490
    -235.8172285078746881      0.0093138
    -235.2143284990506231     -0.0097846
    -234.6114260634158768      0.0010146
    -234.0085212008706037      0.0069670
    -233.4056139114813391      0.0099576
    -232.8027041952148011     -0.0060226
    -232.1997920520044545     -0.0095464
    -231.5968774819168345      0.0035831
    -230.9939604848520958     -0.0054337
    -230.3910410609100836     -0.0004800
    -229.7881192099576992     -0.0124278
    -229.1851949319948858     -0.0202467
    -228.5822682270882638     -0.0185453
    -227.9793390951379592     -0.0126368
    -227.3764075361772541      0.0020482
    -226.7734735501728665      0.0118676
    -226.1705371370915429     -0.0074688
    -225.5675982969664801      0.0102478
    -224.9646570297644814      0.0104636
    -224.3617133354522650     -0.0051165
    -223.7587672140630559     -0.0082833
    -223.1558186654970370     -0.0102859
    -222.5528676898207436      0.0088100
    -221.9499142870009507      0.0028004
    -221.3469584569710378     -0.0020924
    -220.7440001997975969     -0.0046560
    -220.1410395153807826      0.0174049
    -219.5380764038537222     -0.0034798
    -218.9351108650166964     -0.0012409
    -218.3321428989362971     -0.0008664
    -217.7291725055792142     -0.0005487
    -217.1261996849787579      0.0203346
    -216.5232244371016179      0.0078060
    -215.9202467618812875      0.0006986
    -215.3172666593842735      0.0251624
    -214.7142841295440121     -0.0131288
    -214.1112991723605035     -0.0093923
    -213.5083117878005226      0.0105923
    -212.9053219758639841     -0.0008785
    -212.3023297365509450      0.0065661
    -211.6993350698281233      0.0089898
    -211.0963379756954623      0.0066118
    -210.4933384541197086      0.0138261
    -209.8903365051009189      0.0005572
    -209.2873321286057262      0.0015754
    -208.6843253247007510     -0.0036061
    -208.0813160932528376      0.0049585
    -207.4783044342952394      0.0058555
    -206.8752903477947314      0.0078083
    -206.2722738337845669     -0.0010536
    -205.6692548922314643      0.0235981
    -205.0662335230688598      0.0134864
    -204.4632097263633455     -0.0052415
    -203.8601835020482724      0.0033359
    -203.2571548501237544      0.0120831
    -202.6541237705897061      0.0156888
    -202.0510902634128456      0.0085274
    -201.4480543285599481      0.0048458
    -200.8450159660642669      0.0001844
    -200.2419751758592099      0.0019305
    -199.6389319579780874     -0.0057261
    -199.0358863123876176     -0.0080261
    -198.4328382390545187     -0.0064677
    -197.8297877380120724      0.0269989
    -197.2267348091936867      0.0036671
    -196.6236794525993332      0.0007579
    -196.0206216682291540     -0.0034934
    -195.4175614560496967     -0.0099210
    -194.8144988160610751     -0.0004385
    -194.2114337482299220      0.0006606
    -193.6083662525562943     -0.0004991
    -193.0052963290069385      0.0128043
    -192.4022239776150514      0.0085639
    -191.7991491983141259     -0.0036068
    -191.1960719911374156      0.0003741
    -190.5929923560183283      0.0240772
    -189.9899102929902313      0.0073612
    -189.3868258019865323      0.0214365
    -188.7837388830404564     -0.0027640
    -188.1806495361187501     -0.0134357
    -187.5775577611881602      0.0025724
    -186.9744635582486580      0.0110924
    -186.3713669273668074      0.0146837
    -185.7682678683762276      0.0083730
    -185.1651663813434254     -0.0020469
    -184.5620624662684577     -0.0010199
    -183.9589561230847039      0.0088036
    -183.3558473518254743      0.0062005
    -182.7527361524575156     -0.0016679
    -182.1496225249475174     -0.0045879
    -181.5465064693287047      0.0086256
    -180.9433879855346277      0.0142450
    -180.3402670735652009      0.0083847
    -179.7371437334537347      0.0055721
    -179.1340179651003837     -0.0052425
    -178.5308897685716829      0.0028223
    -177.9277591438011257      0.0083131
    -177.3246260907886267     -0.0112525
    -176.7214906095342997     -0.0168842
    -176.1183527000047206     -0.0246552
    -175.5152123622333136     -0.0149050
    -174.9120695961201193     -0.0057466
    -174.3089244016985049      0.0054593
    -173.7057767789351317      0.0023652
    -173.1026267278299997     -0.0018781
    -172.4994742483831374     -0.0154707
    -171.8963193405612628      0.0046392
    -171.2931620043310375      0.0115828
    -170.6900022397258283     -0.0144965
    -170.0868400466789865      0.0002188
    -169.4836754252238507      0.0029197
    -168.8805083753271390     -0.0076651
    -168.2773388969555128      0.0111869
    -167.6741669901090290     -0.0098218
    -167.0709926547543773     -0.0024396
    -166.4678158909248680      0.0002708
    -165.8646366985538521      0.0059764
    -165.2614550776747251      0.0032990
    -164.6582710282874586      0.0173187
    -164.0550845502921504      0.0062961
    -163.4518956437220822      0.0077423
    -162.8487043085440575      0.0055563
    -162.2455105447579626     -0.0027946
    -161.6423143523639112     -0.0034191
    -161.0391157313285362     -0.0016652
    -160.4359146816518660      0.0034728
    -159.8327112033005903      0.0174847
    -159.2295052962747945      0.0162712
    -158.6262969605410831      0.0097400
    -158.0230861960995128      0.0078618
    -157.4198730029501121      0.0110416
    -156.8166573810262605     -0.0020066
    -156.2134393303945501      0.0057139
    -155.6102188509551070     -0.0059802
    -155.0069959427745232     -0.0160011
    -154.4037706057529533      0.0046864
    -153.8005428399902428      0.0033073
    -153.1973126453532359     -0.0037016
    -152.5940800218752145     -0.0024470
    -151.9908449695562354     -0.0085745
    -151.3876074883296781     -0.0009304
    -150.7843675782287960     -0.0161495
    -150.1811252392536744     -0.0017977
    -149.5778804713376928      0.0098913
    -148.9746332745141331     -0.0116875
    -148.3713836487164599      0.0076267
    -147.7681315939779552      0.0129299
    -147.1648771102652802     -0.0109732
    -146.5616201975784918     -0.0264198
    -145.9583608558509695     -0.0115086
    -145.3550990851493623      0.0129221
    -144.7518348853737393      0.0146992
    -144.1485682565907211     -0.0016256
    -143.5452991987004054     -0.0031355
    -142.9420277118359763      0.0044557
    -142.3387537957977429     -0.0128793
    -141.7354774506521835     -0.0077290
    -141.1321986763993834      0.0117370
    -140.5289174730060324      0.0080837
    -139.9256338404721589     -0.0038105
    -139.3223477787643958      0.0173528
    -138.7190592878828568     -0.0018789
    -138.1157683677941463     -0.0007307
    -137.5124750185316316      0.0171091
    -136.9091792399954386      0.0102678
    -136.3058810322520742     -0.0044992
    -135.7025803952683702     -0.0092392
    -135.0992773290109596     -0.0063711
    -134.4959718334465606     -0.0116083
    -133.8926639086084833      0.0066258
    -133.2893535544634460      0.0025244
    -132.6860407709781384     -0.0113421
    -132.0827255582191526      0.0008849
    -131.4794079160200795     -0.0007975
    -130.8760878444807361     -0.0104799
    -130.2727653435678690      0.0045763
    -129.6694404132148861      0.0034005
    -129.0661130534883796      0.0033059
    -128.4627832643217573     -0.0025138
    -127.8594510457150477      0.0110050
    -127.2561163976349405      0.0137984
    -126.6527793200814358      0.0003396
    -126.0494398130545477     -0.0044326
    -125.4460978765209944      0.0113397
    -124.8427535104807617      0.0113344
    -124.2394067149005821      0.0104507
    -123.6360574897804412      0.0122351
    -123.0327058350870715      0.0105518
    -122.4293517508204587      0.0230977
    -121.8259952369806030      0.0180892
    -121.2226362935342223      0.0172678
    -120.6192749205146129      0.0127575
    -120.0159111177886189      0.0166487
    -119.4125448854228324      0.0182561
    -118.8091762234172393      0.0139283
    -118.2058051317052616      0.0107877
    -117.6024316103201954      0.0277487
    -116.9990556592287589      0.0148736
    -116.3956772783976561      0.0051686
    -115.7922964678601971      0.0212041
    -115.1889132275498042      0.0304768
    -114.5855275574664347      0.0200586
    -113.9821394576101596      0.0276108
    -113.3787489279809364      0.0269929
    -112.7753559685122013      0.0226924
    -112.1719605792372363      0.0414628
    -111.5685627601227736      0.0266171
    -110.9651625111355031      0.0491591
    -110.3617598323087492      0.0343088
    -109.7583547236091874      0.0416070
    -109.1549471850035502      0.0467715
    -108.5515372164585557      0.0474498
    -107.9481248179742039      0.0297552
    -107.3447099895837908      0.0429146
    -106.7412927312207245      0.0644203
    -106.1378730428850048      0.0517371
    -105.5344509245433784      0.0551584
    -104.9310263762290845      0.0558879
    -104.3275993979088838      0.0464035
    -103.7241699895161844      0.0530733
    -103.1207381511175640      0.0475041
    -102.5173038826464449      0.0260682
    -101.9138671841028270      0.0538317
    -101.3104280554534427      0.0412083
    -100.7069864967315596      0.0235557
    -100.1035425078706140      0.0334736
     -99.5000960888706203      0.0390477
     -98.8966472397981278      0.0205455
     -98.2931959604867131      0.0421001
     -97.6897422510029543      0.0336863
     -97.0862861113468654      0.0215511
     -96.4828275414851362      0.0316655
     -95.8793665413844991      0.0484950
     -95.2759031110449541      0.0443732
     -94.6724372504664871      0.0388723
     -94.0689689596158445      0.0430511
     -93.4654982384929838      0.0401693
     -92.8620250870979476      0.0341250
     -92.2585495053641438      0.0322124
     -91.6550714932915724      0.0177284
     -91.0515910509135296      0.0347473
     -90.4481081781634231      0.0478429
     -89.8446228750412814      0.0473254
     -89.2411351415471046      0.0334544
     -88.6376449776808784      0.0435472
     -88.0341523834093067      0.0378097
     -87.4306573586991220      0.0426232
     -86.8271599035170567      0.0366081
     -86.2236600178963641      0.0429728
     -85.6201577018037767      0.0457272
     -85.0166529552060126      0.0575285
     -84.4131457781363537      0.0580440
     -83.8096361705282362      0.0597428
     -83.2061241324149137      0.0544744
     -82.6026096637631468      0.0534952
     -81.9990927645063437      0.0604833
     -81.3955734347110678      0.0624061
     -80.7920516743440515      0.0946893
     -80.1885274833387172      0.0736789
     -79.5850008617283606      0.0675001
     -78.9814718094796859      0.0755802
     -78.3779403265926931      0.1200170
     -77.7744064130673820      0.1057797
     -77.1708700688704710      0.0893733
     -76.5673312939686781      0.1212581
     -75.9637900883287216      0.1111427
     -75.3602464520171651      0.1320558
     -74.7567003849341631      0.1532882
     -74.1531518871129833      0.1392118
     -73.5496009585203581      0.1469584
     -72.9460475991562873      0.1404667
     -72.3424918089874893      0.1510821
     -71.7389335880139356      0.1921230
     -71.1353729362356688      0.1886196
     -70.5318098535860969      0.1758257
     -69.9282443400985017      0.1820212
     -69.3246763957728973      0.1930574
     -68.7211060205094100      0.2006348
     -68.1175332144079135      0.2067291
     -67.5139579773685483      0.2271252
     -66.9103803093913285      0.2291231
     -66.3068002104762257      0.2321531
     -65.7032176806898178      0.2513958
     -65.0996327198657099      0.2598913
     -64.4960453280371553      0.2746370
     -63.8924555052374501      0.3098323
     -63.2888632514000236      0.3105642
     -62.6852685665581575      0.3219749
     -62.0816714506452882      0.3289167
     -61.4780719036947119      0.3489206
     -60.8744699256731252      0.3603169
     -60.2708655165472535      0.3902578
     -59.6672586763170898      0.4023132
     -59.0636494049826410      0.4276944
     -58.4600377025106255      0.4391519
     -57.8564235689010431      0.4692321
     -57.2528070041206050      0.4798685
     -56.6491880082025929      0.5066383
     -56.0455665810471615      0.5282840
     -55.4419427227208814      0.5590546
     -54.8383164331904567      0.6001107
     -54.2346877123893307      0.6385714
     -53.6310565603507854      0.6888859
     -53.0274229770415317      0.7242113
     -52.4237869624615698      0.7538491
     -51.8201485165776248      0.8064240
     -51.2165076393896967      0.8766165
     -50.6128643308644897      0.9479668
     -50.0092185910352924      1.0120904
     -49.4055704198355485      1.0930600
     -48.8019198172652366      1.2023985
     -48.1982667833243781      1.2924116
     -47.5946113179796768      1.4116817
     -46.9909534212311328      1.5470262
     -46.3872930930454714      1.7146435
     -45.7836303334226855      1.9177051
     -45.1799651423627822      2.1574295
     -44.5762975198324654      2.3971758
     -43.9726274658650240      2.6486857
     -43.3689549803273238      2.9178851
     -42.7652800632859424      3.1161544
     -42.1616027147408658      3.2973943
     -41.5579229346255303      3.5105467
     -40.9542407229732248      3.7542522
     -40.3505560797173715      3.9816730
     -39.7468690048912663      4.1840086
     -39.1431794984616204      4.2519689
     -38.5394875604284337      4.1593404
     -37.9357931907584174      3.9661620
     -37.3320963894515785      3.7462652
     -36.7283971564746281      3.4560845
     -36.1246954918275733      3.1538808
     -35.5209913954771253      2.8655057
     -34.9172848674232910      2.6738744
     -34.3135759076660563      2.5431187
     -33.7098645161721535      2.4093878
     -33.1061506929748504      2.3314574
     -32.5024344379743084      2.2754838
     -31.8987157511705206      2.2127309
     -31.2949946325967723      2.1841965
     -30.6912710822197852      2.1454024
     -30.0875451000062668      2.1158609
     -29.4838166859562278      2.0881724
     -28.8800858400696576      2.0545559
     -28.2763525623132779      2.0228696
     -27.6726168526870886      2.0181141
     -27.0688787111245226      2.0052471
     -26.4651381376921435      1.9966247
     -25.8613951323233877      1.9576987
     -25.2576496950182552      1.9563905
     -24.6539018257434570      1.9155873
     -24.0501515244990038      1.9076594
     -23.4463987912848850      1.8728577
     -22.8426436260678223      1.8572478
     -22.2388860289143864      1.8414555
     -21.6351259996581469      1.7724276
     -21.0313635383656852      1.7509372
     -20.4275986450037053      1.7382170
     -19.8238313195722178      1.7064919
     -19.2200615620712156      1.6442564
     -18.6162893724341387      1.6349034
     -18.0125147507275436      1.6367316
     -17.4087376968515848      1.5978954
     -16.8049582108395512      1.5579171
     -16.2011762926914358      1.5546079
     -15.5973919423406713      1.5463954
     -14.9936051598205466      1.5424620
     -14.3898159450977747      1.5300984
     -13.7860242981390719      1.5619830
     -13.1822302189777201      1.6161171
     -12.5784337075471555      1.6580055
     -11.9746347638473782      1.7333812
     -11.3708333879116683      1.8105041
     -10.7670295796401785      1.9306232
     -10.1632233390994760      2.0713823
      -9.5594146661897046      2.2552238
      -8.9556035609774369      2.5075314
      -8.3517900233961040      2.8925188
      -7.7479740534457067      3.5222259
      -7.1441556511262441      4.5493507
      -6.5403348164044326      6.2395501
      -5.9365115492802722      8.5190935
      -5.3326858497204794     10.8498564
      -4.7288577177250541     12.5307865
      -4.1250271532939973     13.2634783
      -3.5211941563940226     13.2963686
      -2.9173587269918495     12.7418413
      -2.3135208650874759     12.1432886
      -1.7096805706809033     12.3844967
      -1.1058378437388472     13.8623304
      -0.5019926842613074     15.5641899
       0.1018549076851483     15.6938314
       0.7057049323335055     13.9520664
       1.3095573894840626     11.7983513
       1.9134122792699539     10.3214951
       2.5172696016911797      9.5821028
       3.1211293567477396      9.3546610
       3.7249915444396340      9.5083532
       4.3288561647668624     10.0126352
       4.9327232177294258     10.5896444
       5.5365927034604576     10.8596067
       6.1404646218933907     10.6918116
       6.7443389729616587     10.1566553
       7.3482157568649624      9.3801908
       7.9520949734701682      8.1722527
       8.5559766228438416      6.5498400
       9.1598607049859861      4.9927707
       9.7637472198965991      3.8805621
      10.3676361676422477      3.1633909
      10.9715275481563648      2.6372674
      11.5754213615720847      2.2434840
      12.1793176078228420      1.9255679
      12.7832162869086350      1.6625587
      13.3871173988960326      1.4142153
      13.9910209437850330      1.2050279
      14.5949269215756381      1.0421215
      15.1988353323344114      0.9004198
      15.8027461759947894      0.7890735
      16.4066594526233374      0.6769806
      17.0105751622200572      0.5737029
      17.6144933047849470      0.5006818
      18.2184138803180105      0.4228923
      18.8223368888858111      0.3594380
      19.4262623304883491      0.3378011
      20.0301902051256207      0.2677043
      20.6341205128642038      0.2269422
      21.2380532536375242      0.1962902
      21.8419884274455782      0.1714540
      22.4459260344215110      0.1530108
      23.0498660744987447      0.1269282
      23.6538085476772864      0.1239225
      24.2577534540236996      0.1176008
      24.8617007935379881      0.0835717
      25.4656505662201447      0.0758552
      26.0696027720701800      0.0443610
      26.6735574111546470      0.0510675
      27.2775144834735634      0.0517858
      27.8814739889603445      0.0435994
      28.4854359277481386      0.0429993
      29.0894002997703680      0.0352228
      29.6933671050936070      0.0313282
      30.2973363437178520      0.0442511
      30.9013080155765394      0.0199035
      31.5052821208693672      0.0146729
      32.1092586593966374      0.0285838
      32.7132376312914772      0.0281718
      33.3172190365539009      0.0209377
      33.9212028752504580      0.0262690
      34.5251891472480210      0.0138359
      35.1291778527462952      0.0366510
      35.7331689916121462      0.0121595
      36.3371625639787084      0.0078071
      36.9411585697794038      0.0095361
      37.5451570090142468      0.0144322
      38.1491578817498009      0.0253120
      38.7531611879860662      0.0247427
      39.3571669277230427      0.0019343
      39.9611751009607161     -0.0059141
      40.5651857077656786      0.0080640
      41.1691987481379016      0.0126999
      41.7732142220774136      0.0150837
      42.3772321296507641      0.0024348
      42.9812524707248329      0.0256409
      43.5852752454327330      0.0114125
      44.1893004538410565      0.0153398
      44.7933280958166478      0.0158411
      45.3973581714926553     -0.0016846
      46.0013906808690649      0.0195484
      46.6054256238793343      0.0180801
      47.2094630006565623      0.0072888
      47.8135028110676501     -0.0028099
      48.4175450553122744      0.0015467
      49.0215897332573149     -0.0025240
      49.6256368449027647      0.0168463
      50.2296863903817581      0.0012414
      50.8337383696943022      0.0047457
      51.4377927827738191      0.0013007
      52.0418496296868867     -0.0005781
      52.6459089103669271     -0.0056384
      53.2499706249470819      0.0042743
      53.8540347734273510      0.0064920
      54.4581013556746072     -0.0019453
      55.0621703719550979      0.0155819
      55.6662418220691393      0.0135036
      56.2703157061498587      0.0016145
      56.8743920241306924      0.0021445
      57.4784707760782112     -0.0128643
      58.0825519619924009     -0.0106858
      58.6866355818732757      0.0148861
      59.2907216357873992      0.0112006
      59.8948101236682078      0.0100595
      60.4989010456488217      0.0040278
      61.1029944015961206     -0.0061538
      61.7070901916432319      0.0091334
      62.3111884157901557      0.0075705
      62.9152890739703352      0.0165798
      63.5193921662503271      0.0108058
      64.1234976926967022      0.0089741
      64.7276056531763118      0.0025022
      65.3317160478888894      0.0048826
      65.9358288767012652      0.0044048
      66.5399441396800455      0.0150104
      67.1440618368917512      0.0148316
      67.7481819683364108      0.0206120
      68.3523045339474606      0.0258322
      68.9564295337914643      0.0049367
      69.5605569679349856      0.0012278
      70.1646868363114464     -0.0066934
      70.7688191389208470      0.0059216
      71.3729538758963429      0.0056989
      71.9770910471047927     -0.0117756
      72.5812306526793236     -0.0001695
      73.1853726926199499     -0.0050145
      73.7895171668600796      0.0011205
      74.3936640754662903     -0.0076393
      74.9978134185051601      0.0006489
      75.6019651959100969     -0.0099352
      76.2061194076811432     -0.0036275
      76.8102760538848202      0.0257717
      77.4144351345211561      0.0290247
      78.0185966496567289      0.0016806
      78.6227605992914960     -0.0042907
      79.2269269833589220     -0.0073152
      79.8310958019255565     -0.0026502
      80.4352670549914279      0.0084091
      81.0394407426230714      0.0136280
      81.6436168647539517      0.0135200
      82.2477954214506042      0.0084575
      82.8519764127796066      0.0042318
      83.4561598386078458      0.0024136
      84.0603456990684208      0.0171597
      84.6645339941613457      0.0058735
      85.2687247238866348      0.0012508
      85.8729178882442739      0.0187886
      86.4771134873008265     -0.0110868
      87.0813115209897575      0.0261754
      87.6855119893110100      0.0314087
      88.2897148923977682      0.0100277
      88.8939202301834399     -0.0026373
      89.4981280027346031      0.0052433
      90.1023382100512578     -0.0275919
      90.7065508520668260     -0.0109444
      91.3107659289144493      0.0034488
      91.9149834405275641     -0.0091556
      92.5192033869727339      0.0077229
      93.1234257682499589     -0.0094006
      93.7276505842926753     -0.0040702
      94.3318778352339962      0.0046007
      94.9361075210739500      0.0132725
      95.5403396417459732      0.0005730
      96.1445741973166008      0.0098831
      96.7488111877858614     -0.0175411
      97.3530506132203044     -0.0033370
      97.9572924735533803      0.0038550
      98.5615367687850608     -0.0035890
      99.1657834991150935      0.0033964
      99.7700326643437165      0.0101588
     100.3742842646041140      0.0000480
     100.9785382998962717     -0.0027294
     101.5827947701535976      0.0001160
     102.1870536755092758     -0.0030889
     102.7913150158966999     -0.0106035
     103.3955787913824480      0.0080463
     103.9998450019665199      0.0065252
     104.6041136475823379     -0.0185046
     105.2083847283630718     -0.0169323
     105.8126582442421011      0.0075028
     106.4169341952860606      0.0022842
     107.0212125814948791      0.0057020
     107.6254934029351773     -0.0095034
     108.2297766594737709      0.0160950
     108.8340623512438441      0.0087049
     109.4383504781788048     -0.0010523
     110.0426410404117945     -0.0064428
     110.6469340379428132     -0.0103034
     111.2512294706387195     -0.0062589
     111.8555273386992184     -0.0176234
     112.4598276419911684     -0.0003547
     113.0641303806477254      0.0017761
     113.6684355545357334     -0.0078474
     114.2727431638549120     -0.0186302
     114.8770532084721054     -0.0000146
     115.4813656884539057      0.0071826
     116.0856806038668623      0.0021014
     116.6899979546443973     -0.0080583
     117.2943177407865392     -0.0014903
     117.8986399624264010     -0.0013232
     118.5029646194308697      0.0105276
     119.1072917119996220      0.0054747
     119.7116212399329811      0.0180726
     120.3159532033640602     -0.0151902
     120.9202876022928592      0.0113643
     121.5246244367859560     -0.0072247
     122.1289637067767870      0.0000689
     122.7333054123319158      0.0215764
     123.3376495533847788      0.0120945
     123.9419961300684747     -0.0165050
     124.5463451423164969     -0.0032938
     125.1506965901953805     -0.0126261
     125.7550504737051114     -0.0091444
     126.3594067927791542      0.0104307
     126.9637655475506079      0.0020713
     127.5681267379529373      0.0061323
     128.1724903640526918     -0.0079304
     128.7768564258498714     -0.0030432
     129.3812249232779266     -0.0075990
     129.9855958565365199     -0.0130445
     130.5899692254260174     -0.0074194
     131.1943450301460530     -0.0018460
     131.7987232705635279     -0.0044781
     132.4031039467449773      0.0011956
     133.0074870587570217     -0.0034432
     133.6118726065996043     -0.0105952
     134.2162605902727819      0.0092493
     134.8206510097765261     -0.0065807
     135.4250438651107800     -0.0085350
     136.0294391563422209     -0.0137266
     136.6338368834042001      0.0021983
     137.2382370463633379      0.0096802
     137.8426396452861411     -0.0065523
     138.4470446801060746      0.0145417
     139.0514521508897303      0.0046064
     139.6558620576370799     -0.0102561
     140.2602744002815882     -0.0122183
     140.8646891789563256     -0.0114953
     141.4691063936613205     -0.0029500
     142.0735260443300376     -0.0137388
     142.6779481310290407     -0.0001029
     143.2823726537582729      0.0051327
     143.8867996125843547     -0.0072397
     144.4912290075072576     -0.0278350
     145.0956608384604465     -0.0140327
     145.7000951055104281      0.0016732
     146.3045318087238797      0.0047902
     146.9089709481006594      0.0039492
     147.5134125235743454     -0.0209540
     148.1178565352113878     -0.0169112
     148.7223029830118151     -0.0034766
     149.3267518670422476     -0.0068162
     149.9312031872360649      0.0051302
     150.5356569436598591     -0.0094912
     151.1401131363136301     -0.0096581
     151.7445717652639132     -0.0175389
     152.3490328304441732     -0.0143177
     152.9534963318544101     -0.0033186
     153.5579622695611590     -0.0033009
     154.1624306436310405      0.0171540
     154.7669014540639978     -0.0117458
     155.3713747007935240     -0.0036687
     155.9758503838195622      0.0077551
     156.5803285032752967     -0.0164718
     157.1848090590940785     -0.0250579
     157.7892920513425850     -0.0204966
     158.3937774799541671     -0.0020333
     158.9982653450620091      0.0057937
     159.6027556465329269      0.0077775
     160.2072483845001045     -0.0000824
     160.8117435589634852     -0.0038523
     161.4162411698565620     -0.0126646
     162.0207412173124624     -0.0051547
     162.6252437011980305     -0.0089974
     163.2297486216463653      0.0046616
     163.8342559786575521      0.0018536
     164.4387657722315055     -0.0169877
     165.0432780023682540     -0.0073210
     165.6477926690678544     -0.0079743
     166.2523097723968135     -0.0127107
     166.8568293123551030     -0.0084420
     167.4613512889428080     -0.0120175
     168.0658757021599001     -0.0202583
     168.6704025520728862     -0.0108356
     169.2749318386152311     -0.0139774
     169.8794635618535551      0.0064414
     170.4839977218543936     -0.0004925
     171.0885343185511545     -0.0137575
     171.6930733519438661     -0.0061452
     172.2976148221656274     -0.0177415
     172.9021587290833395     -0.0031334
     173.5067050727635660     -0.0079700
     174.1112538533394343      0.0054939
     174.7158050706112533      0.0192306
     175.3203587247120936      0.0118132
     175.9249148157086040      0.0131486
     176.5294733435342209     -0.0085228
     177.1340343082554512     -0.0185793
     177.7385977098723231     -0.0101912
     178.3431635483848652      0.0099902
     178.9477318237264285     -0.0047427
     179.5523025360967893     -0.0167086
     180.1568756853628201     -0.0068384
     180.7614512715910280      0.0023036
     181.3660292947814412      0.0042283
     181.9706097550006518      0.0031023
     182.5751926521820678     -0.0053473
     183.1797779863922528     -0.0000602
     183.7843657576312353     -0.0071825
     184.3889559658989583     -0.0112151
     184.9935486112620140     -0.0186211
     185.5981436936538955     -0.0038748
     186.2027412131411097      0.0022899
     186.8073411697236281      0.0016043
     187.4119435634680713      0.0071147
     188.0165483943078755      0.0003381
     188.6211556623095760      0.0135618
     189.2257653674732012      0.0030743
     189.8303775098652864      0.0109891
     190.4349920894192962      0.0141212
     191.0396091061352308     -0.0001347
     191.6442285600796254     -0.0043904
     192.2488504513190719     -0.0164653
     192.8534747797869784     -0.0036775
     193.4581015454834017     -0.0270065
     194.0627307485413837     -0.0297874
     194.6673623888278541     -0.0121685
     195.2719964664759686     -0.0069662
     195.8766329814191351     -0.0090821
     196.4812719336573252     -0.0043013
     197.0859133233236662     -0.0178219
     197.6905571502851160     -0.0143873
     198.2952034146747167     -0.0167147
     198.8998521164259046     -0.0254077
     199.5045032556718638     -0.0190292
     200.1091568322794387     -0.0038387
     200.7138128463817281      0.0135401
     201.3184712979122253      0.0021099
     201.9231321868709017      0.0058191
     202.5277955133908847      0.0022814
     203.1324612774056106      0.0003928
     203.7371294789151079      0.0017911
     204.3418001179193482      0.0091562
     204.9464731945514586     -0.0160264
     205.5511487086782836      0.0014060
     206.1558266603664720      0.0070774
     206.7605070497490942     -0.0238184
     207.3651898766264594     -0.0049516
     207.9698751411982869     -0.0130762
     208.5745628433313925     -0.0115201
     209.1792529831589889      0.0066289
     209.7839455606144270     -0.0054339
     210.3886405757643558      0.0095487
     210.9933380286752822     -0.0071100
     211.5980379192140788      0.0066047
     212.2027402475139297     -0.0059189
     212.8074450135747497      0.0038985
     213.4121522173300320      0.0104278
     214.0168618589129323     -0.0042488
     214.6215739382568017     -0.0127708
     215.2262884553616971      0.0082443
     215.8310054102941820     -0.0186146
     216.4357248031208485     -0.0039271
     217.0404466337084841      0.0010226
     217.6451709021903298     -0.0054058
     218.2498976084997082     -0.0100958
     218.8546267527032398      0.0114124
     219.4593583348009247     -0.0101474
     220.0640923548593548      0.0024361
     220.6688288128119098      0.0122669
     221.2735677087252100      0.0059527
     221.8783090425991986     -0.0040034
     222.4830528144339041      0.0149641
     223.0877990242959186     -0.0074800
     223.6925476721186214      0.0014347
     224.2972987579686048      0.0005708
     224.9020522818459256     -0.0025584
     225.5068082438170620      0.0024976
     226.1115666438154790      0.0142511
     226.7163274819077685      0.0041743
     227.3210907580273386      0.0043288
     227.9258564723073164     -0.0009751
     228.5306246247477304     -0.0078708
     229.1353952152819886     -0.0010483
     229.7401682439100910      0.0176463
     230.3449437107651931      0.0059745
     230.9497216157807316     -0.0111720
     231.5545019590232414     -0.0037226
     232.1592847404261590      0.0203165
     232.7640699600560765      0.0229351
     233.3688576179795575     -0.0005395
     233.9736477141300099      0.0001882
     234.5784402485740259      0.0096784
     235.1832352212450132     -0.0041290
     235.7880326322761277      0.0154936
     236.3928324816008057      0.0037510
     236.9976347692190188      0.0165072
     237.6024394951973875      0.0065685
     238.2072466595358549      0.0044264
     238.8120562622344494     -0.0097281
     239.4168683033597347      0.0051468
     240.0216827828451471     -0.0016756
     240.6264997007572504     -0.0022486
     241.2313190570960160     -0.0037667
     241.8361408518615008     -0.0067692
     242.4409650851202400     -0.0048559
     243.0457917568722337      0.0095803
     243.6506208670508897     -0.0004319
     244.2554524157893923     -0.0103321
     244.8602864030211776     -0.0059138
     245.4651228288127527      0.0026168
     246.0699616931641458     -0.0018088
     246.6748029960753570     -0.0027893
     247.2796467375464147      0.0007271
     247.8844929175772904      0.0066203
     248.4893415362345763     -0.0160472
     249.0941925935182439     -0.0026201
     249.6990460894948285      0.0059532
     250.3039020240312595      0.0087328
     250.9087603973272564      0.0072456
     251.5136212092496066     -0.0038864
     252.1184844598649022     -0.0111933
     252.7233501491732000     -0.0002405
     253.3282182772409783     -0.0014269
     253.9330888440017588     -0.0048417
     254.5379618495886120      0.0098050
     255.1428372939349742      0.0129151
     255.7477151770409023     -0.0000714
     256.3525954989729030     -0.0008313
     256.9574782596644127     -0.0077886
     257.5623634592486155      0.0026683
     258.1672510976588342     -0.0103793
     258.7721411748952391     -0.0090961
     259.3770336910242804      0.0001711
     259.9819286460459580     -0.0127948
     260.5868260400268923     -0.0092492
     261.1917258728338425     -0.0177842
     261.7966281446001062     -0.0039855
     262.4015328553255699      0.0014298
     263.0064400050102904     -0.0112515
     263.6113495936541540      0.0164775
     264.2162616212573312      0.0067132
     264.8211760879528356      0.0085557
     265.4260929936075968     -0.0039747
     266.0310123383546852     -0.0115802
     266.6359341221275940      0.0092498
     267.2408583449262665     -0.0012661
     267.8457850068838866      0.0085265
     268.4507141078672703      0.0063054
     269.0556456480096585     -0.0148712
     269.6605796272443172      0.0151621
     270.2655160455714167      0.0211132
     270.8704549031239708      0.0052025
     271.4753961998354725     -0.0130768
     272.0803399357058652      0.0046805
     272.6852861108017692      0.0058536
     273.2902347251232413      0.0106024
     273.8951857786036044      0.0198355
     274.5001392713094219      0.0030676
     275.1050952033738781      0.0038244
     275.7100535746639025      0.0118764
     276.3150143852458882      0.0167960
     276.9199776351200057      0.0304056
     277.5249433242861414      0.0136558
     278.1299114528109726     -0.0097258
     278.7348820206943856      0.0111282
     279.3398550279364372     -0.0006918
     279.9448304745371843     -0.0046246
     280.5498083605630200     -0.0075074
     281.1547886859475511     -0.0063909
     281.7597714507572846     -0.0056975
     282.3647566549921635      0.0021796
     282.9697442987188651      0.0092306
     283.5747343818707691     -0.0012886
     284.1797269045144390     -0.0069429
     284.7847218666498179      0.0106220
     285.3897192682770196      0.0127164
     285.9947191094624941      0.0244007
     286.5997213901397913     -0.0011618
     287.2047261103753613     -0.0036086
     287.8097332702358813      0.0139623
     288.4147428696547308      0.0086048
     289.0197549086319100     -0.0097958
     289.6247693872339823     -0.0149655
     290.2297863054610048      0.0091450
     290.8348056633794272     -0.0083963
     291.4398274609227428      0.0086646
     292.0448516980910085     -0.0072590
     292.6498783750172947      0.0045566
     293.2549074915685310     -0.0117110
     293.8599390478777309      0.0142697
     294.4649730439449513      0.0138293
     295.0700094797037423      0.0052202
     295.6750483552204400      0.0076696
     296.2800896704952720      0.0196925
     296.8851334255946313      0.0039259
     297.4901796205186315      0.0086548
     298.0952282552007091      0.0100656
     298.7002793297739345      0.0035054
     299.3053328441717440      0.0056829
     299.9103887983941377      0.0021381
     300.5154471925742428      0.0064919
     301.1205080265789888      0.0001698
     301.7255713005415032     -0.0038416
     302.3306370143951654     -0.0071633
     302.9357051681400321      0.0086718
     303.5407757619090603      0.0087123
     304.1458487956359704      0.0023256
     304.7509242693205351      0.0071380
     305.3560021829629250      0.0024588
     305.9610825366960967     -0.0084259
     306.5661653303870935     -0.0061528
     307.1712505641023085     -0.0134265
     307.7763382379084192      0.0007567
     308.3814283518054822     -0.0010024
     308.9865209057267634     -0.0159553
     309.5916158998055039     -0.0130399
     310.1967133339751399     -0.0006273
     310.8018132082356146      0.0041781
     311.4069155227200554      0.0055671
     312.0120202772954485     -0.0027579
     312.6171274720948645      0.0127769
     313.2222371069850624      0.0080533
     313.8273491821658467      0.0136643
     314.4324636975706539      0.0123808
     315.0375806531329204     -0.0020195
     315.6427000489857733     -0.0010092
     316.2478218851292127     -0.0093167
     316.8529461614966181     -0.0048422
     317.4580728781545531      0.0023644
     318.0632020351696951      0.0059117
     318.6683336324088600      0.0106797
     319.2734676700051182      0.0054527
     319.8786041480250901      0.0060483
     320.4837430663357054     -0.0069260
     321.0888844250699208      0.0022982
     321.6940282242279068      0.0068395
     322.2991744637429861      0.0257450
     322.9043231436818360      0.0058438
     323.5094742640443997     -0.0038880
     324.1146278248971839     -0.0098053
     324.7197838262402456     -0.0139075
     325.3249422680070211      0.0034078
     325.9301031502641308     -0.0073440
     326.5352664730779679     -0.0060182
     327.1404322363821962     -0.0093046
     327.7456004402432086      0.0139988
     328.3507710846610621      0.0012894
     328.9559441696357567     -0.0124868
     329.5611196951673492      0.0014550
     330.1662976613888532      0.0047503
     330.7714780681672551     -0.0017784
     331.3766609155690617     -0.0140180
     331.9818462036607798     -0.0063698
     332.5870339323759595      0.0193285
     333.1922241017811075      0.0155471
     333.7974167118097171     -0.0101637
     334.4026117625948018     -0.0075186
     335.0078092541364185     -0.0024135
     335.6130091863680036      0.0109638
     336.2182115593561775      0.0049344
     336.8234163731009403      0.0083633
     337.4286236276021782     -0.0022207
     338.0338333229265686      0.0004273
     338.6390454590740546      0.0038025
     339.2442600359780727      0.0046750
     339.8494770537718068     -0.0015914
     340.4546965123885798      0.0156488
     341.0599184118951257      0.0070207
     341.6651427522247104     -0.0047370
     342.2703695335105749     -0.0076141
     342.8755987556860987      0.0096093
     343.4808304188178454     -0.0056395
     344.0860645228393082      0.0070078
     344.6913010678836145      0.0040810
     345.2965400538175800     -0.0016238
     345.9017814807743321      0.0027529
     346.5070253487539276      0.0197168
     347.1122716576897460     -0.0004812
     347.7175204077149147      0.0022464
     348.3227715987629836     -0.0075632
     348.9280252308337822      0.0035065
     349.5332813039940447      0.0072835
     350.1385398182436575      0.0190507
     350.7438007736491841      0.0177701
     351.3490641700775541     -0.0033735
     351.9543300076618948      0.0014722
     352.5595982864020925      0.0041526
     353.1648690062983178      0.0124604
     353.7701421674170206      0.0037060
     354.3754177696917509     -0.0002512
     354.9806958131889019      0.0046054
     355.5859762979086440      0.0215709
     356.1912592238508637      0.0134015
     356.7965445910155609      0.0136542
     357.4018323994694128      0.0103333
     358.0071226492123060      0.0067552
     358.6124153402442403     -0.0076094
     359.2177104725653294      0.0058278
     359.8230080462420801     -0.0125549
     360.4283080612078720      0.0098744
     361.0336105175958892      0.0173309
     361.6389154152730043     -0.0085991
     362.2442227543722879     -0.0057613
     362.8495325348272331      0.0020648
     363.4548447567709673      0.0017625
     364.0601594200704199      0.0149617
     364.6654765248586045     -0.0220544
     365.2707960711356350     -0.0213938
     365.8761180588348338      0.0190219
     366.4814424880227079     -0.0050070
     367.0867693586994847     -0.0104853
     367.6920986709316708      0.0228785
     368.2974304246525321      0.0077866
     368.9027646199288029     -0.0031817
     369.5081012567603693     -0.0091161
     370.1134403352139088      0.0079217
     370.7187818552227441      0.0136974
     371.3241258168536092      0.0229568
     371.9294722200397700     -0.0126601
     372.5348210649143539     -0.0039284
     373.1401723514109108     -0.0000541
     373.7455260795959475      0.0059730
     374.3508822494029573      0.0155574
     374.9562408609649538      0.0033965
     375.5616019142154300      0.0059186
     376.1669654092209498     -0.0056795
     376.7723313459150631     -0.0021415
     377.3776997244306699      0.0014197
     377.9830705446348134      0.0264174
     378.5884438066606208      0.0044327
     379.1938195104414717     -0.0124498
     379.7991976561104366     -0.0080745
     380.4045782435345018      0.0110637
     381.0099612728467946      0.0228254
     381.6153467439806377      0.0059666
     382.2207346570027084      0.0027030
     382.8261250119129500     -0.0114933
     383.4315178087113622      0.0046589
     384.0369130473980590      0.0059372
     384.6423107279728697      0.0004804
     385.2477108505690353      0.0245978
     385.8531134151199353      0.0118674
     386.4585184216255698      0.0018162
     387.0639258701525591     -0.0047113
     387.6693357606342829     -0.0114538
     388.2747480932039252     -0.0145549
     388.8801628677283020      0.0092523
     389.4855800843405973     -0.0067516
     390.0909997430407543      0.0092490
     390.6964218437622094      0.0187439
     391.3018463866382035      0.0350510
     391.9072733716020025      0.0421306
     392.5127027986537200      0.0284983
     393.1181346678599198      0.0198684
     393.7235689792206017      0.0025945
     394.3290057327356521      0.0108313
     394.9344449284052416     -0.0193221
     395.5398865662291996     -0.0056358
     396.1453306463408239      0.0007264
     396.7507771686734372     -0.0002951
     397.3562261332937169      0.0020708
     397.9616775400684219     -0.0207268
     398.5671313891972432     -0.0123745
     399.1725876805471103     -0.0151537
     399.7780464142511505     -0.0119250
     400.3835075902428002     -0.0114676
     400.9889712085220026      0.0107848
     401.5944372692219417      0.0147787
     402.1999057722094335      0.0025493
     402.8053767176177189     -0.0188540
     403.4108501053801206      0.0169450
     404.0163259355633159      0.0072455
     404.6218042081671342      0.0126381
     405.2272849231917462      0.0190805
     405.8327680806370950     -0.0000539
     406.4382536805696873      0.0025732
     407.0437417229230732      0.0063336
     407.6492322078303232      0.0190736
     408.2547251352913236      0.0083557
     408.8602205051731175      0.0244272
     409.4657183176753961     -0.0035705
     410.0712185726648613     -0.0036841
     410.6767212702748111     -0.0031980
     411.2822264103721182     -0.0090765
     411.8877339931563597      0.0029459
     412.4932440184944653     -0.0158082
     413.0987564865195623     -0.0140887
     413.7042713970985233     -0.0064652
     414.3097887503644756     -0.0042572
     414.9153085463174762      0.0032059
     415.5208307849574112      0.0083698
     416.1263554662843376      0.0044285
     416.7318825902983122     -0.0140995
     417.3374121570658417     -0.0075965
     417.9429441665203058     -0.0139838
     418.5484786187949453      0.0143293
     419.1540155138231398      0.0052011
     419.7595548516714530      0.0153567
     420.3650966322733211     -0.0060578
     420.9706408556954216      0.0046390
     421.5761875220041475     -0.0197174
     422.1817366310664283     -0.0121603
     422.7872881830819551     -0.0120584
     423.3928421779176574     -0.0235387
     423.9983986156399851     -0.0039410
     424.6039574963156724      0.0092196
     425.2095188198779852      0.0176407
     425.8150825863270370      0.0087825
     426.4206487957958984     -0.0025704
     427.0262174482180626     -0.0050389
     427.6317885435934727     -0.0112295
     428.2373620819221856     -0.0039223
     428.8429380633372148      0.0040264
     429.4485164877056036      0.0126596
     430.0540973551603656     -0.0046219
     430.6596806657014440     -0.0184777
     431.2652664192624457      0.0087700
     431.8708546159098205      0.0056851
     432.4764452556435685      0.0047697
     433.0820383385303103     -0.0008096
     433.6876338645034821      0.0035101
     434.2932318336295339      0.0013099
     434.8988322459086362      0.0127586
     435.5044351013406185     -0.0035020
     436.1100403999922719     -0.0156470
     436.7156481418633689     -0.0030768
     437.3212583268874596     -0.0094417
     437.9268709551976144     -0.0076021
     438.5324860267273266     -0.0116700
     439.1381035414765961      0.0071087
     439.7437234995119297     -0.0034040
     440.3493459008333843     -0.0052799
     440.9549707455075236     -0.0041386
     441.5605980334677270      0.0021012
     442.1662277647806150      0.0012946
     442.7718599394461876     -0.0083508
     443.3774945574644448     -0.0102512
     443.9831316188353298     -0.0066612
     444.5887711236254631      0.0057769
     445.1944130718348447      0.0170928
     445.8000574634634745      0.0074609
     446.4057042985112957     -0.0010551
     447.0113535769783653     -0.0162855
     447.6170052989978672     -0.0114325
     448.2226594644365036      0.0113501
     448.8283160733610089      0.0103719
     449.4339751258378897     -0.0090320
     450.0396366218005255     -0.0087917
     450.6453005613155938     -0.0153621
     451.2509669443829807      0.0057777
     451.8566357710028001      0.0014593
     452.4623070412415586     -0.0088777
     453.0679807550991995     -0.0024572
     453.6736569125757796     -0.0124508
     454.2793355136047353      0.0072162
     454.8850165583858143     -0.0033874
     455.4907000467192120      0.0005737
     456.0963859788047330      0.0146851
     456.7020743545091364      0.0053619
     457.3077651739656631      0.0078439
     457.9134584371741994      0.0118151
     458.5191541440682954      0.0108271
     459.1248522947144011      0.0053366
     459.7305528891126869     -0.0137397
     460.3362559272629255     -0.0131938
     460.9419614092319080      0.0073785
     461.5476693349529000      0.0167334
     462.1533797045590859     -0.0143973
     462.7590925179839587      0.0083134
     463.3648077752940821      0.0079615
     463.9705254764893425     -0.0037581
     464.5762456215032898     -0.0076262
     465.1819682104023741     -0.0083143
     465.7876932432532726      0.0039103
     466.3934207200559285     -0.0090944
     466.9991506407438351      0.0047326
     467.6048830053834990     -0.0148071
     468.2106178140414841     -0.0052734
     468.8163550666512265     -0.0001584
     469.4220947632793468     -0.0113146
     470.0278369038592814     -0.0170719
     470.6335814885240438     -0.0021981
     471.2393285172071842     -0.0098878
     471.8450779899752092     -0.0059695
     472.4508299067616690     -0.0043763
     473.0565842676995203      0.0158240
     473.6623410726557495     -0.0066273
     474.2681003218299338     -0.0134644
     474.8738620150891165     -0.0208963
     475.4796261524998044     -0.0281963
     476.0853927340619407     -0.0125597
     476.6911617598420889     -0.0069986
     477.2969332297736855     -0.0042546
     477.9027071439234078     -0.0173128
     478.5084835022911420      0.0109721
     479.1142623048769451     -0.0021871
     479.7200435517472670     -0.0108282
     480.3258272428357145     -0.0195167
     480.9316133782753013      0.0028590
     481.5374019579329570     -0.0059423
     482.1431929819418087      0.0030590
     482.7489864503018566     -0.0093715
     483.3547823628799165      0.0050918
     483.9605807199422429     -0.0187225
     484.5663815212892587     -0.0013442
     485.1721847671205410      0.0089130
     485.7779904572363989     -0.0236100
     486.3837985918366371     -0.0080475
     486.9896091708546351      0.0127147
     487.5954221942903359      0.0027559
     488.2012376622103034     -0.0013238
     488.8070555746146511      0.0073839
