Scan:      8          RBS2005 2015-10-20 +23 46 24.0
         OPTICAL                 Tb    
        km/s-LSR                 XX
    -522.5343770519268674     -0.0245317
    -521.9326168663575345     -0.0300926
    -521.3308542608006064     -0.0257099
    -520.7290892352561968      0.0004139
    -520.1273217896243750     -0.0161384
    -519.5255519240049580     -0.0228807
    -518.9237796383314389     -0.0167144
    -518.3220049325705077     -0.0098355
    -517.7202278066889676     -0.0090842
    -517.1184482607532118     -0.0147711
    -516.5166662947301575     -0.0223224
    -515.9148819085531841     -0.0163043
    -515.3130951021887540     -0.0273038
    -514.7113058757038289     -0.0076940
    -514.1095142290647573     -0.0009873
    -513.5077201622385701      0.0021854
    -512.9059236751585331     -0.0050950
    -512.3041247679245771     -0.0241175
    -511.7023234404700247     -0.0271769
    -511.1005196927284260     -0.0050093
    -510.4987135246996672      0.0011182
    -509.8969049364504258     -0.0016547
    -509.2950939279140243      0.0075183
    -508.6932804990905765     -0.0208469
    -508.0914646499134051     -0.0165715
    -507.4896463803826236     -0.0071988
    -506.8878256905314856      0.0003800
    -506.2860025803598774     -0.0109124
    -505.6841770497680955     -0.0166515
    -505.0823490987560263     -0.0008195
    -504.4805187273903471      0.0118148
    -503.8786859356043806     -0.0103574
    -503.2768507233649302     -0.0193131
    -502.6750130906386858     -0.0117715
    -502.0731730375254642      0.0065912
    -501.4713305638921383     -0.0047156
    -500.8694856698053286     -0.0113544
    -500.2676383551318509      0.0020616
    -499.6657886200048324     -0.0061178
    -499.0639364643244562     -0.0160641
    -498.4620818880907791     -0.0144081
    -497.8602248912703772     -0.0189911
    -497.2583654738966175      0.0033405
    -496.6565036359361898     -0.0074363
    -496.0546393773558407     -0.0076753
    -495.4527726980890066     -0.0054430
    -494.8509035982688147      0.0027176
    -494.2490320777620809     -0.0022491
    -493.6471581366021155     -0.0106709
    -493.0452817747224117     -0.0032384
    -492.4434029921894762     -0.0095160
    -491.8415217889366886     -0.0054970
    -491.2396381649641626     -0.0040883
    -490.6377521202052776      0.0051527
    -490.0358636547265974      0.0023686
    -489.4339727684948684     -0.0104086
    -488.8320794614434703     -0.0052574
    -488.2301837336390236     -0.0038183
    -487.6282855849484008     -0.0069370
    -487.0263850154713055     -0.0034780
    -486.4244820251413444      0.0031600
    -485.8225766139918278     -0.0177480
    -485.2206687818894579     -0.0069357
    -484.6187585289674189      0.0102093
    -484.0168458551260073     -0.0056528
    -483.4149307603982493     -0.0051704
    -482.8130132446512448     -0.0068395
    -482.2110933080513178      0.0131660
    -481.6091709504652840      0.0100841
    -481.0072461718932573     -0.0126469
    -480.4053189723018704     -0.0105636
    -479.8033893517576303     -0.0001856
    -479.2014573101941437      0.0070172
    -478.5995228475779868      0.0069457
    -477.9975859638759061     -0.0124911
    -477.3956466591545791      0.0017130
    -476.7937049333805248     -0.0025221
    -476.1917607864872934      0.0004965
    -475.5898142184748849      0.0013251
    -474.9878652293432992     -0.0086544
    -474.3859138191257898      0.0001112
    -473.7839599877225965      0.0070885
    -473.1820037351002952     -0.0033507
    -472.5800450613920134      0.0030265
    -471.9780839664314840      0.0136623
    -471.3761204503185240      0.0050757
    -470.7741545128865823     -0.0059279
    -470.1721861543022101     -0.0054546
    -469.5702153744655334      0.0051079
    -468.9682421733431283     -0.0186571
    -468.3662665509352223     -0.0077331
    -467.7642885071750811     -0.0105122
    -467.1623080421960026     -0.0079424
    -466.5603251558646321      0.0027148
    -465.9583398481811969      0.0129550
    -465.3563521191122163      0.0061807
    -464.7543619687243677      0.0010968
    -464.1523693969509736     -0.0133920
    -463.5503744037589513     -0.0113594
    -462.9483769891148768     -0.0074328
    -462.3463771531186239     -0.0035999
    -461.7443748956370086     -0.0036095
    -461.1423702167367082     -0.0037735
    -460.5403631163177920     -0.0158305
    -459.9383535944467667     -0.0119903
    -459.3363416510572392     -0.0033238
    -458.7343272861824062     -0.0014135
    -458.1323104997223936      0.0153983
    -457.5302912917437652      0.0038615
    -456.9282696622132676      0.0082984
    -456.3262456111309007     -0.0040338
    -455.7242191383967906      0.0013549
    -455.1221902441108114      0.0002994
    -454.5201589282063424     -0.0131226
    -453.9181251906834973     -0.0063139
    -453.3160890314422886      0.0011843
    -452.7140504506160141     -0.0034736
    -452.1120094481046294     -0.0067837
    -451.5099660238749948     -0.0028352
    -450.9079201779270534      0.0087419
    -450.3058719102940586      0.0080689
    -449.7038212209095605      0.0059691
    -449.1017681098066987     -0.0013639
    -448.4997125769190234      0.0013089
    -447.8976546222131674     -0.0030746
    -447.2955942457556944      0.0146268
    -446.6935314475134646      0.0114214
    -446.0914662274196871      0.0135552
    -445.4893985854745324     -0.0062443
    -444.8873285217112539      0.0004977
    -444.2852560360631742     -0.0068670
    -443.6831811285637173      0.0150288
    -443.0811037990796990      0.0041806
    -442.4790240477775001     -0.0097963
    -441.8769418745240500      0.0098169
    -441.2748572793526023      0.0013798
    -440.6727702621632830     -0.0099608
    -440.0706808230560227     -0.0035124
    -439.4685889619641443      0.0001984
    -438.8664946788877046      0.0068209
    -438.2643979737601398      0.0039351
    -437.6622988466480138      0.0023362
    -437.0601972974847058      0.0120440
    -436.4580933262370763      0.0074659
    -435.8559869329048979      0.0157120
    -435.2538781175549616      0.0049003
    -434.6517668800540264      0.0024892
    -434.0496532204686559     -0.0055153
    -433.4475371386990332     -0.0111824
    -432.8454186348449753      0.0063718
    -432.2432977088399184     -0.0053874
    -431.6411743606506661     -0.0060573
    -431.0390485902771047      0.0093813
    -430.4369203976526705     -0.0036407
    -429.8347897828440409     -0.0178601
    -429.2326567458177919     -0.0077262
    -428.6305212865407270      0.0025825
    -428.0283834049462257      0.0114208
    -427.4262431011674721      0.0035814
    -426.8241003750380855      0.0022012
    -426.2219552266578262      0.0007104
    -425.6198076558936236     -0.0109017
    -425.0176576628119847     -0.0057107
    -424.4155052474129661     -0.0037406
    -423.8133504096632009      0.0068544
    -423.2111931494629857     -0.0042570
    -422.6090334669453341     -0.0075370
    -422.0068713619771188     -0.0018525
    -421.4047068346249034      0.0020916
    -420.8025398847889846     -0.0089778
    -420.2003705125357556     -0.0113833
    -419.5981987178319059      0.0010153
    -418.9960245006110426     -0.0108849
    -418.3938478608730520      0.0067736
    -417.7916687986845545      0.0000219
    -417.1894873139788729     -0.0001415
    -416.5873034067229241      0.0020947
    -415.9851170768499173      0.0213760
    -415.3829283244598400      0.0053089
    -414.7807371495193252      0.0138232
    -414.1785435519618659      0.0029894
    -413.5763475317542088      0.0120918
    -412.9741490889628608      0.0114660
    -412.3719482235213718      0.0058740
    -411.7697449354294577      0.0064883
    -411.1675392246541492      0.0102426
    -410.5653310911619656      0.0019212
    -409.9631205350195842     -0.0067203
    -409.3609075561603845     -0.0075138
    -408.7586921545843666     -0.0177943
    -408.1564743302250236     -0.0213245
    -407.5542540831155520     -0.0029144
    -406.9520314132893191      0.0005132
    -406.3498063206463939      0.0102092
    -405.7475788051534664      0.0015589
    -405.1453488668772707     -0.0013392
    -404.5431165057843259     -0.0024211
    -403.9408817218414356     -0.0061611
    -403.3386445150154032      0.0064724
    -402.7364048853393683      0.0020523
    -402.1341628327801345      0.0034288
    -401.5319183573043915      0.0071725
    -400.9296714588788291      0.0035719
    -400.3274221375701245     -0.0075199
    -399.7251703933115436     -0.0002222
    -399.1229162261032002      0.0022765
    -398.5206596358452202      0.0037145
    -397.9184006226374208      0.0074363
    -397.3161391864465486     -0.0047638
    -396.7138753272393501      0.0178206
    -396.1116090449491480     -0.0035194
    -395.5093403396426766     -0.0036854
    -394.9070692112532015      0.0140944
    -394.3047956598141468     -0.0082153
    -393.7025196852255817      0.0159780
    -393.1002412875873233      0.0049845
    -392.4979604667996114      0.0217689
    -391.8956772228956993      0.0111564
    -391.2933915558422768      0.0083273
    -390.6911034655728372      0.0111093
    -390.0888129521538303      0.0004680
    -389.4865200155521165      0.0037673
    -388.8842246557342719      0.0050956
    -388.2819268726338464     -0.0068038
    -387.6796266663506572      0.0027902
    -387.0773240368180836      0.0110326
    -386.4750189840361259      0.0131891
    -385.8727115078717702      0.0176664
    -385.2704016084913405     -0.0045543
    -384.6680892857949630      0.0110056
    -384.0657745397826375     -0.0072097
    -383.4634573703546039      0.0107284
    -382.8611377776106792      0.0064239
    -382.2588157615174964      0.0039332
    -381.6564913220419157     -0.0025742
    -381.0541644591172030     -0.0000053
    -380.4518351728100924     -0.0124825
    -379.8495034630538498     -0.0114891
    -379.2471693298818423      0.0000195
    -378.6448327731943095      0.0180698
    -378.0424937930908982     -0.0017333
    -377.4401523895052151     -0.0066914
    -376.8378085624039500     -0.0063854
    -376.2354623117204824      0.0130735
    -375.6331136375879964      0.0071645
    -375.0307625398732512      0.0009903
    -374.4284090186096705     -0.0048445
    -373.8260530737306340      0.0195479
    -373.2236947053026483      0.0053542
    -372.6213339132925171      0.0064680
    -372.0189706976336197      0.0010805
    -371.4166050583259562     -0.0175335
    -370.8142369953363300     -0.0258607
    -370.2118665087644445     -0.0086774
    -369.6094935984772860      0.0039656
    -369.0071182645080512     -0.0068124
    -368.4047405067569230     -0.0116767
    -367.8023603253571423      0.0010372
    -367.1999777202086648      0.0069789
    -366.5975926913116041     -0.0014929
    -365.9952052385994534     -0.0077861
    -365.3928153621719161     -0.0002641
    -364.7904230619291752     -0.0149486
    -364.1880283379045977     -0.0107559
    -363.5856311899650564      0.0049425
    -362.9832316182435648     -0.0004814
    -362.3808296227069263     -0.0005027
    -361.7784252032552672      0.0048295
    -361.1760183598885874     -0.0063447
    -360.5736090926734505     -0.0163956
    -359.9711974015432361     -0.0024982
    -359.3687832864981146      0.0123672
    -358.7663667474380986      0.0101145
    -358.1639477844963153      0.0027680
    -357.5615263975729476      0.0106575
    -356.9591025866346854      0.0133944
    -356.3566763516816422      0.0165837
    -355.7542476927469011      0.0112412
    -355.1518166097973790      0.0072837
    -354.5493831027997089      0.0050240
    -353.9469471716872704     -0.0012490
    -353.3445088165599941      0.0062034
    -352.7420680373179493      0.0139113
    -352.1396248339945032      0.0090968
    -351.5371792065563454      0.0045153
    -350.9347311549369124      0.0087644
    -350.3322806792027109      0.0052602
    -349.7298277793205443      0.0115823
    -349.1273724552570457     -0.0005462
    -348.5249147069457081     -0.0035855
    -347.9224545344864055      0.0113191
    -347.3199919378124605     -0.0045941
    -346.7175269169239868      0.0074123
    -346.1150594716878004      0.0063953
    -345.5125896022703955      0.0058987
    -344.9101173085717846      0.0005068
    -344.3076425905920246     -0.0063040
    -343.7051654482312983      0.0036575
    -343.1026858815894229     -0.0169337
    -342.5002038906331450      0.0027380
    -341.8977194753291542      0.0018381
    -341.2952326355776336     -0.0070839
    -340.6927433715116535     -0.0168540
    -340.0902516830645936     -0.0147421
    -339.4877575702033710      0.0069234
    -338.8852610328613082     -0.0064058
    -338.2827620711050258      0.0044845
    -337.6802606849344102     -0.0067694
    -337.0777568742828976     -0.0066101
    -336.4752506390840381     -0.0019818
    -335.8727419794375919     -0.0044317
    -335.2702308952770522      0.0172467
    -334.6677173866023622      0.0040413
    -334.0652014533470151     -0.0080288
    -333.4626830955775176     -0.0007295
    -332.8601623132273062      0.0018848
    -332.2576391062964944     -0.0007845
    -331.6551134747516016      0.0114915
    -331.0525854185594881     -0.0147477
    -330.4500549377867173     -0.0206939
    -329.8475220323666690     -0.0012792
    -329.2449867022660328     -0.0079293
    -328.6424489474516122      0.0031387
    -328.0399087680231673      0.0001052
    -327.4373661638809949     -0.0005512
    -326.8348211350249244      0.0116750
    -326.2322736813551955      0.0097067
    -325.6297238030049357     -0.0020268
    -325.0271714999075812      0.0005146
    -324.4246167720297649     -0.0001248
    -323.8220596193050369     -0.0146561
    -323.2195000418332143      0.0016584
    -322.6169380395476196     -0.0022498
    -322.0143736124151701      0.0002036
    -321.4118067603691316     -0.0092298
    -320.8092374835094915     -0.0035415
    -320.2066657818028261     -0.0110870
    -319.6040916551826285     -0.0047507
    -319.0015151036157022     -0.0062461
    -318.3989361271684970      0.0068791
    -317.7963547257744494     -0.0086098
    -317.1937708994335594      0.0028451
    -316.5911846480793201      0.0018036
    -315.9885959718115487      0.0111019
    -315.3860048705304280     -0.0002637
    -314.7834113442359580     -0.0009864
    -314.1808153928614615      0.0102874
    -313.5782170165068692     -0.0072518
    -312.9756162151056742     -0.0024691
    -312.3730129886245095     -0.0003409
    -311.7704073370633751      0.0021994
    -311.1677992603557641     -0.0004433
    -310.5651887585681834     -0.0063978
    -309.9625758316673796      0.0012495
    -309.3599604796534095     -0.0016708
    -308.7573427023929753     -0.0061723
    -308.1547225000193748     -0.0037759
    -307.5520998724659307      0.0150665
    -306.9494748196994465      0.0049743
    -306.3468473416865550      0.0000265
    -305.7442174384939335     -0.0027036
    -305.1415851100215946      0.0072516
    -304.5389503563362155      0.0057616
    -303.9363131773045552     -0.0003967
    -303.3336735730266014     -0.0071369
    -302.7310315434689869      0.0128485
    -302.1283870885651481     -0.0086467
    -301.5257402083151419      0.0011175
    -300.9230909027188545     -0.0056552
    -300.3204391718096531     -0.0041542
    -299.7177850154877206     -0.0141607
    -299.1151284337529432     -0.0082539
    -298.5124694266386882     -0.0145811
    -297.9098079941115884     -0.0154754
    -297.3071441361718144      0.0097849
    -296.7044778527193216      0.0205050
    -296.1018091438208444      0.0094961
    -295.4991380094762690      0.0033349
    -294.8964644496522851      0.0016120
    -294.2937884642491326      0.0084391
    -293.6911100533666286     -0.0009825
    -293.0884292169382093      0.0077879
    -292.4857459549971850     -0.0068916
    -291.8830602674436250      0.0077878
    -291.2803721542776429      0.0045832
    -290.6776816155989991      0.0031677
    -290.0749886512745661      0.0125329
    -289.4722932613377111      0.0024128
    -288.8695954456884465      0.0038036
    -288.2668952044600701     -0.0034642
    -287.6641925375525375      0.0103629
    -287.0614874449660192     -0.0116846
    -286.4587799266005845      0.0013110
    -285.8560699826226710      0.0008100
    -285.2533576128658410     -0.0007886
    -284.6506428173966583     -0.0139339
    -284.0479255961153626     -0.0081160
    -283.4452059491216573      0.0065194
    -282.8424838763157823      0.0055106
    -282.2397593777309908      0.0011087
    -281.6370324533007761      0.0103026
    -281.0343031030583916      0.0055874
    -280.4315713269704702     -0.0005171
    -279.8288371250371256      0.0187461
    -279.2261004971584271     -0.0128762
    -278.6233614434675019      0.0145999
    -278.0206199638646467      0.0072633
    -277.4178760583496910     -0.0005842
    -276.8151297268228177     -0.0061852
    -276.2123809694172110     -0.0080504
    -275.6096297860663071     -0.0021873
    -275.0068761767034857      0.0015175
    -274.4041201413288604     -0.0025713
    -273.8013616799755141      0.0023756
    -273.1986007926103639      0.0015836
    -272.5958374792332961      0.0030102
    -271.9930717397777471      0.0063408
    -271.3903035742105203      0.0002505
    -270.7875329826313759     -0.0091327
    -270.1847599649404401      0.0068529
    -269.5819845211378265     -0.0042465
    -268.9792066511901680     -0.0075927
    -268.3764263551307749      0.0163217
    -267.7736436329263938      0.0126427
    -267.1708584845436008      0.0057812
    -266.5680709099493129      0.0032381
    -265.9652809092099801      0.0004223
    -265.3624884822257854     -0.0106280
    -264.7596936290300391     -0.0132680
    -264.1568963495560638      0.0060808
    -263.5540966438705368      0.0119402
    -262.9512945119400911     -0.0015835
    -262.3484899536982198     -0.0018735
    -261.7456829691116127      0.0008495
    -261.1428735582468903      0.0008276
    -260.5400617210707424      0.0058621
    -259.9372474575498018      0.0071804
    -259.3344307676176186      0.0079425
    -258.7316116513739530     -0.0080437
    -258.1287901087190448     -0.0057032
    -257.5259661396860906      0.0037830
    -256.9231397441753302      0.0069883
    -256.3203109222864668     -0.0035305
    -255.7174796739531075      0.0083681
    -255.1146459991751385      0.0030148
    -254.5118098978527712      0.0008222
    -253.9089713700857942     -0.0182241
    -253.3061304158409826      0.0025835
    -252.7032870350517442     -0.0109838
    -252.1004412277513609     -0.0021674
    -251.4975929938399588      0.0032670
    -250.8947423334174402     -0.0145172
    -250.2918892464171847      0.0055510
    -249.6890337328059672      0.0136408
    -249.0861757925504776      0.0056282
    -248.4833154257505043      0.0141789
    -247.8804526322730339     -0.0009365
    -247.2775874121845447      0.0120254
    -246.6747197653519095     -0.0037124
    -246.0718496919083123     -0.0043030
    -245.4689771917538224     -0.0073541
    -244.8661022648885250      0.0016528
    -244.2632249112791101     -0.0051580
    -243.6603451309588309      0.0010527
    -243.0574629238944340     -0.0158354
    -242.4545782900526376     -0.0059159
    -241.8516912293668213     -0.0119361
    -241.2488017419701691     -0.0036487
    -240.6459098277295823     -0.0020367
    -240.0430154866782573     -0.0194919
    -239.4401187187163771     -0.0117804
    -238.8372195239770974     -0.0026664
    -238.2343179023272910      0.0040791
    -237.6314138538334930     -0.0054588
    -237.0285073783625762     -0.0163022
    -236.4255984760476963     -0.0100703
    -235.8226871467889509     -0.0082492
    -235.2197733905863970      0.0027601
    -234.6168572074400061     -0.0017162
    -234.0139385972832429      0.0031925
    -233.4110175601493324     -0.0094519
    -232.8080940960383032     -0.0074439
    -232.2051682049169301     -0.0038061
    -231.6022398866852825     -0.0037647
    -230.9993091414764876     -0.0004539
    -230.3963759691907569     -0.0073358
    -229.7934403698613437      0.0080831
    -229.1905023433551207     -0.0042244
    -228.5875618898384971      0.0050771
    -227.9846190091783171      0.0021046
    -227.3816737013746092      0.0008829
    -226.7787259663608381     -0.0098025
    -226.1757758042700459      0.0065721
    -225.5728232149692190     -0.0003211
    -224.9698681984915538     -0.0040225
    -224.3669107547704868      0.0148455
    -223.7639508838392999      0.0072060
    -223.1609885856980782     -0.0008181
    -222.5580238603134262     -0.0071658
    -221.9550567075855554     -0.0151329
    -221.3520871276475646      0.0030990
    -220.7491151203996651     -0.0058106
    -220.1461406858750536      0.0045420
    -219.5431638239406880     -0.0126333
    -218.9401845347296103     -0.0046982
    -218.3372028181420603     -0.0156705
    -217.7342186742112062     -0.0019076
    -217.1312321028373162      0.0035737
    -216.5282431041201789     -0.0082991
    -215.9252516779932876      0.0021855
    -215.3222578244565284      0.0125308
    -214.7192615434434231     -0.0002567
    -214.1162628349539716     -0.0098517
    -213.5132616990214274     -0.0031947
    -212.9102581356124801      0.0071415
    -212.3072521446939049     -0.0174247
    -211.7042437261991097     -0.0015080
    -211.1012328802612217      0.0038970
    -210.4982196067471136      0.0137645
    -209.8952039056900958     -0.0078662
    -209.2921857769902658     -0.0131061
    -208.6891652207807795     -0.0002462
    -208.0861422369285094      0.0050140
    -207.4831168255000478     -0.0054641
    -206.8800889863622103     -0.0090556
    -206.2770587196481245     -0.0048895
    -205.6740260252580015     -0.0022945
    -205.0709909031918130      0.0057467
    -204.4679533533829670      0.0003983
    -203.8649133759313656     -0.0004268
    -203.2618709707371067     -0.0021937
    -202.6588261378334721      0.0018105
    -202.0557788771206731      0.0131992
    -201.4527291886984983      0.0136530
    -200.8496770724671023     -0.0020814
    -200.2466225284597954      0.0047753
    -199.6435655566100138      0.0005613
    -199.0405061569843213     -0.0054923
    -198.4374443295160972      0.0004288
    -197.8343800741721452      0.0119503
    -197.2313133909190981      0.0015338
    -196.6282442798568582      0.0152678
    -196.0251727408855800      0.0129437
    -195.4220987740052351     -0.0018856
    -194.8190223792157951     -0.0094028
    -194.2159435564174998     -0.0069641
    -193.6128623057101379      0.0039805
    -193.0097786270271456      0.0202686
    -192.4066925203685230      0.0086255
    -191.8036039856677348      0.0021059
    -191.2005130229913163     -0.0141244
    -190.5974196323059857     -0.0111206
    -189.9943238135784327     -0.0076620
    -189.3912255667088687     -0.0079154
    -188.7881248918303925     -0.0084458
    -188.1850217888764405      0.0060790
    -187.5819162578137593     -0.0116543
    -186.9788082986089819      0.0030866
    -186.3756979112954753     -0.0068653
    -185.7725850958399576     -0.0061673
    -185.1694698522423437      0.0040332
    -184.5663521804028733     -0.0030230
    -183.9632320804213634      0.0061139
    -183.3601095522312221      0.0018499
    -182.7569845958324777      0.0052521
    -182.1538572111585665     -0.0122844
    -181.5507273982759955      0.0009047
    -180.9475951571183145      0.0088082
    -180.3444604876854385      0.0081646
    -179.7413233899440854     -0.0015248
    -179.1381838638942838     -0.0167255
    -178.5350419095693155      0.0062260
    -177.9318975269025884      0.0071215
    -177.3287507157942855     -0.0013774
    -176.7256014764107874      0.0022843
    -176.1224498086189953     -0.0020358
    -175.5192957124521627     -0.0065250
    -174.9161391878770075     -0.0062379
    -174.3129802348269948      0.0030096
    -173.7098188533686596     -0.0029277
    -173.1066550434687485     -0.0038345
    -172.5034888051272048      0.0041711
    -171.9003201382109864      0.0045313
    -171.2971490428531354     -0.0089949
    -170.6939755190204266     -0.0005774
    -170.0907995666129580      0.0068465
    -169.4876211856307862      0.0044375
    -168.8844403761404465     -0.0086325
    -168.2812571381086570     -0.0167611
    -167.6780714714688543     -0.0081158
    -167.0748833761545029     -0.0194636
    -166.4716928522986734      0.0030274
    -165.8684998998348306      0.0013200
    -165.2653045186964107     -0.0158450
    -164.6621067088501320      0.0025855
    -164.0589064703958400      0.0078881
    -163.4557038032336891     -0.0051255
    -162.8524987073969328     -0.0133800
    -162.2492911827525006      0.0036903
    -161.6460812294667448      0.0061418
    -161.0428688474065666      0.0086609
    -160.4396540366052477      0.0117645
    -159.8364367969628859      0.0098180
    -159.2332171285794118     -0.0028291
    -158.6299950313882334     -0.0257774
    -158.0267705053893508      0.0030710
    -157.4235435504828615      0.0053569
    -156.8203141668019782      0.0063008
    -156.2170823542467701      0.0115063
    -155.6138481128173225     -0.0095226
    -155.0106114424802968      0.0068765
    -154.4073723432024110      0.0119659
    -153.8041308150502857     -0.0014186
    -153.2008868579572720      0.0105293
    -152.5976404718901165     -0.0048554
    -151.9943916568488476     -0.0105290
    -151.3911404128334368     -0.0056633
    -150.7878867398438842      0.0014794
    -150.1846306378469080     -0.0124078
    -149.5813721067760014     -0.0133107
    -148.9781111466976427      0.0004310
    -148.3748477575785785      0.0022792
    -147.7715819393522452     -0.0071059
    -147.1683136920519530     -0.0061386
    -146.5650430156443633     -0.0006719
    -145.9617699101628148      0.0071996
    -145.3584943755406869     -0.0051374
    -144.7552164117447262      0.0119345
    -144.1519360188082430     -0.0026360
    -143.5486531966978987      0.0001519
    -142.9453679454470034      0.0043183
    -142.3420802648891765     -0.0013718
    -141.7387901551907703     -0.0106768
    -141.1354976162852495      0.0070247
    -140.5322026481060220     -0.0094368
    -139.9289052506198630     -0.0108993
    -139.3256054238932791      0.0116113
    -138.7223031678929885      0.0102972
    -138.1189984825857664      0.0013679
    -137.5156913679049921      0.0042263
    -136.9123818239505397     -0.0034452
    -136.3090698506558169      0.0019122
    -135.7057554479875705     -0.0044645
    -135.1024386159125186      0.0002095
    -134.4991193544306043     -0.0082828
    -133.8957976635752232     -0.0032134
    -133.2924735433129513     -0.0073145
    -132.6891469936105921      0.0009288
    -132.0858180144015819      0.0077013
    -131.4824866057857662     -0.0038495
    -130.8791527676632143      0.0103988
    -130.2758165000673216     -0.0067075
    -129.6724778028981859     -0.0025377
    -129.0691366762889629     -0.0001318
    -128.4657931201064685      0.0057045
    -127.8624471343840270     -0.0012658
    -127.2590987190217788      0.0017320
    -126.6557478741528797     -0.0116228
    -126.0523945996774415     -0.0091354
    -125.4490388955954785      0.0010483
    -124.8456807618071451      0.0071375
    -124.2423201984788648      0.0040306
    -123.6389572054441999      0.0055608
    -123.0355917827697425      0.0006824
    -122.4322239303223370     -0.0062306
    -121.8288536482683924      0.0038628
    -121.2254809364748240      0.0042448
    -120.6221057949748570      0.0157251
    -120.0187282236353923     -0.0028126
    -119.4153482226228391     -0.0117860
    -118.8119657918373377     -0.0139568
    -118.2085809312456064     -0.0053440
    -117.6051936408143916      0.0089424
    -117.0018039206102287      0.0046647
    -116.3984117705665398      0.0000859
    -115.7950171906500714      0.0023497
    -115.1916201809273730     -0.0047860
    -114.5882207412320355     -0.0033709
    -113.9848188717304822     -0.0068621
    -113.3814145722895717      0.0208280
    -112.7780078429425714      0.0181857
    -112.1745986836229463      0.0003927
    -111.5711870943972315      0.0053426
    -110.9677730751988918      0.0105118
    -110.3643566260278845      0.0052408
    -109.7609377468176888     -0.0150429
    -109.1575164376348397     -0.0014796
    -108.5540926984127736      0.0113973
    -107.9506665291847867      0.0001134
    -107.3472379298510333      0.0044107
    -106.7438069004780630     -0.0042573
    -106.1403734410325939      0.0001806
    -105.5369375515146544     -0.0040715
    -104.9334992317910604      0.0049288
    -104.3300584820282637      0.0032318
    -103.7266153020931370      0.0028085
    -103.1231696920189336      0.0046426
    -102.5197216517391041      0.0246302
    -101.9162711813202122     -0.0091088
    -101.3128182806624267      0.0133767
    -100.7093629498322684      0.0007255
    -100.1059051886966529      0.0084737
     -99.5024449973886789      0.0107348
     -98.8989823758085294     -0.0077763
     -98.2955173239561759      0.0017101
     -97.6920498417983367     -0.0018802
     -97.0885799293350118      0.0232407
     -96.4851075865995114     -0.0008803
     -95.8816328134919473      0.0064932
     -95.2781556100789118      0.0126975
     -94.6746759762272774      0.0075433
     -94.0711939120701430      0.0163730
     -93.4677094175076775      0.0083666
     -92.8642224925398949      0.0161205
     -92.2607331371002033      0.0047261
     -91.6572413512551947      0.0143719
     -91.0537471350048548      0.0141851
     -90.4502504882493383      0.0364089
     -89.8467514109886309      0.0177992
     -89.2432499032893105      0.0144200
     -88.6397459650847992      0.0200986
     -88.0362395963418436      0.0366716
     -87.4327307970271335      0.0213918
     -86.8292195671739506      0.0353250
     -86.2257059067823093      0.0274990
     -85.6221898158189276      0.0293939
     -85.0186712941839318      0.0452336
     -84.4151503420104916      0.0283455
     -83.8116269591987049      0.0164989
     -83.2081011457486284      0.0343849
     -82.6045729015936701      0.0339561
     -82.0010422268336754      0.0217915
     -81.3975091213687847      0.0279982
     -80.7939735852323082      0.0342219
     -80.1904356182911044      0.0082054
     -79.5868952207115683      0.0299436
     -78.9833523923605867      0.0305161
     -78.3798071332714414      0.0303860
     -77.7762594433442871      0.0205179
     -77.1727093226789549      0.0169032
     -76.5691567712421630      0.0279965
     -75.9656017889340944      0.0186632
     -75.3620443758545520      0.0245386
     -74.7584845318371691      0.0205214
     -74.1549222570150306      0.0221452
     -73.5513575513548830      0.0387444
     -72.9477904147568808      0.0175532
     -72.3442208472209956      0.0194833
     -71.7406488488138052      0.0249765
     -71.1370744195020279      0.0306515
     -70.5334975592191000      0.0146619
     -69.9299182678984721      0.0448924
     -69.3263365456732430      0.0475932
     -68.7227523924768633      0.0439542
     -68.1191658082427551      0.0489271
     -67.5155767929376651      0.0509065
     -66.9119853466614103      0.0537480
     -66.3083914693141594      0.0595778
     -65.7047951609291943      0.0476336
     -65.1011964214066410      0.0744166
     -64.4975952508130916      0.0812543
     -63.8939916491152644      0.0824033
     -63.2903856163131451      0.0940487
     -62.6867771523068882      0.0987780
     -62.0831662571963463      0.1025805
     -61.4795529309149487      0.1151230
     -60.8759371734626953      0.1246883
     -60.2723189847730225      0.1065353
     -59.6686983648792122      0.1182300
     -59.0650753137812643      0.1112918
     -58.4614498314458970      0.1207937
     -57.8578219178065396      0.1497348
     -57.2541915729297699      0.1529873
     -56.6505587967822848      0.1475829
     -56.0469235893308166      0.1559483
     -55.4432859505420694      0.1620852
     -54.8396458804160574      0.1452344
     -54.2360033789527733      0.1544216
     -53.6323584461522103      0.1638216
     -53.0287110819811005      0.1789953
     -52.4250612863395773      0.1928282
     -51.8214090593607821      0.1950941
     -51.2177544009781585      0.1925093
     -50.6140973111584032      0.1794817
     -50.0104377898349526      0.1736357
     -49.4067758370743846      0.1876730
     -48.8031114528766921      0.1793479
     -48.1994446371753114      0.1895837
     -47.5957753899036788      0.2036458
     -46.9921037111616329      0.1974099
     -46.3884296008826098      0.1992199
     -45.7847530590666167      0.1952917
     -45.1810740856470829      0.1907204
     -44.5773926806572902      0.1960605
     -43.9737088440972457      0.1987149
     -43.3700225759336533      0.2099401
     -42.7663338760999565      0.2179385
     -42.1626427446627119      0.2135719
     -41.5589491815553629      0.2155810
     -40.9552531868111913      0.2239862
     -40.3515547603303446      0.2376737
     -39.7478539021793864      0.2568462
     -39.1441506123250278      0.2575000
     -38.5404448907340083      0.2664857
     -37.9367367374395812      0.2783991
     -37.3330261523086477      0.3033798
     -36.7293131354410249      0.3211490
     -36.1255976868367199      0.3532753
     -35.5218798063959014      0.3805174
     -34.9181594940852662      0.4088536
     -34.3144367500046741      0.4301728
     -33.7107115740875543      0.4554670
     -33.1069839663006249      0.4887625
     -32.5032539266105971      0.5224259
     -31.8995214550507669      0.5637606
     -31.2957865515878382      0.5858511
     -30.6920492162218146      0.6225933
     -30.0883094488861325      0.6624823
     -29.4845672496473519      0.7044939
     -28.8808226184389127      0.7563676
     -28.2770755552275297      0.8222159
     -27.6733260600132027      0.8970823
     -27.0695741328292101      0.9862438
     -26.4658197736089882      1.0968226
     -25.8620629823858259      1.1999739
     -25.2583037590265818      1.3162221
     -24.6545421036976755      1.4494272
     -24.0507780162326910      1.5683694
     -23.4470114967314807      1.7118671
     -22.8432425450276178      1.8384374
     -22.2394711612542437      1.8608242
     -21.6356973453447949      1.7969608
     -21.0319210972992607      1.7105522
     -20.4281424170177992      1.5626364
     -19.8243613046335412      1.4203137
     -19.2205777600133523      1.3032404
     -18.6167917831905179      1.2593129
     -18.0130033741650344      1.2281218
     -17.4092125328370528      1.2663888
     -16.8054192592731440      1.3313909
     -16.2016235534733006      1.4467976
     -15.5978254153709628      1.5923707
     -14.9940248449328433      1.7880282
     -14.3902218422255075      2.0734327
     -13.7864164071823900      2.4169424
     -13.1826085398034945      2.8057766
     -12.5787982399889628      3.2326710
     -11.9749855078719349      3.7163315
     -11.3711703433858418      4.3017349
     -10.7673527464641161      5.0683241
     -10.1635327171067580      6.1479907
      -9.5597102553470528      7.5982342
      -8.9558853611184279      9.1148977
      -8.3520580344541742     10.3381243
      -7.7482282752544345     11.1520462
      -7.1443960836190632     12.1086359
      -6.5405614594814923     13.9029961
      -5.9367244028084389     16.3305187
      -5.3328849135666179     18.1349144
      -4.7290429918225962     18.2944603
      -4.1251986375098086     16.9202900
      -3.5213518506282533     15.2010651
      -2.9175026310780807     14.2153473
      -2.3136509789924244     13.7403145
      -1.7097968942714339     12.7385387
      -1.1059403769151090     11.1053782
      -0.5020814268568824      9.5134172
       0.1017799558366784      8.3019524
       0.7056437711655735      7.4839106
       1.3095100192629374      6.9255271
       1.9133786999956359      6.5647216
       2.5172498135633705      6.3857961
       3.1211233598330068      6.2357588
       3.7249993388045444      5.8721333
       4.3288777505445513      5.2044044
       4.9327585951861614      4.4055047
       5.5366418725296738      3.6968894
       6.1405275827082217      3.1102152
       6.7444157256552382      2.6075184
       7.3483063015704264      2.2421341
       7.9521993102540831      1.9169171
       8.5560947518393426      1.6394166
       9.1599926262596405      1.4135169
       9.7638929337146738      1.2435309
      10.3677956740047446      1.0944245
      10.9717008471964181      0.9446341
      11.5756084533562635      0.8185294
      12.1795184924842790      0.7336348
      12.7834309645804662      0.6522688
      13.3873458697113907      0.6057865
      13.9912632078104870      0.5214890
      14.5951829789443206      0.4853544
      15.1991051831128914      0.4219635
      15.8030298203162012      0.3908249
      16.4069568905542518      0.3646855
      17.0108863939601704      0.3419830
      17.6148183304008299      0.3201780
      18.2187526999427938      0.3172283
      18.8226895025860621      0.3147452
      19.4266287384637728      0.3111270
      20.0305704074427879      0.3048389
      20.6345145095231075      0.3112465
      21.2384610448378659      0.3035017
      21.8424100133870667      0.3114845
      22.4463614151041391      0.3204415
      23.0503152500556538      0.3242947
      23.6542715182416075      0.3249792
      24.2582302197285671      0.3171385
      24.8621913544499691      0.3325134
      25.4661549224723736      0.3188082
      26.0701209237292240      0.2853449
      26.6740893583536440      0.2633567
      27.2780602263456409      0.2743971
      27.8820335276386473      0.2642591
      28.4860092622992269      0.2535490
      29.0899874303273798      0.2387455
      29.6939680317896730      0.2221854
      30.2979510665529794      0.2041866
      30.9019365348169899      0.2103062
      31.5059244364485735      0.2071623
      32.1099147715808684      0.1916660
      32.7139075401473036      0.1638617
      33.3179027422144500      0.1589191
      33.9219003777157440      0.1699550
      34.5259004468508692      0.1294260
      35.1299029494201491      0.1178513
      35.7339078854901331      0.1156396
      36.3379152551273847      0.1155792
      36.9419250583984962      0.1074700
      37.5459372951703045      0.0907354
      38.1499519655759656      0.1025802
      38.7539690695488943      0.0862072
      39.3579886072222465      0.0685295
      39.9620105784628592      0.0667036
      40.5660349834038954      0.0355487
      41.1700618219787700      0.0394571
      41.7740910941874901      0.0536828
      42.3781228002297468      0.0526316
      42.9821569399058632      0.0409037
      43.5861935132823817      0.0313350
      44.1902325204258801      0.0321621
      44.7942739613363585      0.0256425
      45.3983178360138098      0.0195550
      46.0023641444582481      0.0175531
      46.6064128866696521      0.0281835
      47.2104640627811847      0.0085092
      47.8145176726596830      0.0243788
      48.4185737164383028      0.0223844
      49.0226321939838954      0.0219771
      49.6266931054961660      0.0038937
      50.2307564508419873      0.0217064
      50.8348222301544865      0.0127733
      51.4388904433005365      0.0159187
      52.0429610904798352      0.0150669
      52.6470341714926704      0.0040762
      53.2511096865387614     -0.0106773
      53.8551876354849597      0.0127574
      54.4592680185309703      0.0143869
      55.0633508355436661      0.0126149
      55.6674360865230398      0.0109002
      56.2715237716022330      0.0099010
      56.8756138907146678      0.0085179
      57.4797064438603584      0.0009698
      58.0838014311058544      0.0022642
      58.6878988524511698      0.0011244
      59.2919987079628683      0.0011872
      59.8961009975078156      0.0096351
      60.5002057212191460      0.0124008
      61.1043128790302816      0.0106819
      61.7084224710743712     -0.0088840
      62.3125344973514146     -0.0048124
      62.9166489577282704     -0.0089490
      63.5207658523380729     -0.0007131
      64.1248851811808294     -0.0020163
      64.7290069443231033      0.0072063
      65.3331311416317533      0.0108619
      65.9372577732399208      0.0170876
      66.5413868391476200     -0.0010775
      67.1455183394213861     -0.0007884
      67.7496522739281062      0.0023944
      68.3537886427343437      0.0118059
      68.9579274459066625      0.0181102
      69.5620686835116402      0.0050818
      70.1662123554161212     -0.0048838
      70.7703584617532613     -0.0133676
      71.3745070024564967      0.0082598
      71.9786579776589406      0.0094182
      72.5828113871608878      0.0004927
      73.1869672311620860     -0.0055954
      73.7911255096624785     -0.0011045
      74.3952862226620937      0.0031019
      74.9994493700943536     -0.0056535
      75.6036149520258505      0.0041253
      76.2077829684565557      0.0077047
      76.8119534195195968      0.0136068
      77.4161263050818746      0.0031641
      78.0203016252099530      0.0190609
      78.6244793799038035      0.0075513
      79.2286595692300040      0.0052950
      79.8328421931219907      0.0123572
      80.4370272516463274      0.0079990
      81.0412147448030282     -0.0000493
      81.6454046725920790     -0.0077462
      82.2495970351466070      0.0010424
      82.8537918322669213     -0.0005488
      83.4579890641527413      0.0067613
      84.0621887307374749     -0.0039160
      84.6663908320876999     -0.0149106
      85.2705953681368243     -0.0010421
      85.8748023388848765      0.0097408
      86.4790117444649979      0.0032438
      87.0832235848771603      0.0110499
      87.6874378600548283      0.0048071
      88.2916545699979736      0.0140015
      88.8958737147731739      0.0072404
      89.5000952945135708      0.0048657
      90.1043193090194450      0.0024528
      90.7085457583573742      0.0017257
      91.3127746426605000      0.0058377
      91.9170059618622304      0.0120070
      92.5212397159626079      0.0037726
      93.1254759049615899     -0.0025175
      93.7297145289257685     -0.0093761
      94.3339555879217073     -0.0027924
      94.9381990818162791     -0.0144019
      95.5424450107425969     -0.0075112
      96.1466933746340970      0.0117911
      96.7509441736239211      0.0032664
      97.3551974075789417      0.0037721
      97.9594530765657225      0.0039098
      98.5637111806508130      0.0013966
      99.1679717198342559     -0.0013020
      99.7722346941160083     -0.0003261
     100.3765001034960704      0.0007668
     100.9807679479744706      0.0001204
     101.5850382275511947      0.0078563
     102.1893109424259478      0.0142442
     102.7935860923324469      0.0011121
     103.3978636774704256      0.0049856
     104.0021436978398413     -0.0113395
     104.6064261534407223      0.0005100
     105.2107110442065050      0.0006251
     105.8149983702037247      0.0104363
     106.4192881314324381      0.0094765
     107.0235803280257159     -0.0108212
     107.6278749598504589      0.0079526
     108.2321720269732310      0.0120765
     108.8364715294605958     -0.0060036
     109.4407734672459895      0.0040374
     110.0450778403959760      0.0003604
     110.6493846488439914      0.0124629
     111.2536938927231489      0.0100243
     111.8580055719669133     -0.0144912
     112.4623196866418482      0.0250284
     113.0666362366813757      0.0104847
     113.6709552222186232     -0.0065463
     114.2752766431870270     -0.0041269
     114.8796004995866014      0.0169292
     115.4839267914838814      0.0159672
     116.0882555188789098      0.0146919
     116.6925866817716724      0.0095207
     117.2969202802287185      0.0116443
     117.9012563141169210      0.0089803
     118.5055947836359991      0.0070226
     119.1099356887193750      0.0034744
     119.7142790293670203     -0.0117197
     120.3186248056455554      0.0103224
     120.9229730174883741     -0.0120498
     121.5273236649620685     -0.0076404
     122.1316767480666101     -0.0053156
     122.7360322668685910     -0.0208626
     123.3403902213014192     -0.0048599
     123.9447506114316866      0.0195680
     124.5491134372593933      0.0127787
     125.1534786987845251     -0.0083620
     125.7578463960736599     -0.0003147
     126.3622165290602197      0.0076672
     126.9665890978773319      0.0071137
     127.5709641023918834     -0.0084024
     128.1753415427370157     -0.0120245
     128.7797214188461226      0.0014851
     129.3841037307857960     -0.0028086
     129.9884884785560359      0.0042136
     130.5928756621568425      0.0001119
     131.1972652816547793      0.0002181
     131.8016573370498747     -0.0071607
     132.4060518282754799      0.0039897
     133.0104487553982722      0.0015030
     133.6148481184847299      0.0028944
     134.2192499175349099      0.0086269
     134.8236541524821916      0.0030766
     135.4280608233931957      0.0021493
     136.0324699302678937      0.0030035
     136.6368814731728776      0.0030435
     137.2412954520415269     -0.0154298
     137.8457118669404622     -0.0021071
     138.4501307178696550     -0.0084860
     139.0545520049622326      0.0008312
     139.6589757280185324      0.0095940
     140.2634018871716819      0.0072626
     140.8678304823550604     -0.0052234
     141.4722615137684443     -0.0206441
     142.0766949812786208     -0.0133002
     142.6811308848856470      0.0036269
     143.2855692246560864      0.0043883
     143.8900100005899105      0.0100237
     144.4944532127537116      0.0058249
     145.0988988610809258      0.0067767
     145.7033469456380885     -0.0091549
     146.3077974663586645      0.0033841
     146.9122504234423445      0.0151602
     147.5167058166894378      0.0042142
     148.1211636462330432     -0.0053255
     148.7256239120732175      0.0010976
     149.3300866142764676      0.0013768
     149.9345517527096661      0.0012308
     150.5390193275059971      0.0080419
     151.1434893385988403      0.0120147
     151.7479617861213512      0.0032195
     152.3524366700070232      0.0051200
     152.9569139902557424      0.0079558
     153.5613937469341579     -0.0145141
     154.1658759400422412      0.0032205
     154.7703605695799638      0.0090060
     155.3748476354808190     -0.0042273
     155.9793371379444693     -0.0028704
     156.5838290769043795      0.0021833
     157.1883234522939290     -0.0097748
     157.7928202641797384      0.0040796
     158.3973195126283429      0.0089953
     159.0018211975731788     -0.0151576
     159.6063253191473734     -0.0020325
     160.2108318772844200     -0.0149198
     160.8153408719176696     -0.0118314
     161.4198523031802779      0.0011685
     162.0243661711388654     -0.0160067
     162.6288824755936844      0.0013936
     163.2334012167444257      0.0045470
     163.8379223945910894     -0.0047049
     164.4424460090671403     -0.0156297
     165.0469720602391419     -0.0018181
     165.6515005481070943     -0.0018417
     166.2560314726709692      0.0051374
     166.8605648340638936     -0.0098438
     167.4651006320862621     -0.0039460
     168.0696388668710597     -0.0016471
     168.6741795384849922      0.0133674
     169.2787226468613540      0.0085140
     169.8832681920668790      0.0074984
     170.4878161740348332      0.0012772
     171.0923665928319224      0.0051002
     171.6969194485911885      0.0015525
     172.3014747411129690     -0.0062087
     172.9060324705303913      0.0048834
     173.5105926367768916      0.0090891
     174.1151552400521609      0.0006422
     174.7197202801565084     -0.0127265
     175.3242877572230611     -0.0043855
     175.9288576712518193     -0.0089882
     176.5334300223093464     -0.0017077
     177.1380048102625437     -0.0112243
     177.7425820351779464      0.0050465
     178.3471616971220897      0.0053076
     178.9517437960950588     -0.0082125
     179.5563283322298958     -0.0072893
     180.1609153052604029      0.0108840
     180.7655047154527779      0.0108431
     181.3700965626739787      0.0004747
     181.9746908470570759     -0.0147447
     182.5792875684689136      0.0058041
     183.1838867270427045     -0.0021360
     183.7884883227117996     -0.0057689
     184.3930923556760035      0.0047571
     184.9976988256689197     -0.0001651
     185.6023077328903241      0.0034846
     186.2069190773402454     -0.0105070
     186.8115328590186266     -0.0125912
     187.4161490778589041      0.0032587
     188.0207677339942336      0.0014391
     188.6253888273580230      0.0042631
     189.2300123580834565     -0.0097749
     189.8346383260373500     -0.0011647
     190.4392667312197318     -0.0075603
     191.0438975738302929     -0.0026764
     191.6485308537359060     -0.0025892
     192.2531665710031064      0.0139814
     192.8578047256319223      0.0029984
     193.4624453175557903      0.0033124
     194.0670883470409933     -0.0017266
     194.6717338138212199     -0.0003856
     195.2763817180296257     -0.0045309
     195.8810320596662109     -0.0140385
     196.4856848387975390     -0.0162420
     197.0903400553570748     -0.0079527
     197.6949977094113535      0.0029658
     198.2996578008937831     -0.0036541
     198.9043203299375193      0.0125024
     199.5089852966091826     -0.0019626
     200.1136527007089967     -0.0104756
     200.7183225423701174     -0.0022097
     201.3229948215925731     -0.0184578
     201.9276695384429274     -0.0190011
     202.5323466929211236      0.0096117
     203.1370262848940911      0.0167811
     203.7417083145614924      0.0004542
     204.3463927819233561     -0.0160957
     204.9510796869130900     -0.0146675
     205.5557690295306941      0.0080546
     206.1604608098427605      0.0048192
     206.7651550279158812      0.0038267
     207.3698516836834074      0.0071426
     207.9745507771453674     -0.0060229
     208.5792523083683818      0.0026814
     209.1839562773524221      0.0157742
     209.7886626841639668      0.0131753
     210.3933715286700590      0.0018798
     210.9980828110036555     -0.0069289
     211.6027965312314620     -0.0114327
     212.2075126892868013     -0.0108847
     212.8122312851032234      0.0065824
     213.4169523188137418      0.0046124
     214.0216757904850056      0.0103721
     214.6264016999838304      0.0078134
     215.2311300473768085      0.0013746
     215.8358608326639398     -0.0081814
     216.4405940559783801     -0.0139984
     217.0453297171869451     -0.0140454
     217.6500678164228191      0.0019463
     218.2548083535527894     -0.0014957
     218.8595513287100971     -0.0009378
     219.4642967419612773      0.0046673
     220.0690445931731176     -0.0044714
     220.6737948824122668      0.0059810
     221.2785476096786965      0.0019252
     221.8833027751055909     -0.0027181
     222.4880603785597089      0.0031772
     223.0928204201077278      0.0118901
     223.6975828997495341     -0.0035597
     224.3023478176183687      0.0034883
     224.9071151735144838      0.0083713
     225.5118849676376271      0.0064131
     226.1166571999211499     -0.0121721
     226.7214318704316725     -0.0229439
     227.3262089791025744     -0.0263651
     227.9309885260005331     -0.0106578
     228.5357705110588711     -0.0124326
     229.1405549344773078      0.0001598
     229.7453417961227728     -0.0034948
     230.3501310960617730      0.0053950
     230.9549228342277729      0.0009444
     231.5597170107539000     -0.0107191
     232.1645136255735622      0.0049498
     232.7693126787533515      0.0063409
     233.3741141702932680     -0.0029050
     233.9789181001932832      0.0020205
     234.5837244684534539     -0.0059776
     235.1885332750737518     -0.0013112
     235.7933445201207121      0.0007933
     236.3981582036609552      0.0015185
     237.0029743256278323     -0.0005021
     237.6077928859548933      0.0042853
     238.2126138848417725      0.0068955
     238.8174373221553140      0.0157633
     239.4222631980286735     -0.0184211
     240.0270915123953159     -0.0005612
     240.6319222652551844     -0.0143379
     241.2367554566748993      0.0046481
     241.8415910866544323     -0.0060967
     242.4464291551937833     -0.0020137
     243.0512696623595446     -0.0005028
     243.6561126080851238      0.0088467
     244.2609579924370848      0.0064918
     244.8658058154154276      0.0021012
     245.4706560770201804     -0.0071906
     246.0755087773178786     -0.0110229
     246.6803639163085506     -0.0158583
     247.2852214939921680     -0.0056786
     247.8900815103021671      0.0109840
     248.4949439653717320      0.0088235
     249.0998088592673696      0.0048769
     249.7046761917893889      0.0001202
     250.3095459631375093      0.0027142
     250.9144181732451386      0.0051761
     251.5192928221788691      0.0009749
     252.1241699098721369      0.0042536
     252.7290494363914775      0.0142350
     253.3339314017369190     -0.0004613
     253.9388158059750253     -0.0017479
     254.5437026490392327     -0.0017351
     255.1485919309961048      0.0048480
     255.7534836518456416     -0.0035931
     256.3583778117209704      0.0124013
     256.9632744103557798     -0.0129017
     257.5681734480164096      0.0125046
     258.1730749245697325      0.0185856
     258.7779788401488190      0.0051198
     259.3828851947536691      0.0026715
     259.9877939883177760      0.0067074
     260.5927052208411396     -0.0033648
     261.1976188924568305     -0.0015451
     261.8025350030983418      0.0150129
     262.4074535528321803      0.0137643
     263.0123745415918393     -0.0034067
     263.6172979694438823      0.0026970
     264.2222238363882525     -0.0038525
     264.8271521424915136      0.0094366
     265.4320828876872724      0.0078201
     266.0370160720418085      0.0006705
     266.6419516956219695      0.0014442
     267.2468897582944010      0.0050309
     267.8518302601923438      0.0179363
     268.4567732012492343      0.0019704
     269.0617185815981998     -0.0036496
     269.6666664011726198     -0.0082214
     270.2716166599726080      0.0139790
     270.8765693579980507      0.0018187
     271.4815244953820752     -0.0077311
     272.0864820720582316     -0.0020158
     272.6914420879598424      0.0127690
     273.2964045432201488     -0.0044200
     273.9013694379056005      0.0003678
     274.5063367718831273      0.0131547
     275.1113065451527291     -0.0079660
     275.7162787579140968     -0.0020608
     276.3212534100340463      0.0030337
     276.9262305015792549     -0.0103439
     277.5312100325496090      0.0022706
     278.1361920029452222      0.0001962
     278.7411764127659808     -0.0039310
     279.3461632621451258      0.0110199
     279.9511525509494163     -0.0127884
     280.5561442792455296     -0.0050820
     281.1611384470999724      0.0004797
     281.7661350545126879      0.0127579
     282.3711341014172262     -0.0099481
     282.9761355878800373     -0.0033914
     283.5811395139011779      0.0078075
     284.1861458795472686      0.0033152
     284.7911546848183093     -0.0049637
     285.3961659296476228     -0.0058142
     286.0011796141018294     -0.0106078
     286.6061957383140566      0.0021811
     287.2112143020846133      0.0044915
     287.8162353056132474      0.0103590
     288.4212587487667747      0.0228318
     289.0262846316783794      0.0142308
     289.6313129542813840      0.0162504
     290.2363437166424660      0.0146516
     290.8413769186950049      0.0028698
     291.4464125606386915      0.0022636
     292.0514506422738350      0.0085161
     292.6564911636669990      0.0143291
     293.2615341249514245      0.0081948
     293.8665795260603772     -0.0071269
     294.4716273669274074     -0.0133164
     295.0766776477520921     -0.0007674
     295.6817303683349110      0.0202453
     296.2867855289420049     -0.0029592
     296.8918431293736830      0.0042965
     297.4969031696965089      0.0059213
     298.1019656499771031      0.0034593
     298.7070305701489019      0.0247663
     299.3120979304115394      0.0233160
     299.9171677304987611      0.0088200
     300.5222399706768215      0.0119635
     301.1273146508127070     -0.0038940
     301.7323917709728676     -0.0136242
     302.3374713311573032      0.0014608
     302.9425533314326344      0.0005350
     303.5476377716656771      0.0094760
     304.1527246521227426      0.0091784
     304.7578139726041968      0.0049978
     305.3629057331763761      0.0021139
     305.9679999338395078      0.0003349
     306.5730965747266055     -0.0009725
     307.1781956557046556      0.0051654
     307.7832971768400512     -0.0059065
     308.3884011381329628     -0.0060245
     308.9935075397163473      0.0167267
     309.5986163814572478      0.0091557
     310.2037276633556075      0.0081125
     310.8088413855444969      0.0023777
     311.4139575480905364      0.0042136
     312.0190761507939783      0.0054846
     312.6241971937880635      0.0089826
     313.2293206770726783     -0.0045517
     313.8344466007144433     -0.0055879
     314.4395749646467948      0.0002768
     315.0447057689362396     -0.0026566
     315.6498390135828913      0.0054679
     316.2549746986532000     -0.0123727
     316.8601128240141520     -0.0096926
     317.4652533897987610     -0.0053948
     318.0703963960070269      0.0122016
     318.6755418426391202      0.0045507
     319.2806897298279978     -0.0012393
     319.8858400573739686      0.0098401
     320.4909928254102738     -0.0030769
     321.0961480338702927      0.0043311
     321.7013056829536595     -0.0062665
     322.3064657725273037      0.0023927
     322.9116283025912821      0.0009996
     323.5167932732121017      0.0036138
     324.1219606844562691      0.0059091
     324.7271305361907707     -0.0013199
     325.3323028285486771      0.0156411
     325.9374775615299313     -0.0072848
     326.5426547351347040      0.0040093
     327.1478343493628245      0.0056989
     327.7530164042809133      0.0027641
     328.3582008998224637     -0.0049009
     328.9633878361204893     -0.0045213
     329.5685772130419764      0.0066921
     330.1737690306534319      0.0023140
     330.7789632890214193     -0.0127670
     331.3841599882125024     -0.0064649
     331.9893591280269902     -0.0047467
     332.5945607086646305      0.0002771
     333.1997647301253664     -0.0086198
     333.8049711923426344     -0.0058039
     334.4101800953829979      0.0021122
     335.0153914392465140      0.0029870
     335.6206052239331825      0.0020417
     336.2258214495760171     -0.0040658
     336.8310401160419474     -0.0099408
     337.4362612233310870      0.0078823
     338.0414847715763926      0.0027713
     338.6467107607114144     -0.0124797
     339.2519391908692228     -0.0043994
     339.8571700619167473     -0.0139030
     340.4624033739204947     -0.0080770
     341.0676391268805219     -0.0011843
     341.6728773208632788     -0.0216818
     342.2781179558689360     -0.0036349
     342.8833610318307592     -0.0095164
     343.4886065488820464     -0.0017350
     344.0938545070226837     -0.0102209
     344.6991049061861077     -0.0009209
     345.3043577463724318     -0.0009201
     345.9096130277146131     -0.0052696
     346.5148707502127650     -0.0017505
     347.1201309137337603     -0.0095228
     347.7253935184772331     -0.0037067
     348.3306585643101130      0.0001353
     348.9359260513655272      0.0079741
     349.5411959795767984     -0.0080179
     350.1464683490106609     -0.0067076
     350.7517431596004940      0.0115883
     351.3570204114793682     -0.0031807
     351.9623001045807769     -0.0138240
     352.5675822389711698     -0.0014927
     353.1728668145842107     -0.0099167
     353.7781538315529133      0.0198281
     354.3834432897440365      0.0208146
     354.9887351892908214     -0.0169973
     355.5940295301267042     -0.0150999
     356.1993263123182487     -0.0066232
     356.8046255359320185     -0.0014101
     357.4099272009014499      0.0031494
     358.0152313072265429     -0.0022772
     358.6205378549738043     -0.0033263
     359.2258468442098547     -0.0010618
     359.8311582748015667     -0.0018296
     360.4364721468155039      0.0040221
     361.0417884603182301     -0.0026178
     361.6471072153762520      0.0045131
     362.2524284118566129      0.0115585
     362.8577520498922695      0.0000005
     363.4630781293500945     -0.0094920
     364.0684066504964562      0.0025561
     364.6737376131316068     -0.0031348
     365.2790710172554896      0.0040351
     365.8844068630679089     -0.0070986
     366.4897451504356809     -0.0049191
     367.0950858794253691      0.0067853
     367.7004290500369166     -0.0132938
     368.3057746622704371     -0.0009625
     368.9111227161924376      0.0061505
     369.5164732118029178      0.0009201
     370.1218261490353143      0.0030441
     370.7271815280228111      0.0047973
     371.3325393486987309      0.0058352
     371.9378996111296942      0.0012009
     372.5432623152492511     -0.0016441
     373.1486274611903582      0.0002985
     373.7539950488865088     -0.0058538
     374.3593650784042666     -0.0052887
     374.9647375496771247      0.0105171
     375.5701124627715899      0.0170041
     376.1754898176876623     -0.0051518
     376.7808696145585259     -0.0041075
     377.3862518531843762      0.0032379
     377.9916365336984541     -0.0056488
     378.5970236561007596     -0.0274574
     379.2024132205243063     -0.0073363
     379.8078052267695170     -0.0092744
     380.4131996749029554     -0.0305017
     381.0185965650576918     -0.0054351
     381.6239958972337263     -0.0021785
     382.2293976712979315      0.0086275
     382.8348018873834917      0.0000472
     383.4402085454904068     -0.0165959
     384.0456176456186199     -0.0052971
     384.6510291878346948     -0.0042079
     385.2564431720055609     -0.0097493
     385.8618595983309092     -0.0030493
     386.4672784667441192     -0.0099781
     387.0726997772451909      0.0024607
     387.6781235298341244      0.0079283
     388.2835497245110332     -0.0029856
     388.8889783614089879     -0.0024589
     389.4944094404613111      0.0021365
     390.0998429616681733     -0.0105309
     390.7052789250294040      0.0090534
     391.3107173306782443      0.0008902
     391.9161581784816235      0.0099258
     392.5216014685059349     -0.0053841
     393.1270472008179127     -0.0113393
     393.7324953754173862     -0.0034630
     394.3379459922380192     -0.0186039
     394.9433990513460913     -0.0065294
     395.5488545527418864      0.0028210
     396.1543124964917411      0.0050003
     396.7597728826624461      0.0000290
     397.3652357110540834      0.0009134
     397.9707009818664574      0.0118634
     398.5761686950330045     -0.0146869
     399.1816388506868520     -0.0043021
     399.7871114486948159      0.0179104
     400.3925864890570097      0.0371776
     400.9980639719730107      0.0347176
     401.6035438973097484      0.0196588
     402.2090262650672230      0.0269055
     402.8145110753120548      0.0373241
     403.4199983281106938      0.0324967
     404.0254880233965764      0.0023590
     404.6309801612363799      0.0106826
     405.2364747415634270      0.0050611
     405.8419717644443949     -0.0136755
     406.4474712300122974     -0.0175295
     407.0529731380675571     -0.0018431
     407.6584774887431877     -0.0293418
     408.2639842820393596     -0.0119891
     408.8694935179558456     -0.0098644
     409.4750051965593798     -0.0136528
     410.0805193177832848     -0.0182249
     410.6860358816942380     -0.0062115
     411.2915548882921826     -0.0080536
     411.8970763376436821     -0.0120752
     412.5026002296156094     -0.0227516
     413.1081265644076552     -0.0141024
     413.7136553419532561     -0.0113107
     414.3191865621859051      0.0040871
     414.9247202252386728      0.0123855
     415.5302563311115591     -0.0025694
     416.1357948797380004     -0.0146158
     416.7413358713176876     -0.0027982
     417.3468793055844230      0.0031987
     417.9524251828044044      0.0091153
     418.5579735028445043     -0.0101949
     419.1635242657713434     -0.0029771
     419.7690774715848079      0.0040684
     420.3746331203515751     -0.0107644
     420.9801912120050247     -0.0007924
     421.5857517466783406     -0.0053316
     422.1913147242383388     -0.0007273
     422.7968801447515830     -0.0177192
     423.4024480082846935     -0.0161739
     424.0080183148376136     -0.0085832
     424.6135910644104001     -0.0015529
     425.2191662569363757      0.0058837
     425.8247438926153450      0.0010714
     426.4303239713142375     -0.0007044
     427.0359064930328827      0.0109518
     427.6414914579045217      0.0005957
     428.2470788658625338     -0.0037118
     428.8526687169734828      0.0010621
     429.4582610111709187      0.0041980
     430.0638557485212914     -0.0124736
     430.6694529290246010      0.0009550
     431.2750525528140884     -0.0035464
     431.8806546196898353     -0.0010823
     432.4862591297852532     -0.0091208
     433.0918660831001716     -0.0025083
     433.6974754797011542      0.0080100
     434.3030873195216941     -0.0028585
     434.9087016025617345     -0.0135023
     435.5143183289545163     -0.0002697
     436.1199374986333623      0.0066300
     436.7255591116648361      0.0077335
     437.3311831679159241     -0.0107835
     437.9368096675861466      0.0058539
     438.5424386105425469     -0.0016114
     439.1480699969847592      0.0141869
     439.7537038267130356      0.0081143
     440.3593400999271807     -0.0104941
     440.9649788164938968     -0.0074987
     441.5706199765464248     -0.0033709
     442.1762635799516943      0.0062153
     442.7819096268427757      0.0087050
     443.3875581172196121      0.0049086
     443.9932090511487672      0.0015503
     444.5988624285638480      0.0021685
     445.2045182494646269     -0.0025859
     445.8101765138512746     -0.0090646
     446.4158372219234252      0.0043691
     447.0215003734147672      0.0126353
     447.6271659685251052      0.0050576
     448.2328340072543256     -0.0023714
     448.8385044896025420     -0.0062687
     449.4441774155696407     -0.0145193
     450.0498527851556787     -0.0074582
     450.6555305983607127     -0.0064041
     451.2612108553177563     -0.0078680
     451.8668935558937960      0.0010634
     452.4725787001553385      0.0043138
     453.0782662881688907     -0.0135877
     453.6839563199345662     -0.0001725
     454.2896487953857445      0.0025761
     454.8953437145889893     -0.0051996
     455.5010410776108642     -0.0121977
     456.1067408843182420     -0.0012773
     456.7124431349774341      0.0015463
     457.3181478293220721     -0.0153032
     457.9238549675519607     -0.0060602
     458.5295645496004795      0.0063173
     459.1352765756008125      0.0037665
     459.7409910453530983      0.0007306
     460.3467079590573121     -0.0024159
     460.9524273166466060      0.0038323
     461.5581491181877709     -0.0081568
     462.1638733636140728      0.0042810
     462.7696000529921889      0.0066984
     463.3753291863220625     -0.0050679
     463.9810607637368207      0.0112333
     464.5867947850368864      0.0003996
     465.1925312503551595      0.0045849
     465.7982701596918673      0.0145033
     466.4040115131134598      0.0175417
     467.0097553105534303      0.0018945
     467.6155015520117217     -0.0046716
     468.2212502376214047     -0.0205742
     468.8270013673161429      0.0049371
     469.4327549411622726      0.0025953
     470.0385109590267803      0.0014779
     470.6442694211092430      0.0118951
     471.2500303273432678      0.0011874
     471.8557936777287409     -0.0010732
     472.4615594722657193     -0.0073968
     473.0673277110207096     -0.0092290
     473.6730983940603323      0.0015026
     474.2788715212514035     -0.0032927
     474.8846470927270502      0.0175378
     475.4904251084208227     -0.0048344
     476.0962055683992276     -0.0072370
     476.7019884727287717     -0.0065186
     477.3077738212763279     -0.0078363
     477.9135616141750802     -0.0044469
     478.5193518514250286      0.0081503
     479.1251445330261731     -0.0054571
     479.7309396589784569      0.0006875
     480.3367372292819368      0.0059064
     480.9425372439365560      0.0059727
     481.5483397031420623      0.0035486
     482.1541446066322578      0.0100090
     482.7599519546066631      0.0081787
     483.3657617469988850      0.0067817
     483.9715739839419939      0.0208413
     484.5773886653027489      0.0057969
     485.1832057911479410     -0.0010799
     485.7890253615439633      0.0113310
     486.3948473764908726      0.0086358
     487.0006718359221054      0.0098791
     487.6064987399042252      0.0076281
     488.2123280884371752      0.0073795
     488.8181598816541396      0.0053392
