Scan:    409          RBS2061 2015-10-23 +21 48 02.0
         OPTICAL                 Tb    
        km/s-LSR                 XX
    -549.0075427563162975      0.0081695
    -548.4058910622620715     -0.0055985
    -547.8042369488861141     -0.0004123
    -547.2025804161548876     -0.0037447
    -546.6009214640354230     -0.0008318
    -545.9992600924940689      0.0135231
    -545.3975963016309834      0.0011860
    -544.7959300913460083      0.0081681
    -544.1942614616061746     -0.0017949
    -543.5925904124444514     -0.0046312
    -542.9909169437945593      0.0053215
    -542.3892410557227777     -0.0022429
    -541.7875627481296306     -0.0042919
    -541.1858820210813974      0.0044586
    -540.5841988744450646      0.0011475
    -539.9825133083536457      0.0140233
    -539.3808253227073237     -0.0071404
    -538.7791349175062123      0.0035350
    -538.1774420927168876      0.0029822
    -537.5757468483062667      0.0075452
    -536.9740491843407426      0.0163038
    -536.3723491007871189      0.0105216
    -535.7706465975786614      0.0009862
    -535.1689416746821735      0.0034711
    -534.5672343321643893      0.0115358
    -533.9655245699918851      0.0017343
    -533.3638123881312367     -0.0036203
    -532.7620977865494751      0.0059121
    -532.1603807652131763     -0.0011646
    -531.5586613241888472     -0.0148800
    -530.9569394634098671      0.0182555
    -530.3552151828763499      0.0233855
    -529.7534884825882955     -0.0018394
    -529.1517593624457731      0.0015831
    -528.5500278225487136      0.0048029
    -527.9482938628306101      0.0032633
    -527.3465574832580387     -0.0207287
    -526.7448186838309994      0.0074782
    -526.1430774645497195     -0.0034989
    -525.5413338254138580     -0.0175704
    -524.9395877663903320      0.0017927
    -524.3378392874458314      0.0052960
    -523.7360883885137355      0.0020211
    -523.1343350697272854     -0.0027889
    -522.5325793309865503     -0.0044257
    -521.9308211722583337      0.0020967
    -521.3290605935758322      0.0075069
    -520.7272975948392286     -0.0112673
    -520.1255321761150299     -0.0126083
    -519.5237643374032359     -0.0067660
    -518.9219940786373400     -0.0160965
    -518.3202213997841454     -0.0040951
    -517.7184463009100455     -0.0004535
    -517.1166687819485333      0.0125756
    -516.5148888428664122     -0.0083470
    -515.9131064836968790     -0.0034765
    -515.3113217043733130      0.0043733
    -514.7095345049291382     -0.0055054
    -514.1077448853309306     -0.0038297
    -513.5059528455788040      0.0034992
    -512.9041583856061379     -0.0044541
    -512.3023615054129323     -0.0041753
    -511.7005622050657507      0.0063389
    -511.0987604844647763     -0.0005833
    -510.4969563436432622      0.0077765
    -509.8951497825013348     -0.0051516
    -509.2933408011389247     -0.0130546
    -508.6915293994893545     -0.0044177
    -508.0897155775526812      0.0089158
    -507.4878993352956513     -0.0071839
    -506.8860806726517012     -0.0120435
    -506.2842595897205911      0.0082084
    -505.6824360864025607     -0.0035996
    -505.0806101627308635     -0.0147593
    -504.4787818186721893      0.0022063
    -503.8769510541600880      0.0018880
    -503.2751178692942062      0.0216565
    -502.6732822639748406     -0.0019926
    -502.0714442382019911      0.0045127
    -501.4696037919422906     -0.0077524
    -500.8677609252291063      0.0023232
    -500.2659156380291279      0.0095802
    -499.6640679303422985      0.0046103
    -499.0622178021353648     -0.0024434
    -498.4603652533086233     -0.0114398
    -497.8585102840282275     -0.0023111
    -497.2566528941612205     -0.0007887
    -496.6547930837076024      0.0074779
    -496.0529308526673162      0.0020564
    -495.4510662009737416     -0.0009844
    -494.8491991287269229     -0.0052613
    -494.2473296358267589      0.0058026
    -493.6454577222734201      0.0027594
    -493.0435833880003429     -0.0077124
    -492.4417066330739772     -0.0082161
    -491.8398274574943798      0.0005420
    -491.2379458611950440     -0.0011879
    -490.6360618441426027     -0.0081610
    -490.0341754063371127      0.0026128
    -489.4322865478118274      0.0061722
    -488.8303952685001832      0.0008539
    -488.2285015684354335     -0.0098716
    -487.6266054475178180      0.0058967
    -487.0247069058139004      0.0047228
    -486.4228059433235103     -0.0028554
    -485.8209025599470010     -0.0097916
    -485.2189967557507657     -0.0023341
    -484.6170885306017908      0.0027928
    -484.0151778846332036      0.0012465
    -483.4132648177784404      0.0064802
    -482.8113493300041341     -0.0010987
    -482.2094314212770314     -0.0010389
    -481.6075110915971891     -0.0054541
    -481.0055883409645503      0.0052340
    -480.4036631693791719      0.0027276
    -479.8017355768077437      0.0120469
    -479.1998055631837019     -0.0034881
    -478.5978731286068069     -0.0033642
    -477.9959382729772983     -0.0014524
    -477.3940009962952331     -0.0028855
    -476.7920612985938078     -0.0087766
    -476.1901191797398951     -0.0033231
    -475.5881746398333121     -0.0049789
    -474.9862276788409190     -0.0058817
    -474.3842782967292351     -0.0006867
    -473.7823264934651775      0.0120321
    -473.1803722690152654     -0.0007319
    -472.5784156234462330     -0.0070936
    -471.9764565567246564     -0.0042025
    -471.3744950687840856      0.0050014
    -470.7725311595912103      0.0015098
    -470.1705648292457909      0.0023098
    -469.5685960776481238      0.0004473
    -468.9666249047980386     -0.0016402
    -468.3646513106957059      0.0007239
    -467.7626752952411948      0.0064403
    -467.1606968585675759     -0.0001227
    -466.5587160005750889      0.0026089
    -465.9567327212637338     -0.0000258
    -465.3547470206002004      0.0009860
    -464.7527588985511784      0.0017071
    -464.1507683551832883     -0.0023606
    -463.5487753904299097      0.0024947
    -462.9467800042577892     -0.0078618
    -462.3447821966669267     -0.0050577
    -461.7427819676573790      0.0001382
    -461.1407793172289757     -0.0002084
    -460.5387742453486339      0.0085809
    -459.9367667519829865      0.0019252
    -459.3347568370986664      0.0005009
    -458.7327445007623510     -0.0021936
    -458.1307297429074765      0.0048939
    -457.5287125635339862      0.0065810
    -456.9266929626085698     -0.0038615
    -456.3246709400980876      0.0049279
    -455.7226464960356793      0.0048302
    -455.1206196303880915      0.0003008
    -454.5185903431553243      0.0035175
    -453.9165586342708707      0.0087312
    -453.3145245037679842     -0.0040363
    -452.7124879516465512      0.0015470
    -452.1104489778734887     -0.0080062
    -451.5084075824153729     -0.0067782
    -450.9063637652056400     -0.0025126
    -450.3043175263442777     -0.0043756
    -449.7022688657645517     -0.0070284
    -449.1002177834665190     -0.0031660
    -448.4981642794169261     -0.0046366
    -447.8961083535491525     -0.0038194
    -447.2940500059631290      0.0025277
    -446.6919892365921783     -0.0121992
    -446.0899260454031605      0.0000204
    -445.4878604323293985      0.0037897
    -444.8857923975040194     -0.0078945
    -444.2837219407939529     -0.0029593
    -443.6816490622657625     -0.0107854
    -443.0795737618195176      0.0038377
    -442.4774960394552750      0.0028779
    -441.8754158952064017      0.0018622
    -441.2733333290394739     -0.0020830
    -440.6712483409545484      0.0077275
    -440.0691609309183150      0.0099919
    -439.4670710988309565      0.0125782
    -438.8649788448588538      0.0019324
    -438.2628841688689931      0.0089294
    -437.6607870708612040      0.0054943
    -437.0586875508022899     -0.0104519
    -436.4565856087255611      0.0005013
    -435.8544812445977072      0.0001399
    -435.2523744584186716      0.0021331
    -434.6502652501552575     -0.0050189
    -434.0481536197407877      0.0061824
    -433.4460395672419963     -0.0046152
    -432.8439230926587697     -0.0061202
    -432.2418041958911772     -0.0111983
    -431.6396828769394460      0.0014078
    -431.0375591358699126     -0.0007516
    -430.4354329726161836      0.0029112
    -429.8333043871448353     -0.0050104
    -429.2311733794559814     -0.0135139
    -428.6290399495163115      0.0031823
    -428.0269040973590222     -0.0017192
    -427.4247658229509170     -0.0092304
    -426.8226251262586857      0.0019830
    -426.2204820073156952      0.0077118
    -425.6183364659886479      0.0059193
    -425.0161885023775312      0.0044749
    -424.4140381164822884      0.0071257
    -423.8118853082030455      0.0035590
    -423.2097300775065492     -0.0040978
    -422.6075724245259835      0.0146183
    -422.0054123491281075      0.0110749
    -421.4032498513130349      0.0043726
    -420.8010849311139054      0.0072556
    -420.1989175883977623     -0.0052370
    -419.5967478232976191      0.0058033
    -418.9945756357469122      0.0027795
    -418.3924010256791348     -0.0020869
    -417.7902239931607369     -0.0005176
    -417.1880445380588185      0.0038235
    -416.5858626605062227      0.0020368
    -415.9836783604033030     -0.0060727
    -415.3814916377500026     -0.0000292
    -414.7793024924797578      0.0022742
    -414.1771109246923857      0.0048535
    -413.5749169342880123      0.0093885
    -412.9727205213000047      0.0057830
    -412.3705216856617426     -0.0038535
    -411.7683204273399724      0.0016744
    -411.1661167464345112      0.0015208
    -410.5639106428455420      0.0052999
    -409.9617021165730648      0.0116264
    -409.3594911676170227      0.0040290
    -408.7572777958776555     -0.0019717
    -408.1550620014880337     -0.0081860
    -407.5528437843150300     -0.0015184
    -406.9506231444252080      0.0064374
    -406.3484000817187507      0.0047502
    -405.7461745962621649      0.0046990
    -405.1439466879890006     -0.0009893
    -404.5417163569323407      0.0115961
    -403.9394836030258489     -0.0071241
    -403.3372484262361013     -0.0012624
    -402.7350108266297184      0.0046724
    -402.1327708041733331      0.0122944
    -401.5305283588004386      0.0061291
    -400.9282834905443451     -0.0031092
    -400.3260361993051788     -0.0021381
    -399.7237864852161238      0.0022131
    -399.1215343481438822      0.0076147
    -398.5192797881219349     -0.0076980
    -397.9170228050836045     -0.0064489
    -397.3147633990954546     -0.0090946
    -396.7125015701242887      0.0015034
    -396.1102373181367398      0.0039504
    -395.5079706430994975     -0.0000885
    -394.9057015449460550      0.0061217
    -394.3034300238095966     -0.0008449
    -393.7011560795901346      0.0151346
    -393.0988797122545293      0.0060442
    -392.4966009218359773     -0.0033164
    -391.8943197082346046      0.0063381
    -391.2920360715503989      0.0017633
    -390.6897500117166260      0.0057281
    -390.0874615287333995     -0.0066777
    -389.4851706225007888     -0.0047392
    -388.8828772931519211     -0.0001755
    -388.2805815405537828     -0.0116568
    -387.6782833647395705      0.0001320
    -387.0759827657092842     -0.0056480
    -386.4736797433631068     -0.0096624
    -385.8713742978008554     -0.0021873
    -385.2690664289559663      0.0097377
    -384.6667561368284396     -0.0082102
    -384.0644434213185150     -0.0101176
    -383.4621282825591493      0.0088838
    -382.8598107204172720      0.0051570
    -382.2574907349596174     -0.0033867
    -381.6551683261193944     -0.0006877
    -381.0528434938300961     -0.0079732
    -380.4505162381917103     -0.0079738
    -379.8481865591706992      0.0071850
    -379.2458544567007834      0.0069424
    -378.6435199307817356     -0.0019492
    -378.0411829813803593     -0.0097699
    -377.4388436085300214     -0.0093646
    -376.8365018121972412      0.0084078
    -376.2341575923821893      0.0062377
    -375.6318109489849348     -0.0080890
    -375.0294618821053518     -0.0010422
    -374.4271103916768766     -0.0014667
    -373.8247564776995091      0.0007132
    -373.2224001401399960     -0.0005889
    -372.6200413789316599      0.0010036
    -372.0176801941744884      0.0043535
    -371.4153165858350576      0.0005128
    -370.8129505538136641     -0.0054702
    -370.2105820981767579     -0.0001562
    -369.6082112187912685      0.0061102
    -369.0058379158236335      0.0173502
    -368.4034621891406118     -0.0027647
    -367.8010840387423741     -0.0049808
    -367.1987034645954395      0.0008308
    -366.5963204667664854     -0.0019446
    -365.9939350451556948      0.0045858
    -365.3915471997962641     -0.0047890
    -364.7891569306549400     -0.0013659
    -364.1867642376985259      0.0025796
    -363.5843691209601047     -0.0032638
    -362.9819715803733402     -0.0025870
    -362.3795716159713720     -0.0155755
    -361.7771692277209468     -0.0026779
    -361.1747644155555008      0.0088111
    -360.5723571795416547      0.0097035
    -359.9699475196460412     -0.0003003
    -359.3675354358353502      0.0089667
    -358.7651209280764419      0.0122716
    -358.1627039963692027      0.0071608
    -357.5602846407469428      0.0064723
    -356.9578628611430986      0.0110645
    -356.3554386575576700      0.0072552
    -355.7530120299240934      0.0020960
    -355.1505829783421859      0.0060988
    -354.5481515027121304      0.0078427
    -353.9457176030339269      0.0053307
    -353.3432812793075755      0.0068313
    -352.7408425314665124      0.0074370
    -352.1384013595773013     -0.0009643
    -351.5359577636066319      0.0014245
    -350.9335117435212510      0.0039933
    -350.3310632992213414      0.0087117
    -349.7286124308399167      0.0015733
    -349.1261591383105269      0.0094073
    -348.5237034215998619     -0.0019255
    -347.9212452807079217     -0.0056041
    -347.3187847155347754      0.0040589
    -346.7163217262136641      0.0003842
    -346.1138563126780241      0.0008681
    -345.5113884748612350      0.0049138
    -344.9089182127964932      0.0122266
    -344.3064455264174057      0.0048281
    -343.7039704157904794      0.0013429
    -343.1014928808490936      0.0102914
    -342.4990129215933052      0.0167742
    -341.8965305379564938      0.0061476
    -341.2940457300053367      0.0095395
    -340.6915584976731566      0.0062086
    -340.0890688409932068      0.0087153
    -339.4865767599323476      0.0103082
    -338.8840822543906484      0.0127685
    -338.2815853244679261      0.0099432
    -337.6790859700976171      0.0047744
    -337.0765841913130885      0.0074087
    -336.4740799880477198      0.0154796
    -335.8715733602348905      0.0119575
    -335.2690643079745314      0.0020578
    -334.6665528312333890     -0.0029502
    -334.0640389299447293      0.0136531
    -333.4615226040754692      0.0199698
    -332.8590038536920588      0.0188000
    -332.2564826787279344      0.0149442
    -331.6539590791831529      0.0100581
    -331.0514330550576574      0.0073587
    -330.4489046062516309      0.0098222
    -329.8463737328982006      0.0044348
    -329.2438404348642393      0.0180951
    -328.6413047121829436      0.0115390
    -328.0387665647878634      0.0161172
    -327.4362259927788728      0.0192234
    -326.8336829960227305      0.0158114
    -326.2311375745860005      0.0074339
    -325.6285897284022326      0.0028399
    -325.0260394574380598      0.0145718
    -324.4234867617267355      0.0126802
    -323.8209316412683165     -0.0029238
    -323.2183740960294926      0.0033630
    -322.6158141259770673      0.0148865
    -322.0132517310443063      0.0182201
    -321.4106869113644507      0.0133308
    -320.8081196668043731      0.0168706
    -320.2055499973973269      0.0007580
    -319.6029779030434952     -0.0067158
    -319.0004033838426949      0.0001011
    -318.3978264397616158     -0.0043446
    -317.7952470707670614     -0.0063543
    -317.1926652768256076     -0.0067017
    -316.5900810578708615      0.0040321
    -315.9874944140025832      0.0037396
    -315.3849053451874624      0.0065315
    -314.7823138513256822      0.0069198
    -314.1797199324838061     -0.0031764
    -313.5771235885952706     -0.0024631
    -312.9745248196933289      0.0067746
    -312.3719236257114744      0.0112731
    -311.7693200067162138      0.0043132
    -311.1667139625411664     -0.0115365
    -310.5641054933528267     -0.0005719
    -309.9614945990511501      0.0085179
    -309.3588812796029970      0.0068632
    -308.7562655350083105      0.0065994
    -308.1536473652338373     -0.0009552
    -307.5510267703461409      0.0062763
    -306.9484037502454044     -0.0041598
    -306.3457783049648242      0.0006918
    -305.7431504344711470     -0.0147305
    -305.1405201386978661     -0.0011856
    -304.5378874177114881      0.0036931
    -303.9352522714787028      0.0036843
    -303.3326146999996240      0.0123088
    -302.7299747031742641     -0.0023344
    -302.1273322810693003      0.0002817
    -301.5246874336514225     -0.0044096
    -300.9220401609205737      0.0008874
    -300.3193904628435007      0.0104640
    -299.7167383393536966      0.0041646
    -299.1140837905509215     -0.0063199
    -298.5114268163353586     -0.0026415
    -297.9087674167403179      0.0028844
    -297.3061055916991791      0.0045412
    -296.7034413412119989     -0.0081081
    -296.1007746653120876      0.0099973
    -295.4981055639327110      0.0091163
    -294.8954340370740965      0.0065102
    -294.2927600847028202      0.0024951
    -293.6900837068521923      0.0076110
    -293.0874049034888458     -0.0057919
    -292.4847236745796408     -0.0032459
    -291.8820400201245207      0.0015340
    -291.2793539400569216      0.0039273
    -290.6766654344767176      0.0112472
    -290.0739745032840347      0.0030753
    -289.4712811464787592      0.0016201
    -288.8685853640611185      0.0042532
    -288.2658871559310683      0.0040840
    -287.6631865222219062     -0.0022719
    -287.0604834628668414      0.0051166
    -286.4577779777995943      0.0003638
    -285.8550700669866274     -0.0066182
    -285.2523597304946179     -0.0112033
    -284.6496469683235659     -0.0057510
    -284.0469317803735976      0.0101534
    -283.4442141666780799      0.0076901
    -282.8414941271702787      0.0055461
    -282.2387716619169282      0.0066512
    -281.6360467708846613      0.0038638
    -281.0333194540069144     -0.0001753
    -280.4305897112836874      0.0066922
    -279.8278575427482906      0.0076364
    -279.2251229483341604     -0.0010977
    -278.6223859280745501     -0.0081630
    -278.0196464819361495      0.0040848
    -277.4169046098191984      0.0027909
    -276.8141603118567105      0.0053512
    -276.2114135879489254     -0.0002256
    -275.6086644381290967     -0.0037782
    -275.0059128622974640      0.0071180
    -274.4031588604871104      0.0027934
    -273.8004024326981494      0.0065391
    -273.1976435789306947      0.0063447
    -272.5948822991512657      0.0212169
    -271.9921185932601020      0.0094010
    -271.3893524613903878     -0.0075471
    -270.7865839034421924     -0.0096107
    -270.1838129194488261      0.0023761
    -269.5810395093437251     -0.0058769
    -268.9782636730602690      0.0038629
    -268.3754854107316987     -0.0037809
    -267.7727047222580836      0.0057446
    -267.1699216076394805      0.0099365
    -266.5671360668425223      0.0036291
    -265.9643480998340124      0.0004048
    -265.3615577066804576     -0.0025041
    -264.7587648872819841      0.0050213
    -264.1559696417052692      0.0013684
    -263.5531719698170718      0.0031472
    -262.9503718717173228     -0.0050296
    -262.3475693473727119      0.0002227
    -261.7447643967166186      0.0054201
    -261.1419570197823532     -0.0036412
    -260.5391472165034088      0.0005418
    -259.9363349869129820     -0.0013704
    -259.3335203310111297      0.0019501
    -258.7307032487312881      0.0049001
    -258.1278837401067108      0.0058189
    -257.5250618050042704      0.0055056
    -256.9222374435904044      0.0085757
    -256.3194106557652390     -0.0019515
    -255.7165814414622105     -0.0069352
    -255.1137498007146007     -0.0063432
    -254.5109157335557200     -0.0001552
    -253.9080792398856659      0.0026417
    -253.3052403197710589      0.0010817
    -252.7023989731120253     -0.0023297
    -252.0995551999418183      0.0061271
    -251.4967090002272130      0.0047956
    -250.8938603740014628      0.0087302
    -250.2910093212312859     -0.0011478
    -249.6881558418501186     -0.0085483
    -249.0852999358579325     -0.0079374
    -248.4824416032880663      0.0060550
    -247.8795808441072097      0.0019678
    -247.2767176582820241      0.0038477
    -246.6738520457793129      0.0032867
    -246.0709840066323579     -0.0109248
    -245.4681135408410739     -0.0065805
    -244.8652406483389541     -0.0069090
    -244.2623653291259984      0.0001381
    -243.6594875831689251      0.0029102
    -243.0566074105009875     -0.0038902
    -242.4537248110556504      0.0082017
    -241.8508397848994775      0.0094157
    -241.2479523319325949      0.0020372
    -240.6450624521217208      0.0045882
    -240.0421701455334471      0.0055312
    -239.4392754121677740     -0.0021208
    -238.8363782519248275     -0.0011897
    -238.2334786647713258      0.0041722
    -237.6305766508403963     -0.0055165
    -237.0276722099989684      0.0020754
    -236.4247653422469568      0.0058522
    -235.8218560476177004      0.0051957
    -235.2189443259780148     -0.0013279
    -234.6160301774611128     -0.0009194
    -234.0131136019670919     -0.0007072
    -233.4101945995292056     -0.0004999
    -232.8072731701142288      0.0060078
    -232.2043493136222878     -0.0003259
    -231.6014230301865098      0.0040779
    -230.9984943197070493     -0.0018055
    -230.3955631821838779      0.0031593
    -229.7926296175504888      0.0173557
    -229.1896936258734456      0.0060350
    -228.5867552071526916      0.0023219
    -227.9838143612883812     -0.0056522
    -227.3808710883471633     -0.0140463
    -226.7779253881958255      0.0022039
    -226.1749772609342131     -0.0034648
    -225.5720267065290727     -0.0035953
    -224.9690737249471510      0.0072582
    -224.3661183161217991      0.0020469
    -223.7631604801529193      0.0011867
    -223.1602002169406944     -0.0063191
    -222.5572375265183496     -0.0109939
    -221.9542724088526029     -0.0051126
    -221.3513048638436658     -0.0060543
    -220.7483348916246086      0.0041425
    -220.1453624920955860     -0.0017651
    -219.5423876652566264      0.0019960
    -218.9394104111077297     -0.0021313
    -218.3364307295823039     -0.0005159
    -217.7334486207469411     -0.0054511
    -217.1304640845350207      0.0019767
    -216.5274771209465996     -0.0010623
    -215.9244877298818324     -0.0011080
    -215.3214959115070712      0.0026330
    -214.7185016656892458     -0.0050195
    -214.1155049924283560     -0.0092143
    -213.5125058916910916     -0.0002479
    -212.9095043634441708      0.0023406
    -212.3065004077874391     -0.0033373
    -211.7034940246210510      0.0080990
    -211.1004852139450065      0.0056414
    -210.4974739757260522     -0.0084270
    -209.8944603099308779     -0.0040172
    -209.2914442165927369     -0.0099385
    -208.6884256957116861     -0.0060920
    -208.0854047472543868      0.0132965
    -207.4823813711210505     -0.0056055
    -206.8793555674447475     -0.0155664
    -206.2763273361256893     -0.0038393
    -205.6732966771638189     -0.0116505
    -205.0702635905258830      0.0037096
    -204.4672280761785998     -0.0059817
    -203.8641901341885330     -0.0004978
    -203.2611497644891188      0.0102230
    -202.6581069670803288     -0.0024549
    -202.0550617419289097      0.0069969
    -201.4520140890015796     -0.0066988
    -200.8489640083315919     -0.0002184
    -200.2459114999190035      0.0016060
    -199.6428565636971655      0.0011454
    -199.0397991995995710     -0.0106333
    -198.4367394077593474      0.0009696
    -197.8336771880433389     -0.0096943
    -197.2306125405181376     -0.0031018
    -196.6275454651171515      0.0008363
    -196.0244759617738168      0.0024277
    -195.4214040305880076      0.0052306
    -194.8183296714931600      0.0004885
    -194.2152528844892174     -0.0020008
    -193.6121736695429831     -0.0052411
    -193.0090920265877799     -0.0095731
    -192.4060079557235667     -0.0061891
    -191.8029214568504131     -0.0091230
    -191.1998325300016859     -0.0203948
    -190.5967411750774545      0.0024367
    -189.9936473921775928     -0.0029739
    -189.3905511812688189     -0.0075656
    -188.7874525422845977     -0.0033999
    -188.1843514752249007      0.0014891
    -187.5812479800231358     -0.0041024
    -186.9781420567791770      0.0041978
    -186.3750337054264890     -0.0010035
    -185.7719229259317615     -0.0005428
    -185.1688097182949662     -0.0059133
    -184.5656940824495678      0.0036044
    -183.9625760184954402     -0.0111774
    -183.3594555263326527     -0.0014146
    -182.7563326059945723     -0.0040834
    -182.1532072573480150      0.0117392
    -181.5500794805594467      0.0076864
    -180.9469492754956832      0.0047252
    -180.3438166421900064      0.0048400
    -179.7406815806091629     -0.0041222
    -179.1375440906865890     -0.0138650
    -178.5344041724888768     -0.0080001
    -177.9312618259826593      0.0010719
    -177.3281170511347113     -0.0054077
    -176.7249698479116944      0.0005813
    -176.1218202163469755      0.0047479
    -175.5186681564405262     -0.0036352
    -174.9155136680924443      0.0031631
    -174.3123567513693501     -0.0030488
    -173.7091974061713984     -0.0081884
    -173.1060356325650957      0.0040283
    -172.5028714305504991     -0.0078525
    -171.8997048000277346     -0.0109483
    -171.2965357410301124      0.0060407
    -170.6933642534910405      0.0055453
    -170.0901903375103643     -0.0032027
    -169.4870139929882384     -0.0074289
    -168.8838352199246913     -0.0006894
    -168.2806540182531307     -0.0085685
    -167.6774703880733739     -0.0067738
    -167.0742843292856321     -0.0006266
    -166.4710958419231588      0.0006399
    -165.8679049259526721     -0.0018920
    -165.2647115813075800     -0.0027397
    -164.6615158080545029      0.0056284
    -164.0583176061268205     -0.0056201
    -163.4551169755578712      0.0111373
    -162.8519139162810347      0.0045062
    -162.2487084282630860      0.0083394
    -161.6455005115705035      0.0108936
    -161.0422901661700905      0.0043430
    -160.4390773919952551     -0.0028365
    -159.8358621890459688     -0.0258550
    -159.2326445573555418     -0.0025688
    -158.6294244968573821     -0.0081128
    -158.0262020075848284     -0.0129948
    -157.4229770894712601     -0.0150336
    -156.8197497424833955     -0.0101130
    -156.2165199666878266      0.0225624
    -155.6132877620512716     -0.0079774
    -155.0100531285071384     -0.0137311
    -154.4068160660887372      0.0049481
    -153.8035765747294761      0.0163254
    -153.2003346544626368      0.0048719
    -152.5970903052882477     -0.0020831
    -151.9938435271397168      0.0045054
    -151.3905943199837623      0.0252086
    -150.7873426839202580     -0.0072948
    -150.1840886188493585     -0.0014855
    -149.5808321247710069      0.0279204
    -148.9775732016519498      0.0079682
    -148.3743118494589339      0.0041285
    -147.7710480682584944     -0.0099170
    -147.1677818579840391      0.0021404
    -146.5645132186356534     -0.0140887
    -145.9612421502132520     -0.0151282
    -145.3579686525837360     -0.0151279
    -144.7546927259135430     -0.0067096
    -144.1514143700694888     -0.0024335
    -143.5481335850849121     -0.0030623
    -142.9448503708931639      0.0090918
    -142.3415647275609217     -0.0027133
    -141.7382766550215081      0.0053306
    -141.1349861532750083      0.0136201
    -140.5316932222881121      0.0079573
    -139.9283978619942275      0.0075312
    -139.3251000725265101     -0.0123757
    -138.7217998537518326     -0.0019383
    -138.1184972057034486     -0.0303921
    -137.5151921283814147     -0.0132866
    -136.9118846216525469      0.0050248
    -136.3085746856499725      0.0078213
    -135.7052623203071846      0.0033002
    -135.1019475255908162      0.0154374
    -134.4986303014676423      0.0027157
    -133.8953106480042266      0.0201569
    -133.2919885651006950      0.0265622
    -132.6886640528236398      0.0126385
    -132.0853371110731871     -0.0012824
    -131.4820077398493652      0.0015341
    -130.8786759391853991     -0.0020839
    -130.2753417090813741     -0.0039859
    -129.6720050494373595      0.0041433
    -129.0686659603199757      0.0190695
    -128.4653244416293205     -0.0114200
    -127.8619804934320427     -0.0064398
    -127.2586341156947896      0.0015106
    -126.6552853083842933     -0.0226120
    -126.0519340714339904      0.0008308
    -125.4485804049437405     -0.0065122
    -124.8452243088469658      0.0014673
    -124.2418657831436661      0.0062540
    -123.6385048277672780     -0.0018687
    -123.0351414427178014      0.0071047
    -122.4317756280285181     -0.0065590
    -121.8284073836661463      0.0002025
    -121.2250367095974042     -0.0139291
    -120.6216636057557139     -0.0156983
    -120.0182880722409351     -0.0121430
    -119.4149101089865042     -0.0136851
    -118.8115297159591250     -0.0081490
    -118.2081468931920938     -0.0022634
    -117.6047616405522831     -0.0206575
    -117.0013739582060737     -0.0130043
    -116.3979838459870990     -0.0145568
    -115.7945913039951762     -0.0170640
    -115.1911963321304455     -0.0008821
    -114.5877989303263718     -0.0049227
    -113.9843990987493640     -0.0069720
    -113.3809968372329848     -0.0190856
    -112.7775921458438262     -0.0217269
    -112.1741850244820142     -0.0153569
    -111.5707754732474086     -0.0297404
    -110.9673634920401639     -0.0286609
    -110.3639490808935619      0.0067342
    -109.7605322397410390      0.0190045
    -109.1571129685492991     -0.0107021
    -108.5536912674182020     -0.0220423
    -107.9502671362811697     -0.0122284
    -107.3468405750716670     -0.0206819
    -106.7434115838229332     -0.0139809
    -106.1399801624684329     -0.0127070
    -105.5365463110747015     -0.0122590
    -104.9331100295752321     -0.0036708
    -104.3296713179699537     -0.0153451
    -103.7262301761923453     -0.0316941
    -103.1227866043422381     -0.0088686
    -102.5193406023197866     -0.0148083
    -101.9158921701249909     -0.0241186
    -101.3124413077578652      0.0016378
    -100.7089880151518173     -0.0361711
    -100.1055322923734252     -0.0303510
     -99.5020741393561252      0.0093202
     -98.8986135561331707     -0.0132046
     -98.2951505426047731     -0.0152772
     -97.6916850988041716     -0.0214828
     -97.0882172247313520     -0.0045133
     -96.4847469203530750     -0.0021378
     -95.8812741856693123     -0.0270445
     -95.2777990206135144     -0.0151523
     -94.6743214252855125     -0.0153917
     -94.0708413995521795     -0.0468942
     -93.4673589434800789     -0.0209808
     -92.8638740570026755     -0.0016052
     -92.2603867400533488     -0.0177899
     -91.6568969927652688     -0.0267707
     -91.0534048150385615     -0.0373408
     -90.4499102068732412     -0.0259868
     -89.8464131682027585     -0.0280611
     -89.2429136990603666     -0.0242733
     -88.6394117994460800     -0.0151583
     -88.0359074693266166     -0.0227014
     -87.4324007087019766     -0.0214635
     -86.8288915174723002     -0.0097716
     -86.2253798957374329     -0.0242536
     -85.6218658434641071     -0.0109385
     -85.0183493605857592     -0.0090837
     -84.4148304471356568     -0.0187548
     -83.8113091030139543     -0.0234387
     -83.2077853283204973     -0.0193804
     -82.6042591229887364     -0.0201385
     -82.0007304869853755     -0.0066453
     -81.3971994203436964     -0.0346721
     -80.7936659229638394     -0.0178873
     -80.1901299949123967      0.0025432
     -79.5865916361560721     -0.0078474
     -78.9830508466948515     -0.0186253
     -78.3795076264289037     -0.0030305
     -77.7759619754580740     -0.0233267
     -77.1724138937158131     -0.0208418
     -76.5688633812020782     -0.0116777
     -75.9653104378836161     -0.0149487
     -75.3617550636938489     -0.0100908
     -74.7581972587326504      0.0054284
     -74.1546370229001326     -0.0138516
     -73.5510743562295914      0.0055801
     -72.9475092586211957     -0.0071179
     -72.3439417302080727      0.0252611
     -71.7403717708570809      0.0352810
     -71.1367993806014880      0.0123208
     -70.5332245594413081      0.0106095
     -69.9296473072434281      0.0396970
     -69.3260676241409470      0.0597431
     -68.7224855100673295      0.0664417
     -68.1189009650225472      0.0531284
     -67.5153139889400649      0.0904067
     -66.9117245818198398      0.1063419
     -66.3081327436951966      0.1268049
     -65.7045384745328249      0.1467292
     -65.1009417742994430      0.1578575
     -64.4973426429285155      0.1825941
     -63.8937410805198454      0.1919808
     -63.2901370870068902      0.2152107
     -62.6865306623563825      0.2567425
     -62.0829218065682866      0.2590623
     -61.4793105196093421      0.2885035
     -60.8756968015128379      0.3280384
     -60.2720806522121890      0.3566551
     -59.6684620717406773      0.3942891
     -59.0648410600650351      0.4323211
     -58.4612176170854099      0.4745080
     -57.8575917429349289      0.5224195
     -57.2539634375470214      0.5572665
     -56.6503327008551310      0.5926187
     -56.0466995328259685      0.6276315
     -55.4430639335593796      0.6847651
     -54.8394259029888076      0.7213775
     -54.2357854410809566      0.7787689
     -53.6321425478358407      0.8387991
     -53.0284972231868821      0.8846892
     -52.4248494672006586      0.9572817
     -51.8211992798438672      1.0239971
     -51.2175466610832473      1.0745771
     -50.6138916108854957      1.0893937
     -50.0102341292173449      1.1069274
     -49.4065742161453514      1.0810702
     -48.8029118716362333      1.0792402
     -48.1992470956234271      1.0770371
     -47.5955798880736509      1.0290164
     -46.9919102490867431      1.0133244
     -46.3882381785628652      0.9789490
     -45.7845636765352992      0.9683943
     -45.1808867429374743      0.9470676
     -44.5772073777028268      0.9273145
     -43.9735255809644912      0.8873469
     -43.3698413526226076      0.8629544
     -42.7661546927104652      0.8689228
     -42.1624656011282184      0.8874263
     -41.5587740778758601      0.8878204
     -40.9550801230199681      0.8741066
     -40.3513837364939576      0.8782068
     -39.7476849182978498      0.8618653
     -39.1439836683650597      0.8955246
     -38.5402799867621582      0.9056528
     -37.9365738734225815      0.8854931
     -37.3328653283463368      0.8660896
     -36.7291543515001280      0.8099887
     -36.1254409428506662      0.7920713
     -35.5217251024645435      0.8141506
     -34.9180068303084568      0.7762750
     -34.3142861263158423      0.7635833
     -33.7105629904867001      0.7419668
     -33.1068374227544595      0.7448304
     -32.5031094232522690      0.7619117
     -31.8993789918469801      0.7409902
     -31.2956461285718817      0.7299844
     -30.6919108333271211      0.7402292
     -30.0881731062125510      0.7537256
     -29.4844329471948861      0.7686275
     -28.8806903562075590      0.7664329
     -28.2769453332838552      0.7579243
     -27.6731978783239256      0.7514076
     -27.0694479914276123      0.8113081
     -26.4656956724950767      0.8191757
     -25.8619409215928755      0.8399505
     -25.2581837386211632      0.8418153
     -24.6544241235466544      0.8489034
     -24.0506620765024870      0.8800889
     -23.4468975973222378      0.8487049
     -22.8431306861057557      0.8556937
     -22.2393613426866317      0.8665518
     -21.6355895672312784      0.8505339
     -21.0318153596065649      0.8667026
     -20.4280387198457696      0.9044725
     -19.8242596479156106      0.8914611
     -19.2204781437495171      0.8940609
     -18.6166942074473489      0.9554496
     -18.0129078389425317      0.9996359
     -17.4091190382017835      1.0439025
     -16.8053278051918227      1.1078285
     -16.2015341399459309      1.1912085
     -15.5977380424308247      1.2945502
     -14.9939395126465058      1.5106128
     -14.3901385505596888      1.8873880
     -13.7863351561370884      2.7267926
     -13.1825293294119916      4.4864821
     -12.5787210703178296      7.2338929
     -11.9749103788878859      9.9839745
     -11.3710972550888769     11.5242462
     -10.7672816988875191     11.7938042
     -10.1634637102838141     11.3795662
      -9.5596432892777568     10.6467886
      -8.9558204358360687     10.0193844
      -8.3519951499254663      9.5132599
      -7.7481674315792297      8.9334507
      -7.1443372807640779      8.4806948
      -6.5405046974800101      8.2931414
      -5.9366696816604581      8.0444317
      -5.3328322333054228      7.6219573
      -4.7289923524149042      7.0192041
      -4.1251500390221860      6.4117680
      -3.5213052930607014      5.9580307
      -2.9174581144971659      5.6630163
      -2.3136085032982954      5.6003170
      -1.7097564595639421      5.8502378
      -1.1059019831942543      6.3174686
      -0.5020450741892322      6.9724441
       0.1018142674844078      7.4987569
       0.7056760418599495      7.7140241
       1.3095402488708254      7.8394175
       1.9134068885170357      7.9115281
       2.5172759609317148      7.7833776
       3.1211474661148633      7.4381175
       3.7250214039999126      6.9907494
       4.3288977746534307      6.6459489
       4.9327765780088511      6.3447676
       5.5366578141993079      6.0100355
       6.1405414832248004      5.5014830
       6.7444275850187623      4.8401217
       7.3483161196477607      4.0486102
       7.9522070871117938      3.3270431
       8.5561004874774316      2.7146399
       9.1599963206781041      2.2208326
       9.7638945867138158      1.8028630
      10.3677952857176958      1.4967335
      10.9716984176231804      1.2782229
      11.5756039824968351      1.0953685
      12.1795119802720926      0.9224221
      12.7834224110155237      0.8044969
      13.3873352746605558      0.6881838
      13.9912505714068942      0.6167348
      14.5951683011214026      0.5429504
      15.1990884638706500      0.4768633
      15.8030110595880693      0.4333213
      16.4069360884067912      0.3793700
      17.0108635503268211      0.3378634
      17.6147934452150174      0.2821499
      18.2187257732710925      0.2549981
      18.8226605344284685      0.2222849
      19.4265977286871525      0.2099082
      20.0305373561137081      0.1876776
      20.6344794166415717      0.1685434
      21.2384239104038706      0.1360916
      21.8423708372674774      0.1237519
      22.4463201973655231      0.1000746
      23.0502719906980076      0.0984371
      23.6542262171983708      0.0852886
      24.2581828769997365      0.0866783
      24.8621419699689774      0.0679254
      25.4661034963057915      0.0553572
      26.0700674558770444      0.0453868
      26.6740338487493069      0.0481214
      27.2780026749225719      0.0540888
      27.8819739344634172      0.0628120
      28.4859476273718357      0.0336453
      29.0899237535812567      0.0299099
      29.6939023131582580      0.0277222
      30.2978833061028325      0.0445438
      30.9018667324815475      0.0410964
      31.5058525922944064      0.0332709
      32.1098408855414021      0.0043308
      32.7138316121559782      0.0177864
      33.3178247722712655      0.0144706
      33.9218203659538275      0.0064829
      34.5258183930039593      0.0218632
      35.1298188535548022      0.0201194
      35.7338217476729270      0.0128823
      36.3378270753583195     -0.0053826
      36.9418348365444231      0.0007864
      37.5458450312978087      0.0315828
      38.1498576596184620      0.0133191
      38.7538727215729679      0.0284414
      39.3578902170947487      0.0273916
      39.9619101462503750      0.0155140
      40.5659325090398397      0.0335788
      41.1699573054631500      0.0011195
      41.7739845355868695      0.0188663
      42.3780141994109982      0.0026122
      42.9820462968689796      0.0160841
      43.5860808280939409      0.0271174
      44.1901177930192972      0.0377127
      44.7941571916450769     -0.0023557
      45.3981990241044073      0.0282818
      46.0022432902641398      0.0021471
      46.6062899901908452      0.0002218
      47.2103391239511012      0.0078065
      47.8143906916114787      0.0100493
      48.4184446929722512      0.0237849
      49.0225011282331522      0.0034972
      49.6265599973275968      0.0116098
      50.2306213002555779      0.0121942
      50.8346850371502441      0.0093010
      51.4387512079450246      0.0243070
      52.0428198125733559      0.0066883
      52.6468908511683580      0.0032910
      53.2509643237300381      0.0249924
      53.8550402303249740      0.0091586
      54.4591185707534535      0.0064767
      55.0631993452151818      0.0078645
      55.6672825537101517      0.0167520
      56.2713681962383774      0.0357074
      56.8754562727998518      0.0258757
      57.4795467833279972      0.0176475
      58.0836397280225256      0.0127595
      58.6877351066837392      0.0080281
      59.2918329195778995      0.0061901
      59.8959331665053085      0.0233937
      60.5000358475325370      0.0108133
      61.1041409626595708     -0.0027691
      61.7082485120195656     -0.0006152
      62.3123584955459293     -0.0012456
      62.9164709132386832      0.0181379
      63.5205857650978203     -0.0009041
      64.1247030511233334      0.0046600
      64.7288227715149276      0.0157317
      65.3329449260729120      0.0261616
      65.9370695148638504      0.0250449
      66.5411965378877426      0.0292645
      67.1453259952777017     -0.0172247
      67.7494578869671784     -0.0056713
      68.3535922128896232     -0.0116232
      68.9577289731781349     -0.0052560
      69.5618681678327277      0.0146077
      70.1660097967868523      0.0090893
      70.7701538601736218      0.0135642
      71.3743003579264723      0.0032946
      71.9784492901119819     -0.0072255
      72.5826006566635584     -0.0144902
      73.1867544577143718     -0.0058439
      73.7909106931312522     -0.0132418
      74.3950693630473694     -0.0064665
      74.9992304673961314      0.0078925
      75.6033940062441161      0.0090822
      76.2075599796578729      0.0133335
      76.8117283875708523     -0.0103200
      77.4158992299830544     -0.0030052
      78.0200725069610428      0.0031114
      78.6242482185048317      0.0107725
      79.2284263646809563      0.0116717
      79.8326069453562894      0.0092565
      80.4367899606640009     -0.0055308
      81.0409754106040481     -0.0151805
      81.6451632952430231     -0.0092399
      82.2493536144477844     -0.0043936
      82.8535463683514735     -0.0056857
      83.4577415568874983      0.0234320
      84.0619391801224509      0.0168959
      84.6661392381894728      0.0014890
      85.2703417308888305     -0.0022973
      85.8745466582871018     -0.0039674
      86.4787540205174423      0.0026038
      87.0829638175132743     -0.0046071
      87.6871760492745835     -0.0056323
      88.2913907158013842     -0.0111470
      88.8956078171602400     -0.0019136
      89.4998273533511508      0.0036195
      90.1040493244406804     -0.0068641
      90.7082737302957156      0.0044444
      91.3125005710493554     -0.0120931
      91.9167298467016280      0.0039234
      92.5209615572525053      0.0153811
      93.1251957027685791     -0.0007860
      93.7294322831833000      0.0090411
      94.3336712984966113      0.0184507
      94.9379127488416970      0.0105134
      95.5421566341519650     -0.0016924
      96.1464029544274297     -0.0083100
      96.7506517096680767     -0.0083074
      97.3549028999404840     -0.0004100
      97.9591565253112151      0.0066723
      98.5634125857137064      0.0092970
      99.1676710811479580      0.0208659
      99.7719320116805335      0.0134865
     100.3761953773114186      0.0020153
     100.9804611779740640      0.0004984
     101.5847294138681747     -0.0133944
     102.1890000848606093     -0.0147158
     102.7932731910179456      0.0009210
     103.3975487322735916     -0.0074680
     104.0018267088272665      0.0186943
     104.6061071204792654      0.0053420
     105.2103899673627296      0.0096751
     105.8146752494776450      0.0095292
     106.4189629668240258     -0.0038115
     107.0232531194684213     -0.0075291
     107.6275457073442965     -0.0124506
     108.2318407305181864      0.0107328
     108.8361381889901054      0.0057909
     109.4404380827600392      0.0037885
     110.0447404118945798      0.0070481
     110.6490451763271352      0.0000369
     111.2533523761242975      0.0005714
     111.8576620112860383      0.0027994
     112.4619740819455131      0.0036609
     113.0662885879030171     -0.0004609
     113.6706055292916915      0.0081454
     114.2749249061115080      0.0115363
     114.8792467183624950      0.0007248
     115.4835709661112162     -0.0084923
     116.0878976492910937      0.0097139
     116.6922267679686911      0.0001503
     117.2965583222105863     -0.0000999
     117.9008923118836520      0.0211089
     118.5052287371875650     -0.0122172
     119.1095675979892263     -0.0159770
     119.7139088943551570     -0.0112547
     120.3182526262854140     -0.0133736
     120.9225987938465181     -0.0053128
     121.5269473970384695     -0.0078521
     122.1312984357947471     -0.0214885
     122.7356519101818577      0.0041584
     123.3400078201998582     -0.0050128
     123.9443661659818332     -0.0055613
     124.5487269473946839      0.0122773
     125.1530901645049596      0.0069469
     125.7574558173126604     -0.0104123
     126.3618239058178006     -0.0139958
     126.9661944301534930      0.0010816
     127.5705673901866390      0.0033696
     128.1749427859837738      0.0025399
     128.7793206176114609      0.0004653
     129.3837008850697146     -0.0090171
     129.9880835882254075     -0.0047039
     130.5924687272782307      0.0122786
     131.1968563021616205     -0.0023648
     131.8012463128755485     -0.0050614
     132.4056387595531987      0.0022100
     133.0100336420614440     -0.0064761
     133.6144309604667626      0.0034143
     134.2188307147692399      0.0029141
     134.8232329049688474     -0.0006680
     135.4276375312653045      0.0039897
     136.0320445933922997      0.0000339
     136.6364540915495809     -0.0217796
     137.2408660256705559     -0.0007120
     137.8452803958217885     -0.0025153
     138.4496972020033070     -0.0053765
     139.0541164441484909     -0.0081981
     139.6585381223905529     -0.0108079
     140.2629622367294076     -0.0088861
     140.8673887871651118     -0.0029345
     141.4718177736311020      0.0107409
     142.0762491961939133     -0.0019502
     142.6806830549201095     -0.0131269
     143.2851193498097189      0.0008837
     143.8895580807961494      0.0058032
     144.4939992480125852      0.0081383
     145.0984428513258138     -0.0096932
     145.7028888908690476     -0.0042832
     146.3073373667087935      0.0054090
     146.9117882787119242      0.0124891
     147.5162416268784682      0.0095127
     148.1206974114081163      0.0057003
     148.7251556321677697      0.0093392
     149.3296162892239352     -0.0055855
     149.9340793825766127      0.0089155
     150.5385449122258308     -0.0037403
     151.1430128782381530     -0.0271804
     151.7474832806136078     -0.0114187
     152.3519561192855747      0.0017102
     152.9564313943872378     -0.0006349
     153.5609091057853846      0.0030261
     154.1653892536798196     -0.0071559
     154.7698718380038940      0.0094800
     155.3743568586910726      0.0040677
     155.9788443158745110      0.0061491
     156.5833342094876173      0.0009863
     157.1878265395969549      0.0272997
     157.7923213062025241      0.0151848
     158.3968185093043530      0.0028951
     159.0013181489023850     -0.0090813
     159.6058202250632121     -0.0053186
     160.2103247378534547      0.0167878
     160.8148316870733368      0.0135972
     161.4193410729226059     -0.0105387
     162.0238528954012338     -0.0194324
     162.6283671544427136     -0.0075485
     163.2328838501800874      0.0012813
     163.8374029824802847     -0.0102919
     164.4419245514764043     -0.0067544
     165.0464485571018827     -0.0052878
     165.6509749994233403     -0.0185231
     166.2555038785072554      0.0003283
     166.8600351942206146      0.0128060
     167.4645689466964029      0.0036360
     168.0691051359347341      0.0126608
     168.6736437619355797     -0.0029729
     169.2781848246323761     -0.0041461
     169.8827283241582222     -0.0047584
     170.4872742605131748     -0.0013562
     171.0918226336305850      0.0035124
     171.6963734436436368      0.0057367
     172.3009266904857952     -0.0090164
     172.9054823741570317      0.0022907
     173.5100404947238815      0.0007189
     174.1146010521198377      0.0051080
     174.7191640465445630     -0.0076888
     175.3237294777983379     -0.0100863
     175.9282973460143182     -0.0087339
     176.5328676511259687     -0.0036032
     177.1374403933329518      0.0089621
     177.7420155723690129      0.0097130
     178.3465931885004068     -0.0043726
     178.9511732415940344      0.0041411
     179.5557557316498105      0.0014078
     180.1603406588675682      0.0066938
     180.7649280230474744      0.0048904
     181.3695178243227701     -0.0077320
     181.9741100626933985     -0.0074431
     182.5787047380927959     -0.0089090
     183.1833018507206532     -0.0010153
     183.7879014003773079      0.0026038
     184.3925033871958590      0.0118785
     184.9971078111763347     -0.0103934
     185.6017146723852989     -0.0036754
     186.2063239707561593     -0.0089597
     186.8109357062223808     -0.0203020
     187.4155498789836258     -0.0031308
     188.0201664889733308      0.0214637
     188.6247855362581163      0.0128756
     189.2294070207047980      0.0007273
     189.8340309424465318      0.0049570
     190.4386573014832891     -0.0008407
     191.0432860978816620     -0.0029197
     191.6479173315085518     -0.0185902
     192.2525510024970288     -0.0198072
     192.8571871108471214     -0.0117236
     193.4618256564922660     -0.0240881
     194.0664666396321252     -0.0092997
     194.6711100601336284     -0.0051726
     195.2757559179967188      0.0105617
     195.8804042132214533      0.0161939
     196.4850549459409024     -0.0100214
     197.0897081161551228     -0.0007023
     197.6943637237975224     -0.0102415
     198.2990217689346366     -0.0031575
     198.9036822515665506     -0.0036039
     199.5083451716931791      0.0204818
     200.1130105293145789      0.0029442
     200.7176783244972569      0.0150022
     201.3223485572412699      0.0226208
     201.9270212275465894      0.0025713
     202.5316963354797792      0.0062159
     203.1363738809743040      0.0129350
     203.7410538640301354      0.0175365
     204.3457362847804291     -0.0029515
     204.9504211430920293     -0.0024212
     205.5551084391646555     -0.0128492
     206.1597981728651519     -0.0036756
     206.7644903442600821     -0.0047244
     207.3691849532829110     -0.0064929
     207.9738820001333011      0.0088204
     208.5785814846781818      0.0012442
     209.1832834069174680      0.0094440
     209.7879877669178086     -0.0126274
     210.3926945647457103     -0.0232648
     210.9974038003346379     -0.0088703
     211.6021154737511552     -0.0054581
     212.2068295849286699     -0.0199984
     212.8115461340003662     -0.0081023
     213.4162651208330317      0.0035191
     214.0209865456264424     -0.0021754
     214.6257104082474143     -0.0183397
     215.2304367087625678      0.0083632
     215.8351654471718746      0.0076863
     216.4398966236084618     -0.0010791
     217.0446302378726386     -0.0076996
     217.6493662900975039     -0.0040778
     218.2541047802830860      0.0028336
     218.8588457084959771     -0.0179069
     219.4635890746695850     -0.0125590
     220.0683348788704734     -0.0049054
     220.6730831210986423      0.0132395
     221.2778338013541202      0.0043390
     221.8825869196368501     -0.0101698
     222.4873424760134242     -0.0003067
     223.0921004704838992     -0.0222100
     223.6968609030481900     -0.0064314
     224.3016237737063534     -0.0017159
     224.9063890825249246      0.0079994
     225.5111568295039319      0.0017450
     226.1159270145767550     -0.0088680
     226.7206996378100428     -0.0141110
     227.3254746992703019     -0.0050283
     227.9302521989575609      0.0024785
     228.5350321368717630      0.0059655
     229.1398145129464012      0.0107941
     229.7445993273146030      0.0100363
     230.3493865799098330     -0.0084175
     230.9541762707985413     -0.0031550
     231.5589683999808699      0.0014243
     232.1637629674567052      0.0121050
     232.7685599732926960     -0.0079444
     233.3733594174222503     -0.0145379
     233.9781612999118749      0.0008959
     234.5829656207616551      0.0160547
     235.1877723799715625      0.0047094
     235.7925815776081606      0.0021520
     236.3973932136714211     -0.0107300
     237.0022072880948372     -0.0092567
     237.6070238010114792     -0.0002594
     238.2118427523548405      0.0169488
     238.8166641421248357      0.0035004
     239.4214879704547059     -0.0184199
     240.0263142372112668      0.0162600
     240.6311429425276174     -0.0042169
     241.2359740863372508      0.0039191
     241.8408076687732944      0.0060827
     242.4456436896360003      0.0048569
     243.0504821491250880      0.0023270
     243.6553230471740221      0.0154724
     244.2601663838493096     -0.0116220
     244.8650121592175992      0.0124894
     245.4698603730791433      0.0097275
     246.0747110256336043     -0.0006678
     246.6795641168810675     -0.0105246
     247.2844196468214477      0.0213264
     247.8892776153882380      0.0123024
     248.4941380226480305      0.0128746
     249.0990008686673036      0.0006011
     249.7038661533795221     -0.0139233
     250.3087338769178700      0.0161656
     250.9136040391491633      0.0070418
     251.5184766401399656      0.0021096
     252.1233516799568690      0.0094963
     252.7282291585998735      0.0183083
     253.3331090760689790     -0.0035697
     253.9379914322975935     -0.0140838
     254.5428762274188728      0.0084603
     255.1477634614327883      0.0234930
     255.7526531343393970      0.0047501
     256.3575452460721067     -0.0018541
     256.9624397967640448      0.0039255
     257.5673367863486192      0.0199597
     258.1722362148923935      0.0025925
     258.7771380823954814      0.0149558
     259.3820423888577125      0.0091772
     259.9869491342792003      0.0130488
     260.5918583187265085     -0.0033809
     261.1967699421995803     -0.0083160
     261.8016840046984157     -0.0122025
     262.4066005062230715     -0.0079460
     263.0115194467735478     -0.0041854
     263.6164408264164081     -0.0129236
     264.2213646452181592      0.0059421
     264.8262909030457308     -0.0064028
     265.4312195999656865     -0.0036926
     266.0361507360445330     -0.0100538
     266.6410843112822704     -0.0019698
     267.2460203257455191      0.0068002
     267.8509587793011519      0.0157764
     268.4558996720157324     -0.0018205
     269.0608430040223880      0.0084822
     269.6657887751879343      0.0202663
     270.2707369856455557      0.0286419
     270.8756876352620679      0.0289447
     271.4806407241707120     -0.0091817
     272.0855962523713742     -0.0070475
     272.6905542199306751      0.0045817
     273.2955146267154873      0.0007989
     273.9004774728589382      0.0045438
     274.5054427582944641     -0.0103542
     275.1104104830885717      0.0006017
     275.7153806473078816     -0.0015053
     276.3203532508858302      0.0293773
     276.9253282938224743     -0.0021542
     277.5303057761842638      0.0090589
     278.1352856980378192      0.0020051
     278.7402680593165769      0.0166336
     279.3452528599539733     -0.0009248
     279.9502401001496992     -0.0218563
     280.5552297797705705      0.0023626
     281.1602218989498851      0.0081712
     281.7652164576209088      0.0166150
     282.3702134557836416      0.0113587
     282.9752128935048177      0.0176284
     283.5802147707842664      0.0125256
     284.1852190877551720      0.0064265
     284.7902258441512799      0.0148796
     285.3952350402389015      0.0274190
     286.0002466758847959      0.0065146
     286.6052607511556403      0.0092990
     287.2102772661845052      0.0070499
     287.8152962207716996     -0.0191896
     288.4203176150503509      0.0012909
     289.0253414490870227      0.0108607
     289.6303677228152083     -0.0015144
     290.2353964361682301     -0.0125165
     290.8404275893458930     -0.0009329
     291.4454611822150127     -0.0150335
     292.0504972149087735     -0.0048787
     292.6555356873605547     -0.0079112
     293.2605765995703564      0.0049386
     293.8656199516047423      0.0040038
     294.4706657435303327      0.0125012
     295.0757139752805074     -0.0148931
     295.6807646467887594      0.0078142
     296.2858177582547228     -0.0013328
     296.8908733095452135     -0.0020877
     297.4959313007269657      0.0002009
     298.1009917319330498      0.0007554
     298.7060546029636043      0.0094902
     299.3111199139520409     -0.0036323
     299.9161876648981320      0.0079732
     300.5212578558019345      0.0013013
     301.1263304867966895      0.0109760
     301.7314055576825353      0.0133026
     302.3364830685927132      0.0113985
     302.9415630195272229     -0.0031915
     303.5466454106191350      0.0099166
     304.1517302416688153     -0.0046158
     304.7568175128093344     -0.0177053
     305.3619072239742422     -0.0131890
     305.9669993753630592     -0.0106206
     306.5720939668428286     -0.0068165
     307.1771909984133799      0.0036179
     307.7822904701414473      0.0104101
     308.3873923820268601     -0.0035183
     308.9924967340698458      0.0085987
     309.5976035264033044     -0.0026204
     310.2027127588942221     -0.0044503
     310.8078244316091059     -0.0127345
     311.4129385445480693     -0.0096071
     312.0180550977775624     -0.0096965
     312.6231740912311352      0.0013956
     313.2282955249086172      0.0006959
     313.8334193989433061      0.0039149
     314.4385457133350883     -0.0128949
     315.0436744680174570     -0.0065684
     315.6488056630570327      0.0073305
     316.2539392983870812      0.0038304
     316.8590753741408435      0.0041136
     317.4642138902518127     -0.0209098
     318.0693548467864957     -0.0069361
     318.6744982437448357      0.0156982
     319.2796440811268894     -0.0035063
     319.8847923589326570     -0.0000557
     320.4899430772287587     -0.0176578
     321.0950962359485175     -0.0053019
     321.7002518352251172      0.0040292
     322.3054098749253740      0.0043794
     322.9105703551825854      0.0089108
     323.5157332759965811     -0.0038748
     324.1208986373674179     -0.0032207
     324.7260664392284752     -0.0046103
     325.3312366817130510      0.0043401
     325.9364093647544109     -0.0062850
     326.5415844884856824      0.0034665
     327.1467620527739086      0.0136853
     327.7519420576855396      0.0038134
     328.3571245032870820      0.0002843
     328.9623093895786496     -0.0272446
     329.5674967164936220     -0.0164405
     330.1726864840985627     -0.0004284
     330.7778786923934717      0.0031862
     331.3830733414449128     -0.0061070
     331.9882704313195063     -0.0053991
     332.5934699618840114     -0.0237553
     333.1986719331385416     -0.0026059
     333.8038763452827880     -0.0028961
     334.4090831981835095     -0.0025975
     335.0142924919073835     -0.0207978
     335.6195042264543531     -0.0001058
     336.2247184018244752      0.0117811
     336.8299350180841998     -0.0085730
     337.4351540752336973     -0.0235889
     338.0403755732062336     -0.0001043
     338.6455995121350497     -0.0165925
     339.2508258919534683      0.0008128
     339.8560547126616598     -0.0070168
     340.4612859743925810     -0.0084509
     341.0665196770798389     -0.0004941
     341.6717558207233196     -0.0189714
     342.2769944053230802      0.0033644
     342.8822354309455704      0.0078050
     343.4874788976574678     -0.0008759
     344.0927248053256449     -0.0198985
     344.6979731540166085      0.0040814
     345.3032239437969224      0.0064566
     345.9084771747332638      0.0140952
     346.5137328466923918      0.0119859
     347.1189909598074337     -0.0002968
     347.7242515140118826      0.0247036
     348.3295145093056817      0.0138217
     348.9347799458886357      0.0204146
     349.5400478234943762      0.0104567
     350.1453181423225942     -0.0016908
     350.7505909023732897      0.0039379
     351.3558661036465764      0.0044790
     351.9611437461423975     -0.0049395
     352.5664238298606961      0.0055965
     353.1717063548680926     -0.0038026
     353.7769913210980235      0.0026464
     354.3822787286835592      0.0013862
     354.9875685774915723      0.0234458
     355.5928608676553040      0.0120242
     356.1981555991080768      0.0099446
     356.8034527719165681     -0.0193864
     357.4087523861472278     -0.0023928
     358.0140544417334922      0.0063760
     358.6193589386754752      0.0093871
     359.2246658769731198     -0.0116243
     359.8299752568260601     -0.0130394
     360.4352870780347189     -0.0131971
     361.0406013406655461     -0.0028123
     361.6459180447851622     -0.0041317
     362.2512371903270036      0.0081148
     362.8565587774908181     -0.0134017
     363.4618828060767441     -0.0132049
     364.0672092761515160     -0.0088016
     364.6725381878481471      0.0001069
     365.2778695410336809      0.0094921
     365.8832033358410740     -0.0223262
     366.4885395722037629      0.0136088
     367.0938782501219180     -0.0120376
     367.6992193696618756      0.0080210
     368.3045629308904267      0.0032373
     368.9099089337407804      0.0187093
     369.5152573782131640      0.0151408
     370.1206082643073501     -0.0232361
     370.7259615921567502     -0.0115815
     371.3313173617610801     -0.0059053
     371.9366755729873830      0.0225208
     372.5420362259686726     -0.0034317
     373.1473993206384989     -0.0012359
     373.7527648571299324      0.0032545
     374.3581328354430298     -0.0122499
     374.9635032554446070     -0.0141636
     375.5688761172677346     -0.0024721
     376.1742514209791466     -0.0117432
     376.7796291665121089     -0.0174659
     377.3850093538001715     -0.0165362
     377.9903919830429118      0.0157617
     378.5957770541073728      0.0020051
     379.2011645670600046      0.0000225
     379.8065545219673709     -0.0131091
     380.4119469187628511      0.0041845
     381.0173417574466157     -0.0076397
     381.6227390381516784     -0.0110393
     382.2281387608115324      0.0040061
     382.8335409254926276      0.0061289
     383.4389455320619504      0.0089894
     384.0443525807191918      0.0112485
     384.6497620713312244     -0.0094079
     385.2551740040976256     -0.0168281
     385.8605883788188180      0.0084502
     386.4660051956279290      0.0115532
     387.0714244545249016      0.0071434
     387.6768461555762997      0.0004541
     388.2822702987156163      0.0094635
     388.8876968839428514      0.0170844
     389.4931259113245119      0.0131502
     390.0985573808606546     -0.0072566
     390.7039912925512226     -0.0073468
     391.3094276465294001     -0.0200641
     391.9148664425954962     -0.0170066
     392.5203076809491449     -0.0003623
     393.1257513614572758      0.0047764
     393.7311974843195799     -0.0007760
     394.3366460493363093      0.0027146
     394.9420970567072118     -0.0082234
     395.5475505062990464     -0.0113950
     396.1530063982451679      0.0031906
     396.7584647324788421     -0.0150003
     397.3639255090666893     -0.0152907
     397.9693887280086528     -0.0070447
     398.5748543893048463      0.0121011
     399.1803224930217198      0.0291538
     399.7857930390927095      0.0044274
     400.3912660275845496      0.0066371
     400.9967414584305061      0.0247234
     401.6022193317637061      0.0030152
     402.2076996476507702      0.0177779
     402.8131824058920074      0.0166207
     403.4186676066205450      0.0200701
     404.0241552498363831     -0.0114841
     404.6296453356060852      0.0016325
     405.2351378639295945      0.0147416
     405.8406328347405179      0.0104414
     406.4461302481051916      0.0015664
     407.0516301040237863     -0.0013484
     407.6571324026293723      0.0132984
     408.2626371437222019      0.0024787
     408.8681443275020797     -0.0075270
     409.4736539538357647     -0.0071465
     410.0791660228564979     -0.0000704
     410.6846805346307860     -0.0177940
     411.2901974889589383     -0.0261992
     411.8957168860406455     -0.0040066
     412.5012387257427804     -0.0120356
     413.1067630081984703     -0.0154868
     413.7122897334743357     -0.0175012
     414.3178189014371355      0.0056397
     414.9233505121535472     -0.0115889
     415.5288845656234571      0.0110739
     416.1344210619801061      0.0114916
     416.7399600010903669      0.0035474
     417.3455013829541258      0.0012312
     417.9510452077045670      0.0040517
     418.5565914753417474      0.0109669
     419.1621401858656668      0.0068136
     419.7676913392096480     -0.0112592
     420.3732449354403684     -0.0276892
     420.9788009746243347      0.0167764
     421.5843594566950401      0.0007470
     422.1899203817854982     -0.0192787
     422.7954837497626954      0.0088895
     423.4010495606931386      0.0075224
     424.0066178146435050      0.0245768
     424.6121885116135672      0.0166124
     425.2177616515369891     -0.0192230
     425.8233372345467842     -0.0114884
     426.4289152605763888      0.0187999
     427.0344957296258599     -0.0186072
     427.6400786418948314      0.0102725
     428.2456639971171626     -0.0056353
     428.8512517954923737     -0.0058180
     429.4568420369540149     -0.0065198
     430.0624347215020293      0.0078022
     430.6680298493361079     -0.0071790
     431.2736274202566733     -0.0101930
     431.8792274343301756      0.0022798
     432.4848298916232352      0.0281018
     433.0904347921357953     -0.0086939
     433.6960421358678559     -0.0058365
     434.3016519228194738      0.0004720
     434.9072641529907060     -0.0048945
     435.5128788264479454     -0.0067566
     436.1184959432579262     -0.0029036
     436.7241155032874076     -0.0023981
     437.3297375066029531      0.0232903
     437.9353619532711832      0.0015854
     438.5409888432920980     -0.0016498
     439.1466181767322610     -0.0075398
     439.7522499534585450     -0.0034654
     440.3578841736040204     -0.0014273
     440.9635208371021804     -0.0131202
     441.5691599440861523     -0.0113521
     442.1748014944893725      0.0253732
     442.7804454882452205      0.0103687
     443.3860919255534441      0.0033707
     443.9917408062809727      0.0065628
     444.5973921305608201     -0.0132732
     445.2030458982599157      0.0080681
     445.8087021095113869     -0.0052011
     446.4143607643151768     -0.0012910
     447.0200218626048354     -0.0045232
     447.6256854045799969     -0.0036653
     448.2313513900409134      0.0064049
     448.8370198190542055      0.0042322
     449.4426906917530573     -0.0014998
     450.0483640080707914      0.0291184
     450.6540397680074648     -0.0012071
     451.2597179715631341     -0.0000811
     451.8653986188043064      0.0052070
     452.4710817096643609      0.0034617
     453.0767672443430456     -0.0055466
     453.6824552226407263     -0.0099807
     454.2881456446904167      0.0074893
     454.8938385104922872      0.0150062
     455.4995338200461674     -0.0098149
     456.1052315733520572      0.0010112
     456.7109317704766909      0.0051136
     457.3166344113533341     -0.0019171
     457.9223394960486075     -0.0115122
     458.5280470246291884      0.0061315
     459.1337569969617789     -0.0097689
     459.7394694132460700     -0.0187017
     460.3451842733491048     -0.0124743
     460.9509015772707698     -0.0182042
     461.5566213252106991      0.0075324
     462.1623435170359357     -0.0037072
     462.7680681528128730      0.0014426
     463.3737952324751177      0.0009969
     463.9795247561555698      0.0001801
     464.5852567237878930     -0.0056677
     465.1909911353719735      0.0022443
     465.7967279909743183      0.0018265
     466.4024672906616615      0.0050850
     467.0082090343673258      0.0107132
     467.6139532220913111      0.0211595
     468.2196998538336743      0.0173546
     468.8254489297274858      0.0018263
     469.4312004497062389      0.0058947
     470.0369544137698767      0.0008697
     470.6427108219849629     -0.0021436
     471.2484696742850474     -0.0002488
     471.8542309708030871     -0.0064025
     472.4599947114726319     -0.0006241
     473.0657608963601888     -0.0012156
     473.6715295253327440      0.0128422
     474.2773005985898180      0.0094285
     474.8830741160650177      0.0075037
     475.4888500778247931     -0.0080859
     476.0946284838025804      0.0122594
     476.7004093340650002      0.0088705
     477.3061926285454319     -0.0217391
     477.9119783673771167      0.0008420
     478.5177665506265043     -0.0070401
     479.1235571780939608      0.0187192
     479.7293502499126134     -0.0001907
     480.3351457660823485     -0.0003754
     480.9409437266699001     -0.0078740
     481.5467441316086479     -0.0031719
     482.1525469809650417     -0.0155273
     482.7583522747393090     -0.0139174
     483.3641600129312792      0.0135555
     483.9699701956740796     -0.0051157
     484.5757828227680761     -0.0268241
     485.1815978944130165     -0.0056531
     485.7874154104756030     -0.0241720
     486.3932353710891903     -0.0110436
     486.9990577762535509     -0.0166340
     487.6048826259022917      0.0104155
     488.2107099201019196     -0.0034719
     488.8165396589189413     -0.0165085
