Scan:      9          RBS2055 2015-10-20 +23 57 20.0
         OPTICAL                 Tb    
        km/s-LSR                 XX
    -549.0048429835863999      0.0066092
    -548.4031942369990702      0.0011335
    -547.8015430710565852     -0.0003876
    -547.1998894858588756      0.0053055
    -546.5982334812392764      0.0038173
    -545.9965750572979459      0.0014930
    -545.3949142140014601      0.0011769
    -544.7932509512833121      0.0049568
    -544.1915852691764712     -0.0026742
    -543.5899171676481956     -0.0149434
    -542.9882466466648339     -0.0088872
    -542.3865737062928929     -0.0044643
    -541.7848983464326693     -0.0131038
    -541.1832205671175871     -0.0008876
    -540.5815403682807982      0.0069450
    -539.9798577499225303      0.0023419
    -539.3781727121091762     -0.0005876
    -538.7764852547077226     -0.0084459
    -538.1747953778179863      0.0039204
    -537.5731030813068401     -0.0000767
    -536.9714083652407908      0.0016407
    -536.3697112296198384      0.0050920
    -535.7680116743108556     -0.0027441
    -535.1663096994803936      0.0048064
    -534.5646053049287048      0.0113108
    -533.9628984907554923      0.0121053
    -533.3611892569608699      0.0058686
    -532.7594776034118240     -0.0023954
    -532.1577635302411409      0.0178135
    -531.5560470373160342      0.0137488
    -530.9543281246694733     -0.0179017
    -530.3526067923017990     -0.0031098
    -529.7508830401794739      0.0082204
    -529.1491568683026117      0.0203662
    -528.5474282766380156      0.0098962
    -527.9456972651521482      0.0023897
    -527.3439638338785471      0.0018444
    -526.7422279827836746      0.0019355
    -526.1404897118677582     -0.0010544
    -525.5387490210308670      0.0028639
    -524.9370059103728181      0.0053186
    -524.3352603798271048      0.0062996
    -523.7335124293936133      0.0006005
    -523.1317620590392607     -0.0113880
    -522.5300092687306233      0.0078690
    -521.9282540585008974      0.0046961
    -521.3264964283503105     -0.0006452
    -520.7247363781788181      0.0018084
    -520.1229739080530408      0.0007377
    -519.5212090179064717      0.0046442
    -518.9194417077391108     -0.0165227
    -518.3176719775841548     -0.0012777
    -517.7158998273417865      0.0104964
    -517.1141252570786264      0.0073490
    -516.5123482666948576      0.0073002
    -515.9105688562568730      0.0110994
    -515.3087870257314762     -0.0060693
    -514.7070027750521604      0.0016825
    -514.1052161042854323      0.0081048
    -513.5034270133314749      0.0023650
    -512.9016355021901745     -0.0049663
    -512.2998415709615756      0.0025657
    -511.6980452194458735     -0.0018499
    -511.0962464478094489      0.0055683
    -510.4944452559192314     -0.0049183
    -509.8926416437751641     -0.0039480
    -509.2908356114106141     -0.0118895
    -508.6890271587589609     -0.0039664
    -508.0872162858867114     -0.0060457
    -507.4854029926607950      0.0007258
    -506.8835872791478891     -0.0057965
    -506.2817691453144562     -0.0060067
    -505.6799485911274701      0.0014795
    -505.0781256166533240      0.0104858
    -504.4763002217589474      0.0005934
    -503.8744724064775937      0.0000997
    -503.2726421708426301     -0.0080965
    -502.6708095147541826     -0.0101593
    -502.0689744383119546     -0.0087584
    -501.4671369413497359     -0.0073543
    -500.8652970239339197      0.0037738
    -500.2634546861312401      0.0051776
    -499.6616099277750891     -0.0093198
    -499.0597627489987644     -0.0122331
    -498.4579131496357718     -0.0132521
    -497.8560611297526748     -0.0010686
    -497.2542066893827837     -0.0085504
    -496.6523498283929712     -0.0075124
    -496.0504905469163646     -0.0134959
    -495.4486288447865263     -0.0126916
    -494.8467647220367667     -0.0036306
    -494.2448981787669027      0.0113791
    -493.6430292147772434      0.0038139
    -493.0411578302342264      0.0003463
    -492.4392840249381038      0.0059791
    -491.8374077990221167      0.0061088
    -491.2355291524195877     -0.0050503
    -490.6336480850972634     -0.0012133
    -490.0317645971217644     -0.0017013
    -489.4298786883265393      0.0001816
    -488.8279903588115758     -0.0020350
    -488.2260996085768170     -0.0010301
    -487.6242064375556993     -0.0041989
    -487.0223108457482226      0.0060705
    -486.4204128331211336     -0.0012800
    -485.8185123996411221      0.0050131
    -485.2166095454080050      0.0090089
    -484.6147042702554018     -0.0004785
    -484.0127965743164395      0.0004222
    -483.4108864574247377     -0.0017353
    -482.8089739196801133     -0.0028425
    -482.2070589610492561      0.0029500
    -481.6051415814656593     -0.0039375
    -481.0032217809625195     -0.0051918
    -480.4012995595066400     -0.0060153
    -479.7993749170647106     -0.0001376
    -479.1974478536699849     -0.0027264
    -478.5955183692559558     -0.0149275
    -477.9935864638891303     -0.0060017
    -477.3916521374696913     -0.0054574
    -476.7897153899975820     -0.0005818
    -476.1877762215061693      0.0089091
    -475.5858346318955228     -0.0026377
    -474.9838906212655729     -0.0032325
    -474.3819441895165028      0.0007640
    -473.7799953366148316     -0.0057327
    -473.1780440626606037      0.0017938
    -472.5760903675205782      0.0117345
    -471.9741342512614324     -0.0015391
    -471.3721757138164321      0.0011308
    -470.7702147551524945      0.0002390
    -470.1682513753692660     -0.0032366
    -469.5662855743004229      0.0045695
    -468.9643173520792061      0.0069001
    -468.3623467085390075     -0.0042692
    -467.7603736437465614     -0.0007493
    -467.1583981577683176     -0.0026497
    -466.5564202504045852      0.0040359
    -465.9544399218218018      0.0019242
    -465.3524571718868401      0.0017441
    -464.7504720005997569      0.0028145
    -464.1484844080270022     -0.0017045
    -463.5464943940356193      0.0029652
    -462.9445019587251977      0.0000531
    -462.3425071019960910     -0.0025699
    -461.7405098238482424      0.0015836
    -461.1385101243149620     -0.0107576
    -460.5365080033296294     -0.0088757
    -459.9345034609588083     -0.0012509
    -459.3324964970361179      0.0052476
    -458.7304871116614322      0.0039928
    -458.1284753048680045      0.0030744
    -457.5264610764893405      0.0085398
    -456.9244444266587379     -0.0041573
    -456.3224253552428991     -0.0028978
    -455.7204038622752478     -0.0013355
    -455.1183799477889806     -0.0033084
    -454.5163536116842238     -0.0032963
    -453.9143248540276545      0.0001131
    -453.3122936747192853     -0.0047619
    -452.7102600737925400      0.0028312
    -452.1082240512806152     -0.0012120
    -451.5061856070503268     -0.0132882
    -450.9041447412349726     -0.0117579
    -450.3021014536678877     -0.0041461
    -449.7000557444159767      0.0036976
    -449.0980076135122090     -0.0003810
    -448.4959570608236277     -0.0068703
    -447.8939040864499930     -0.0074210
    -447.2918486902582345      0.0067569
    -446.6897908723148589     -0.0090822
    -446.0877306326532903     -0.0006460
    -445.4856679711401739     -0.0011053
    -444.8836028878423008     -0.0043615
    -444.2815353826929368      0.0021949
    -443.6794654556920818      0.0059098
    -443.0773931069064702      0.0082801
    -442.4753183361695505      0.0077922
    -441.8732411436143934      0.0024546
    -441.2711615291080420      0.0013640
    -440.6690794926836361      0.0045084
    -440.0669950344079098      0.0024562
    -439.4649081541141982     -0.0008961
    -438.8628188519025457     -0.0038823
    -438.2607271276730216      0.0010785
    -437.6586329814922465      0.0077478
    -437.0565364133269100      0.0046630
    -436.4544374231103916      0.0055202
    -435.8523360109093687     -0.0027645
    -435.2502321765906004     -0.0030294
    -434.6481259202539604     -0.0022688
    -434.0460172418661955      0.0004121
    -433.4439061413607988     -0.0025651
    -432.8417926187709099     -0.0018179
    -432.2396766740300791     -0.0029705
    -431.6375583071715027      0.0001824
    -431.0354375181952946     -0.0148256
    -430.4333143070014671      0.0033158
    -429.8311886736899510      0.0054312
    -429.2290606181609292      0.0053136
    -428.6269301403810346      0.0076091
    -428.0247972404834513      0.0102082
    -427.4226619182684317      0.0017365
    -426.8205241738358495      0.0064290
    -426.2183840071191980      0.0119872
    -425.6162414181184772      0.0000657
    -425.0140964068668268     -0.0002418
    -424.4119489732645434      0.0070889
    -423.8097991174113872      0.0008679
    -423.2076468391409776      0.0034807
    -422.6054921385198782     -0.0043242
    -422.0033350155813991     -0.0068564
    -421.4011754702256667     -0.0048316
    -420.7990135025192444     -0.0059718
    -420.1968491123289482     -0.0000768
    -419.5946822997547656     -0.0009029
    -418.9925130647632727     -0.0036637
    -418.3903414072879627      0.0023295
    -417.7881673273621459      0.0024090
    -417.1859908249192017      0.0011791
    -416.5838118999924404      0.0021128
    -415.9816305525818620      0.0006323
    -415.3794467826209029      0.0019912
    -414.7772605901428165      0.0071201
    -414.1750719750810390      0.0025205
    -413.5728809374356842      0.0012970
    -412.9706874772398351      0.0132541
    -412.3684915943937881      0.0058308
    -411.7662932889973604     -0.0001666
    -411.1640925609173678      0.0028490
    -410.5618894102204877      0.0059064
    -409.9596838368733529      0.0115880
    -409.3574758408093430      0.0039061
    -408.7552654221284456     -0.0007210
    -408.1530525806974197     -0.0019899
    -407.5508373165163221      0.0071009
    -406.9486196296850267      0.0007389
    -406.3463995200369823     -0.0041538
    -405.7441769876721764      0.0115027
    -405.1419520325239887      0.0023361
    -404.5397246545258554     -0.0050826
    -403.9374948538109038     -0.0082297
    -403.3352626302128101      0.0020337
    -402.7330279838645311      0.0021760
    -402.1307909145665462      0.0091535
    -401.5285514224185590     -0.0045644
    -400.9263095074539365      0.0054156
    -400.3240651695394945      0.0066921
    -399.7218184087751638      0.0050148
    -399.1195692250609000      0.0003568
    -398.5173176183637338     -0.0080485
    -397.9150635887832550     -0.0039125
    -397.3128071361864500      0.0003151
    -396.7105482606731357     -0.0033300
    -396.1082869621101281     -0.0008756
    -395.5060232405307943     -0.0020060
    -394.9037570959683308      0.0125306
    -394.3014885283230342      0.0076772
    -393.6992175376946079      0.0116715
    -393.0969441239167281     -0.0044317
    -392.4946682870891550      0.0095895
    -391.8923900271786920      0.0065490
    -391.2901093441186617      0.0079677
    -390.6878262380091087     -0.0040881
    -390.0855407086834248      0.0096944
    -389.4832527562082305      0.0077298
    -388.8809623805835827      0.0088380
    -388.2786695817761142      0.0090035
    -387.6763743597859389     -0.0062748
    -387.0740767145130690      0.0038646
    -386.4717766460574353      0.0049251
    -385.8694741543857276      0.0067540
    -385.2671692393981289     -0.0007305
    -384.6648619011944561     -0.0025191
    -384.0625521396415820      0.0044938
    -383.4602399548061271      0.0037874
    -382.8579253466879777      0.0039006
    -382.2556083152206838      0.0074449
    -381.6532888604041887      0.0020145
    -381.0509669822051819     -0.0025062
    -380.4486426806569739      0.0105113
    -379.8463159557263111     -0.0011409
    -379.2439868073798834     -0.0102081
    -378.6416552356176339      0.0015966
    -378.0393212404064229      0.0045179
    -377.4369848217461367      0.0005613
    -376.8346459796700856      0.0112939
    -376.2323047140451422      0.0046064
    -375.6299610250044338     -0.0039214
    -375.0276149123815230     -0.0036287
    -374.4252663762430302      0.0020801
    -373.8229154166222088      0.0004194
    -373.2205620334191281     -0.0004294
    -372.6182062266672119      0.0005404
    -372.0158479963330933     -0.0015418
    -371.4134873423502654     -0.0070535
    -370.8111242648517987     -0.0023472
    -370.2087587636380590      0.0027853
    -369.6063908388753134     -0.0005071
    -369.0040204903973518      0.0000939
    -368.4016477182373137     -0.0048206
    -367.7992725224617629     -0.0076249
    -367.1968949029376859      0.0052626
    -366.5945148597315892     -0.0019336
    -365.9921323927768526     -0.0075799
    -365.3897475020402226      0.0088494
    -364.7873601876215730      0.0044490
    -364.1849704493877766     -0.0072690
    -363.5825782874386505      0.0020303
    -362.9801837016077570     -0.0109581
    -362.3777866919617736     -0.0052028
    -361.7753872585670933     -0.0002555
    -361.1729854012574492      0.0013505
    -360.5705811201326583     -0.0044862
    -359.9681744150927898      0.0008834
    -359.3657652861712108     -0.0127225
    -358.7633537334012317     -0.0002764
    -358.1609397566496114      0.0040309
    -357.5585233560495340      0.0143836
    -356.9561045314346188      0.0158314
    -356.3536832828380625     -0.0039650
    -355.7512596103265423      0.0020255
    -355.1488335138001844      0.0078652
    -354.5464049932921853     -0.0020418
    -353.9439740487360382     -0.0002905
    -353.3415406801317431     -0.0043553
    -352.7391048875125534      0.0115769
    -352.1366666708120192      0.0114285
    -351.5342260300632233     -0.0032214
    -350.9317829651997727      0.0006435
    -350.3293374761883001      0.0147751
    -349.7268895631286227      0.0094341
    -349.1244392258877838      0.0010497
    -348.5219864645653729      0.0020622
    -347.9195312789952368     -0.0068162
    -347.3170736692437117      0.0075623
    -346.7146136353774750      0.0097319
    -346.1121511772300892      0.0000242
    -345.5096862949014849      0.0114014
    -344.9072189882916746      0.0121526
    -344.3047492574340822      0.0026408
    -343.7022771023619043      0.0093676
    -343.0998025229419568      0.0111306
    -342.4973255192742272      0.0109250
    -341.8948460912587279      0.0192550
    -341.2923642389288261      0.0110890
    -340.6898799622845218      0.0009992
    -340.0873932612591943      0.0056828
    -339.4849041358862110      0.0070676
    -338.8824125860989511      0.0026604
    -338.2799186118974148     -0.0015458
    -337.6774222133481089      0.0069388
    -337.0749233902847095      0.0130494
    -336.4724221428736541      0.0163087
    -335.8699184709151382      0.0125603
    -335.2674123745090924      0.0133387
    -334.6649038536554599      0.0213124
    -334.0623929082544805      0.0130924
    -333.4598795384058576      0.0114600
    -332.8573637439433242      0.0191033
    -332.2548455249666404      0.0245577
    -331.6523248814425529      0.0145666
    -331.0498018133377514      0.0216559
    -330.4472763206523496      0.0205662
    -329.8447484033195565      0.0170572
    -329.2422180613728528      0.0144297
    -328.6396852948788023      0.0185387
    -328.0371501036375435      0.0157030
    -327.4346124878156843      0.0175027
    -326.8320724472466168      0.0152160
    -326.2295299819970751      0.0123911
    -325.6269850920670024      0.0080741
    -325.0244377773897781      0.0150173
    -324.4218880380319661      0.0115253
    -323.8193358738605525      0.0093535
    -323.2167812849087909      0.0118220
    -322.6142242712430743      0.0110696
    -322.0116648327305029      0.0049264
    -321.4091029694707800      0.0144422
    -320.8065386813307782      0.0092498
    -320.2039719683438648      0.0035890
    -319.6014028305432930      0.0086907
    -318.9988312678624425      0.0102993
    -318.3962572803346802      0.0094039
    -317.7936808678267653      0.0067830
    -317.1911020304386284     -0.0035985
    -316.5885207681702127      0.0021260
    -315.9859370809217012      0.0018279
    -315.3833509687597143      0.0083555
    -314.7807624315843213      0.0080996
    -314.1781714693955792      0.0045037
    -313.5755780822932479      0.0072057
    -312.9729822700777504      0.0063672
    -312.3703840329154104     -0.0021908
    -311.7677833706731576      0.0052456
    -311.1651802833508782      0.0014936
    -310.5625747710152496     -0.0001471
    -309.9599668335664546      0.0030858
    -309.3573564710376900      0.0011627
    -308.7547436833290817      0.0061537
    -308.1521284705072503      0.0054842
    -307.5495108326054492      0.0088154
    -306.9468907694574114      0.0017913
    -306.3442682811960367      0.0064602
    -305.7416433677215650     -0.0008863
    -305.1390160290007998      0.0031296
    -304.5363862651335012      0.0102036
    -303.9337540759865419     -0.0075787
    -303.3311194616264856     -0.0071078
    -302.7284824219868256     -0.0055038
    -302.1258429570341946     -0.0021655
    -301.5232010668685234     -0.0020828
    -300.9205567513232609      0.0003333
    -300.3179100104985082      0.0054849
    -299.7152608442941073     -0.0006997
    -299.1126092527435389     -0.0070702
    -298.5099552358801134     -0.0049783
    -297.9072987936037862      0.0113764
    -297.3046399259480381      0.0061626
    -296.7019786328795021     -0.0007845
    -296.0993149143316145     -0.0080799
    -295.4966487704374458     -0.0027538
    -294.8939802010306721      0.0026317
    -294.2913092061779139      0.0034908
    -293.6886357858124370     -0.0035070
    -293.0859599399676085     -0.0003128
    -292.4832816686434853     -0.0012658
    -291.8806009717401366      0.0039803
    -291.2779178493574364      0.0066864
    -290.6752323013622572      0.0078469
    -290.0725443277878526     -0.0028143
    -289.4698539287008430     -0.0075081
    -288.8671611039347340     -0.0052466
    -288.2644658536227666     -0.0021962
    -287.6617681776316999     -0.0000278
    -287.0590680759949009     -0.0029552
    -286.4563655487456231      0.0086639
    -285.8536605957840493     -0.0000811
    -285.2509532171766296     -0.0120662
    -284.6482434127902934     -0.0018119
    -284.0455311827249716     -0.0051297
    -283.4428165269805504      0.0104852
    -282.8400994454239594      0.0134430
    -282.2373799381550725     -0.0006080
    -281.6346580050739590      0.0140736
    -281.0319336461806756      0.0009107
    -280.4292068615417293     -0.0010081
    -279.8264776510240495      0.0046449
    -279.2237460147607635      0.0000876
    -278.6210119525521236     -0.0051272
    -278.0182754645313707     -0.0042732
    -277.4155365506318276      0.0019461
    -276.8127952108202408     -0.0040527
    -276.2100514451299205      0.0060811
    -275.6073052534942462     -0.0012594
    -275.0045566359132749     -0.0016662
    -274.4018055924202031      0.0041322
    -273.7990521229153273     -0.0012305
    -273.1962962274650977     -0.0042681
    -272.5935379060029504     -0.0053872
    -271.9907771584956890      0.0072526
    -271.3880139850430737      0.0113161
    -270.7852483854787238      0.0062242
    -270.1824803599357665      0.0085227
    -269.5797099082478212      0.0013493
    -268.9769370305146481      0.0064749
    -268.3741617267030506      0.0024830
    -267.7713839967464651     -0.0094132
    -267.1686038406780312     -0.0100750
    -266.5658212584646662     -0.0068999
    -265.9630362500730030     -0.0022409
    -265.3602488155362380      0.0006468
    -264.7574589547879782     -0.0056004
    -264.1546666678946167      0.0117537
    -263.5518719547564501      0.0088798
    -262.9490748153400546      0.0097468
    -262.3462752497454176      0.0100073
    -261.7434732578726084      0.0056723
    -261.1406688397548805     -0.0037354
    -260.5378619952924737     -0.0045452
    -259.9350527245185845     -0.0007876
    -259.3322410274998902      0.0035657
    -258.7294269041030930     -0.0022014
    -258.1266103543949271      0.0042654
    -257.5237913782754617      0.0081125
    -256.9209699757779504      0.0024884
    -256.3181461469357600     -0.0009851
    -255.7153198916489885     -0.0007239
    -255.1124912099841708     -0.0000647
    -254.5096601018415186     -0.0073323
    -253.9068265672542850      0.0014979
    -253.3039906062557804      0.0052434
    -252.7011522187128207      0.0045004
    -252.0983114047585616      0.0045376
    -251.4954681641933689      0.0012642
    -250.8926224971502563      0.0048382
    -250.2897744035959988     -0.0094408
    -249.6869238834640612      0.0013886
    -249.0840709367876968      0.0064360
    -248.4812155635003421      0.0013967
    -247.8783577636019686     -0.0062407
    -247.2754975371591968     -0.0068853
    -246.6726348840388141     -0.0026897
    -246.0697698043074979     -0.0034029
    -245.4669022978985709     -0.0141864
    -244.8640323648121182      0.0007964
    -244.2611600050813934      0.0014433
    -243.6582852186064940      0.0034203
    -243.0554080054873509     -0.0041229
    -242.4525283655575265     -0.0015498
    -241.8496462989168378      0.0002468
    -241.2467618055653134     -0.0022275
    -240.6438748853697973     -0.0109367
    -240.0409855384634170     -0.0084571
    -239.4380937646797918     -0.0049475
    -238.8351995641187955     -0.0019396
    -238.2323029367470326     -0.0010450
    -237.6294038824980248     -0.0026669
    -237.0265024014050823     -0.0005207
    -236.4235984934348380      0.0022877
    -235.8206921585540670     -0.0033661
    -235.2177833967960225      0.0045194
    -234.6148722080941411      0.0011356
    -234.0119585925150147      0.0025750
    -233.4090425499254877     -0.0037990
    -232.8061240803920953     -0.0012326
    -232.2032031839149226      0.0010942
    -231.6002798603940391      0.0068454
    -230.9973541099293186      0.0045125
    -230.3944259323876338      0.0012257
    -229.7914953278355767     -0.0011962
    -229.1885622962398372     -0.0067652
    -228.5856268375671050     -0.0021153
    -227.9826889518507187     -0.0056140
    -227.3797486389908045      0.0054977
    -226.7768058990206157      0.0003400
    -226.1738607319734626     -0.0057797
    -225.5709131377162180     -0.0041271
    -224.9679631163820090     -0.0069315
    -224.3650106678377085     -0.0130624
    -223.7620557921165982      0.0028327
    -223.1590984892186498     -0.0016481
    -222.5561387590773279      0.0018977
    -221.9531766017591963      0.0011571
    -221.3502120171643810      0.0072562
    -220.7472450052929105      0.0077617
    -220.1442755662113484      0.0012750
    -219.5413036997865390     -0.0096865
    -218.9383294061183278     -0.0125268
    -218.3353526851069262     -0.0157568
    -217.7323735367522772      0.0037102
    -217.1293919610876344     -0.0056965
    -216.5264079580465193     -0.0069245
    -215.9234215276621569      0.0008064
    -215.3204326698347302     -0.0010092
    -214.7174413845974641      0.0014709
    -214.1144476720170076      0.0021450
    -213.5114515319601765     -0.0023243
    -212.9084529644935060      0.0043725
    -212.3054519695171791     -0.0030083
    -211.7024485470645345     -0.0072130
    -211.0994426971687687     -0.0089903
    -210.4964344197300932     -0.0152304
    -209.8934237148150146     -0.0022621
    -209.2904105823237444     -0.0090436
    -208.6873950222895360     -0.0018607
    -208.0843770347456427      0.0018295
    -207.4813566195589942     -0.0073217
    -206.8783337768294075     -0.0024904
    -206.2753085064570087     -0.0078376
    -205.6722808084418546     -0.0120372
    -205.0692506828504804     -0.0025791
    -204.4662181295497305      0.0020822
    -203.8631831486395072      0.0005565
    -203.2601457400198797     -0.0080873
    -202.6571059036909332     -0.0141906
    -202.0540636396859213     -0.0043201
    -201.4510189479049984      0.0085975
    -200.8479718284479816      0.0037930
    -200.2449222812150254     -0.0051161
    -199.6418703061728763     -0.0003263
    -199.0388159034214084     -0.0087746
    -198.4357590728274090     -0.0049523
    -197.8326998144574986      0.0077284
    -197.2296381282118034     -0.0071997
    -196.6265740141236336     -0.0158000
    -196.0235074722262709     -0.0083660
    -195.4204385023865598     -0.0020756
    -194.8173671047376274      0.0050278
    -194.2142932791464034      0.0131221
    -193.6112170256460558     -0.0003985
    -193.0081383442366985     -0.0028162
    -192.4050572348517392      0.0020314
    -191.8019736975576564      0.0010959
    -191.1988877322214364      0.0010270
    -190.5957993389095577     -0.0026767
    -189.9927085176553589     -0.0034385
    -189.3896152683256844     -0.0025415
    -188.7865195910203795      0.0056266
    -188.1834214856063170     -0.0063719
    -187.5803209521500605     -0.0038984
    -186.9772179906516385     -0.0043481
    -186.3741126010111486      0.0035992
    -185.7710047833284648      0.0089913
    -185.1678945374704881      0.0080691
    -184.5647818634704436      0.0069822
    -183.9616667613616414      0.0135547
    -183.3585492310775180      0.0089208
    -182.7554292726180449     -0.0062763
    -182.1523068859499972      0.0007091
    -181.5491820710400646      0.0038661
    -180.9460548279880641      0.0017859
    -180.3429251566276150     -0.0030762
    -179.7397930570918163     -0.0003306
    -179.1366585292142872     -0.0100894
    -178.5335215730616198     -0.0004367
    -177.9303821886670107      0.0012023
    -177.3272403759306712      0.0010303
    -176.7240961348858832      0.0051427
    -176.1209494654660830      0.0056712
    -175.5178003676712137      0.0083989
    -174.9146488416011778      0.0043619
    -174.3114948870562841      0.0011749
    -173.7083385041696602      0.0042763
    -173.1051796928414035     -0.0005016
    -172.5020184530715710      0.0091556
    -171.8988547848934161      0.0009188
    -171.2956886882404035     -0.0045883
    -170.6925201631457867     -0.0038519
    -170.0893492095096917     -0.0109132
    -169.4861758273654857     -0.0199656
    -168.8830000167796754     -0.0023814
    -168.2798217776191052     -0.0018130
    -167.6766411099503955     -0.0008380
    -167.0734580136403906     -0.0018177
    -166.4702724887889360     -0.0037428
    -165.8670845353960601     -0.0082756
    -165.2638941533618606     -0.0007621
    -164.6607013427196478      0.0048766
    -164.0575061034361397      0.0011335
    -163.4543084354780547     -0.0086939
    -162.8511083389119278      0.0010123
    -162.2479058136047172      0.0007309
    -161.6447008596894364      0.0058824
    -161.0414934769997615      0.0003278
    -160.4382836656021993     -0.0135098
    -159.8350714254967784     -0.0085999
    -159.2318567565836531     -0.0096098
    -158.6286396589959224      0.0018463
    -158.0254201325339523     -0.0143998
    -157.4221981772975028     -0.0070213
    -156.8189737932866592     -0.0027943
    -156.2157469804348011     -0.0088457
    -155.6125177387752387     -0.0137912
    -155.0092860682080982      0.0069115
    -154.4060519687666897     -0.0035378
    -153.8028154405175485     -0.0021609
    -153.1995764832942939     -0.0023926
    -152.5963350972300532     -0.0008841
    -151.9930912821916422      0.0101782
    -151.3898450381791179     -0.0080919
    -150.7865963652922972     -0.0161520
    -150.1833452633647710     -0.0093401
    -149.5800917325297235      0.0010222
    -148.9768357726206602      0.0170613
    -148.3735773837041734     -0.0038689
    -147.7703165657802913     -0.0127772
    -147.1670533188156753     -0.0024342
    -146.5637876428104107      0.0010383
    -145.9605195376645383     -0.0026383
    -145.3572490034780174      0.0058073
    -144.7539760401841704      0.0061577
    -144.1507006477831112     -0.0049682
    -143.5474228262414726     -0.0041244
    -142.9441425755260013      0.0041504
    -142.3408598956700075     -0.0078219
    -141.7375747866734059     -0.0094934
    -141.1342872484364364     -0.0172893
    -140.5309972810256625     -0.0114931
    -139.9277048843744637     -0.0027169
    -139.3244100584828402     -0.0041560
    -138.7211128033508203     -0.0031614
    -138.1178131189451506      0.0065862
    -137.5145110052990276     -0.0039824
    -136.9112064623126628      0.0049987
    -136.3078994900193379     -0.0024266
    -135.7045900884523348     -0.0114601
    -135.1012782575117797      0.0086107
    -134.4979639972642644     -0.0029555
    -133.8946473075766619     -0.0055058
    -133.2913281885155072      0.0050789
    -132.6880066401140823     -0.0043474
    -132.0846826622392882     -0.0092377
    -131.4813562550242523      0.0044053
    -130.8780274183025369      0.0128600
    -130.2746961521074240     -0.0028868
    -129.6713624565055056     -0.0013826
    -129.0680263313636260     -0.0024359
    -128.4646877767816306      0.0058334
    -127.8613467926264065      0.0029050
    -127.2580033789312353     -0.0001256
    -126.6546575357626523      0.0073757
    -126.0513092629875587      0.0133109
    -125.4479585607058141      0.0031418
    -124.8446054287509526     -0.0113837
    -124.2412498672228622      0.0017102
    -123.6378918761215289      0.0015238
    -123.0345314553138252      0.0166564
    -122.4311686049329069      0.0073562
    -121.8278033248455756     -0.0026242
    -121.2244356150851843      0.0051839
    -120.6210654756849721      0.0133699
    -120.0176929065118117      0.0134232
    -119.4143179076655770      0.0115454
    -118.8109404790464083      0.0028204
    -118.2075606206875733     -0.0038414
    -117.6041783326223538     -0.0022729
    -117.0007936147176366      0.0060068
    -116.3974064670732673      0.0203183
    -115.7940168895560902      0.0185632
    -115.1906248822326972      0.0304890
    -114.5872304451363703      0.0222124
    -113.9838335781006862      0.0196155
    -113.3804342812920538      0.0194090
    -112.7770325545107823      0.0187030
    -112.1736283978567172      0.0274947
    -111.5702218113631545      0.0260714
    -110.9668127948636567      0.0284707
    -110.3634013484913652      0.0464420
    -109.7599874720798709      0.0370016
    -109.1565711657290052      0.0262037
    -108.5531524294720782      0.0430098
    -107.9497312631093706      0.0458514
    -107.3463076668405876      0.0458917
    -106.7428816404660239      0.0444110
    -106.1394531840522575      0.0243765
    -105.5360222976325417      0.0284757
    -104.9325889810737920      0.0513137
    -104.3291532345091071      0.0467742
    -103.7257150577720779      0.0265948
    -103.1222744509292681      0.0257816
    -102.5188314140139738      0.0500410
    -101.9153859468930392      0.0375664
    -101.3119380496330564      0.0516004
    -100.7084877222007293      0.0523190
    -100.1050349645627762      0.0384318
     -99.5015797767524646      0.0400449
     -98.8981221587032451      0.0373273
     -98.2946621104484137      0.0432858
     -97.6911996318880824      0.0256961
     -97.0877347230888574      0.0184555
     -96.4842673840507103      0.0314007
     -95.8807976146737957      0.0476441
     -95.2773254150579731      0.0411308
     -94.6738507850701154      0.0355713
     -94.0703737247101941      0.0302414
     -93.4668942340780973      0.0391398
     -92.8634123130406550      0.0143317
     -92.2599279616311634      0.0280528
     -91.6564411798163690      0.0359423
     -91.0529519675962149      0.0189235
     -90.4494603249707438     -0.0036023
     -89.8459662518733779      0.0007326
     -89.2424697483706808     -0.0106104
     -88.6389708143627928     -0.0113193
     -88.0354694498497423     -0.0003235
     -87.4319656548980504      0.0029932
     -86.8284594294079284      0.0121278
     -86.2249507734126155      0.0134639
     -85.6214396868455339     -0.0175193
     -85.0179261697067119     -0.0094708
     -84.4144102220627275     -0.0068932
     -83.8108918437471289     -0.0147536
     -83.2073710349263536     -0.0175775
     -82.6038477954339783     -0.0260874
     -82.0003221252700030     -0.0000178
     -81.3967940245675550     -0.0079746
     -80.7932634931269575     -0.0271194
     -80.1897305310813238     -0.0429464
     -79.5861951382642303     -0.0296812
     -78.9826573147755369     -0.0129087
     -78.3791170606152576     -0.0357684
     -77.7755743756502369     -0.0360946
     -77.1720292600136162     -0.0259935
     -76.5684817135389864     -0.0390299
     -75.9649317363261787     -0.0196611
     -75.3613793283419398     -0.0136903
     -74.7578244895196633     -0.0246633
     -74.1542672199259556     -0.0132357
     -73.5507075194276467     -0.0198282
     -72.9471453880913145      0.0006616
     -72.3435808259502693     -0.0095961
     -71.7400138328713552      0.0027886
     -71.1364444089544179      0.0073775
     -70.5328725540663157      0.0171368
     -69.9292982682736408      0.0235830
     -69.3257215515763789      0.0246867
     -68.7221424039079665      0.0320432
     -68.1185608253016852      0.0371427
     -67.5149768156576897      0.0583653
     -66.9113903750092618      0.0670065
     -66.3078015034229509      0.0877440
     -65.7042102007323621      0.1026876
     -65.1006164670706085      0.1072778
     -64.4970203023045912      0.1274661
     -63.8934217064675565      0.1453770
     -63.2898206795928076      0.1624375
     -62.6862172215804847      0.1737815
     -62.0826113324971587      0.1999228
     -61.4790030122429840      0.2081166
     -60.8753922608179536      0.2290462
     -60.2717790783219201      0.2414824
     -59.6681634645884600      0.2702220
     -59.0645454196841584      0.2943060
     -58.4609249435757050      0.3143893
     -57.8573020362298394      0.3416457
     -57.2536766977131251      0.3749357
     -56.6500489278924135      0.3996899
     -56.0464187268342897      0.4359366
     -55.4427860945054505      0.4463110
     -54.8391510308393393      0.4675576
     -54.2355135359358158      0.4924975
     -53.6318736096617315      0.5072677
     -53.0282312521169459      0.5375397
     -52.4245864631683176      0.5465946
     -51.8209392428491356      0.5736092
     -51.2172895911926744      0.5906876
     -50.6136375080990959      0.6023669
     -50.0099829936682525      0.6018168
     -49.4063260477337067      0.6183696
     -48.8026666703620435      0.6300267
     -48.1990048616198266      0.6360559
     -47.5953406213406325      0.6515204
     -46.9916739496243139      0.6632845
     -46.3880048463710253      0.6597881
     -45.7843333116140485      0.6829836
     -45.1806593453866583      0.6702037
     -44.5769829475557344      0.6855281
     -43.9733041182211153      0.6947783
     -43.3696228572829554      0.6992196
     -42.7659391647412548      0.7270372
     -42.1622530406625842      0.7068666
     -41.5585644849137950      0.7187701
     -40.9548734975947610      0.7328740
     -40.3511800785723267      0.7415696
     -39.7474842278797809      0.7489929
     -39.1437859455837014      0.7502619
     -38.5400852315509397      0.7551251
     -37.9363820858813625      0.7751268
     -37.3326765084085324      0.7875970
     -36.7289684992323160      0.7715816
     -36.1252580583527063      0.7610275
     -35.5215451856698508      0.7467599
     -34.9178298812503201      0.7506467
     -34.3141121449942688      0.7472248
     -33.7103919769349645      0.7411457
     -33.1066693771389922      0.7351905
     -32.5029443454066396      0.7521221
     -31.8992168819043300      0.7598538
     -31.2954869864989220      0.7336242
     -30.6917546591904227      0.7461566
     -30.0880199000453992      0.7570456
     -29.4842827089307065      0.7382039
     -28.8805430859794932      0.7649326
     -28.2768010310253324      0.7658138
     -27.6730565441015131      0.7769452
     -27.0693096252745953      0.7833992
     -26.4655602744447336      0.7859029
     -25.8618084916452133      0.7902030
     -25.2580542767761784      0.8181899
     -24.6542976298709178      0.8427556
     -24.0505385510292804      0.8477172
     -23.4467770400182758      0.8784084
     -22.8430130970376126      0.8571887
     -22.2392467219208676      0.8941288
     -21.6354779146680407      0.9332496
     -21.0317066753789916      0.9608522
     -20.4279330039205753      0.9915648
     -19.8241569003593625      1.0299159
     -19.2203783645955042      1.0786815
     -18.6165973966290004      1.1442701
     -18.0128139965596965      1.1946775
     -17.4090281642544653      1.2869694
     -16.8052398997465851      1.4084831
     -16.2014492029694921      1.5859617
     -15.5976560739564700      1.8706670
     -14.9938605127407989      2.2959523
     -14.3900625191560643      2.9630454
     -13.7862620933686806      3.9605243
     -13.1824592352455188      5.2363157
     -12.5786539447532881      6.8416429
     -11.9748462220251302      8.5383396
     -11.3710360668613379      9.8104458
     -10.7672234794283330     10.3204622
     -10.1634084595264103     10.1489630
      -9.5595910072554222      9.7092600
      -8.9557711226153689      9.3406687
      -8.3519488055064013      9.1283302
      -7.7481240559950839      8.7419300
      -7.1442968740148505      7.9587746
      -6.5404672595657010      7.0297761
      -5.9366352126476363      6.2270164
      -5.3328007332273710      5.7335048
      -4.7289638213381897      5.4515924
      -4.1251244768469579      5.2684860
      -3.5212826998535260      5.1923265
      -2.9174384903578949      5.1685381
      -2.3135918482269289      5.1538110
      -1.7097427735604802      5.2425966
      -1.1058912662254132      5.4259186
      -0.5020373263215792      5.7647705
       0.1018190462175892      6.1150875
       0.7056778513588082      6.4667130
       1.3095390892019287      6.7743144
       1.9134027596803838      7.1944818
       2.5172688629273074      7.6693535
       3.1211373988095654      8.0518360
       3.7250083673937255      8.1170578
       4.3288817686797865      7.7317300
       4.9327576028008844      7.0144877
       5.5366358696904507      6.1078892
       6.1405165692819192      5.2818141
       6.7443997016418562      4.5381508
       7.3482852668368297      3.9193158
       7.9521732648668388      3.3744519
       8.5560636957984517      2.8975666
       9.1599565594319667      2.5139432
       9.7638518560336518      2.1767180
      10.3677495854703743      1.8947704
      10.9716497478086978      1.6614639
      11.5755523430486260      1.4616810
      12.1794573711901588      1.2830502
      12.7833648322998616      1.1122081
      13.3872747263777363      0.9519686
      13.9911870533572120      0.8375160
      14.5951018134379957      0.7448677
      15.1990190063538133      0.6605632
      15.8029386323709389      0.5497831
      16.4068606913562327      0.4793577
      17.0107851834428345      0.4300828
      17.6147121086307408      0.3669985
      18.2186414667868171      0.3349758
      18.8225732580441978      0.2750230
      19.4265074824028865      0.2485744
      20.0304441399294433      0.2271216
      20.6343832305573116      0.1996529
      21.2383247542199172      0.1890185
      21.8422687111835252      0.1573904
      22.4462151012484412      0.1502780
      23.0501639244812324      0.1158219
      23.6541151810150296      0.1078868
      24.2580688706501277      0.0960082
      24.8620249935862390      0.1129311
      25.4659835496902183      0.0931080
      26.0699445390952107      0.0824297
      26.6739079618677728      0.0706701
      27.2778738178082101      0.0589355
      27.8818421071162206      0.0721107
      28.4858128296586735      0.0490410
      29.0897859856352632      0.0426579
      29.6937615749128625      0.0467333
      30.2977395974914714      0.0399833
      30.9017200535707879      0.0401357
      31.5057029429511140      0.0256417
      32.1096882657655769      0.0337735
      32.7136760220141838      0.0463593
      33.3176662116969382      0.0274791
      33.9216588348138259      0.0224759
      34.5256538913648612      0.0289844
      35.1296513814831712      0.0341447
      35.7336513050356217      0.0312726
      36.3376536620887762      0.0332361
      36.9416584527092198      0.0230773
      37.5456656768303674      0.0136134
      38.1496753345187898      0.0286001
      38.7536874258410506      0.0336211
      39.3577019506640298      0.0251188
      39.9617189091208473      0.0208640
      40.5657383011449468      0.0132590
      41.1697601268028919      0.0147620
      41.7737843861612390      0.0195286
      42.3778110791534317      0.0178989
      42.9818402057794771      0.0195325
      43.5858717661059174      0.0157786
      44.1899057601327812      0.0174556
      44.7939421879266249      0.0294328
      45.3979810493543070      0.0137424
      46.0020223446155327      0.0219175
      46.6060660735771748      0.0225495
      47.2101122363723604      0.0193079
      47.8141608329345260      0.0281616
      48.4182118632636644      0.0285372
      49.0222653274929172      0.0317646
      49.6263212254225863      0.0227070
      50.2303795573189333      0.0274714
      50.8344403230488240      0.0140691
      51.4385035226122653      0.0070555
      52.0425691561423776      0.0085732
      52.6466372235060476      0.0169453
      53.2507077248363956      0.0090342
      53.8547806600668508      0.0130461
      54.4588560292639841      0.0060484
      55.0629338324278024      0.0085474
      55.6670140695583058      0.0110920
      56.2710967407220437      0.0134512
      56.8751818458524738      0.0199866
      57.4792693850161456      0.0287011
      58.0833593582796297      0.0118906
      58.6874517655098060      0.0200219
      59.2915466068397876      0.0187417
      59.8956438822695887      0.0098010
      60.4997435917991950      0.0151208
      61.1038457354286209      0.0266569
      61.7079503131578662      0.0171959
      62.3120573250534946      0.0217163
      62.9161667711820698      0.0253535
      63.5202786513438937     -0.0014229
      64.1243929658052281     -0.0034773
      64.7285097143663819      0.0056942
      65.3326288972270532      0.0159901
      65.9367505143206643      0.0266476
      66.5408745655806655      0.0253049
      67.1450010511401985      0.0230501
      67.7491299709326569      0.0140982
      68.3532613250912107      0.0139895
      68.9573951135492820      0.0105184
      69.5615313363068708      0.0179682
      70.1656699933639771      0.0030945
      70.7698110847871646      0.0190118
      71.3739546105764333      0.0090204
      71.9781005707983610      0.0023143
      72.5822489653197778      0.0022060
      73.1863997943404598      0.0186749
      73.7905530576606310      0.0156650
      74.3947087555465885      0.0189525
      74.9988668877986271      0.0085139
      75.6030274545498884      0.0146713
      76.2071904558003723      0.0178984
      76.8113558914835011      0.0235660
      77.4155237617324161      0.0095953
      78.0196940664805538      0.0213112
      78.6238668057944921      0.0250260
      79.2280419796741882      0.0265653
      79.8322195880531211      0.0083359
      80.4363996310644040      0.0189756
      81.0405821086414591      0.0002737
      81.6447670208508924      0.0048675
      82.2489543676926758      0.0100089
      82.8531441491667948      0.0160538
      83.4573363653398417      0.0019558
      84.0615310161452385      0.0260995
      84.6657281016495631      0.0101201
      85.2699276218528155      0.0211359
      85.8741295766884036      0.0089815
      86.4783339663560469     -0.0025140
      87.0825407907891957     -0.0133919
      87.6867500499212440      0.0082796
      88.2909617438853616      0.0044764
      88.8951758725483927      0.0127385
      89.4993924361100568      0.0136196
      90.1036114344371981      0.0103308
      90.7078328675963945     -0.0093316
      91.3120567355876602      0.0096411
      91.9162830384775305     -0.0007972
      92.5205117762660336      0.0092448
      93.1247429488865919      0.0052841
      93.7289765564723325      0.0089464
      94.3332125989567061     -0.0004354
      94.9374510763396842      0.0036343
      95.5416919887544367      0.0108470
      96.1459353360678080      0.0293460
      96.7501811183463616      0.0209253
      97.3544293357232533     -0.0001322
      97.9586799879987495     -0.0047010
      98.5629330753725839     -0.0041533
      99.1671885977781642      0.0104047
      99.7714465551489411      0.0258500
     100.3757069476846056      0.0152888
     100.9799697752520444      0.0041508
     101.5842350379843566      0.0101427
     102.1885027358149927      0.0027462
     102.7927728686773889      0.0079331
     103.3970454367712506      0.0131967
     104.0013204400299998      0.0135941
     104.6055978784536364      0.0138932
     105.2098777520421748      0.0198487
     105.8141600607956008      0.0217095
     106.4184448048470557      0.0146352
     107.0227319840633982      0.0293082
     107.6270215985777554      0.0121948
     108.2313136483235922     -0.0032076
     108.8356081333008802      0.0016056
     109.4399050536427467      0.0114647
     110.0442044092160927     -0.0103046
     110.6485062002205950     -0.0033461
     111.2528104264565485      0.0081846
     111.8571170880570946     -0.0022674
     112.4614261850888113     -0.0057760
     113.0657377174185569     -0.0006379
     113.6700516851794589      0.0022978
     114.2743680883715172     -0.0044619
     114.8786869269281681     -0.0122109
     115.4830082009825531      0.0036840
     116.0873319104015309      0.0086573
     116.6916580553848064     -0.0040622
     117.2959866357992240      0.0060102
     117.9003176517113900      0.0064415
     118.5046511031212759      0.0045263
     119.1089869900954596      0.0071588
     119.7133253125673775      0.0089119
     120.3176660706701568     -0.0019926
     120.9220092642040782      0.0176045
     121.5263548934354532      0.0037291
     122.1307029582311117      0.0099460
     122.7350534586576458      0.0168349
     123.3394063947150130      0.0144539
     123.9437617664032700     -0.0036416
     124.5481195737223743      0.0223825
     125.1524798167389179      0.0109067
     125.7568424954528865      0.0027127
     126.3612076098642945     -0.0003541
     126.9655751599731275      0.0188515
     127.5699451458459492      0.0190175
     128.1743175674162103     -0.0011672
     128.7786924248170521      0.0038776
     129.3830697179818401      0.0112477
     129.9874494468441242      0.0130023
     130.5918316116035101      0.0169137
     131.1962162121268705      0.0082065
     131.8006032485473895     -0.0034175
     132.4049927207984751      0.0062945
     133.0093846288800989      0.0182925
     133.6137789729254450      0.0328939
     134.2181757527347941      0.0281844
     134.8225749685744006      0.0129997
     135.4269766202445737     -0.0090033
     136.0313807078784123      0.0098027
     136.6357872314760016      0.0114675
     137.2401961910372563      0.0128953
     137.8446075866287970      0.0109018
     138.4490214181840031     -0.0025761
     139.0534376857029599      0.0128124
     139.6578563893187095      0.0127689
     140.2622775288981813     -0.0078106
     140.8667011045744744     -0.0017712
     141.4711271163476169      0.0213417
     142.0755555641509886      0.0050898
     142.6799864481178304      0.0073854
     143.2844197681149012      0.0017153
     143.8888555242753284      0.0040743
     144.4932937166657894      0.0016159
     145.0977343450864794      0.0007694
     145.7021774097371747      0.0044066
     146.3066229105512264      0.0114406
     146.9110708476618470      0.0042901
     147.5155212209358524      0.0143998
     148.1199740303732710      0.0114131
     148.7244292761072018      0.0059544
     149.3288869581376730     -0.0116784
     149.9333470763981211      0.0079686
     150.5378096310217018      0.0010543
     151.1422746218086388      0.0179432
     151.7467420490252437      0.0148315
     152.3512119125384174      0.0092631
     152.9556842124812590      0.0023516
     153.5601589487206127      0.0136088
     154.1646361213230705      0.0156194
     154.7691157303552245      0.0137758
     155.3735977757504827      0.0024030
     155.9780822576419439      0.0045890
     156.5825691759630729      0.0063376
     157.1870585306473345      0.0074889
     157.7915503218944195      0.0016117
     158.3960445495711440      0.0088773
     159.0005412137440999     -0.0024234
     159.6050403144798793      0.0066799
     160.2095418517118617      0.0047543
     160.8140458255066676      0.0177486
     161.4185522357977334      0.0234976
     162.0230610827181579      0.0213923
     162.6275723662014059      0.0101143
     163.2320860862474490      0.0114796
     163.8366022429894144      0.0249515
     164.4411208362941750     -0.0005731
     165.0456418662948863      0.0039187
     165.6501653329249848      0.0167004
     166.2546912361844420      0.0048019
     166.8592195762064136      0.0144125
     167.4637503529243077      0.0039451
     168.0682835663381525     -0.0006858
     168.6728192165145117      0.0049451
     169.2773573033868217     -0.0016489
     169.8818978270881530      0.0013787
     170.4864407874854919      0.0073691
     171.0909861847784157      0.0058950
     171.6955340188338823      0.0177526
     172.3000842896518350      0.0021616
     172.9046369973654578      0.0107876
     173.5091921419081302      0.0090072
     174.1137497233464444      0.0025659
     174.7183097416138366      0.0071287
     175.3228721967768706      0.0091829
     175.9274370889021100      0.0116363
     176.5320044179229910      0.0023602
     177.1365741839060775      0.0162036
     177.7411463868513692     -0.0012978
     178.3457210266923312      0.0154900
     178.9502981035620621      0.0105562
     179.5548776174605337      0.0062489
     180.1594595683212390     -0.0048550
     180.7640439562772769      0.0050955
     181.3686307811955203      0.0030613
     181.9732200432091531      0.0079829
     182.5778117422514981      0.0062535
     183.1824058784558247      0.0189456
     183.7870024517554270      0.0029809
     184.3916014621503905      0.0282160
     184.9962029096407150      0.0091483
     185.6008067942929358      0.0072085
     186.2054131161736450      0.0119949
     186.8100218751496868      0.0114024
     187.4146330713542170      0.0069825
     188.0192467047206719     -0.0066061
     188.6238627753155583     -0.0115944
     189.2284812832055252     -0.0041754
     189.8331022283239520      0.0007138
     190.4377256106708671      0.0016658
     191.0423514303128059     -0.0018847
     191.6469796871832898     -0.0073548
     192.2516103814818678     -0.0075521
     192.8562435130089909     -0.0067078
     193.4608790818977013     -0.0030712
     194.0655170882145626     -0.0048224
     194.6701575317599406     -0.0000438
     195.2748004128000332     -0.0079102
     195.8794457311352062      0.0058171
     196.4840934869651221      0.0115903
     197.0887436802231889      0.0087920
     197.6933963109094350      0.0229156
     198.2980513790239172      0.0133305
     198.9027088846330855      0.0023983
     199.5073688277370252      0.0139560
     200.1120312083357078      0.0116451
     200.7166960263625697      0.0039704
     201.3213632820173302      0.0005051
     201.9260329751668053      0.0171278
     202.5307051059441790     -0.0145798
     203.1353796742162956     -0.0037882
     203.7400566801163109      0.0135252
     204.3447361236441964     -0.0026619
     204.9494180046668248     -0.0106776
     205.5541023234504792     -0.0063149
     206.1587890798620037     -0.0036103
     206.7634782739014270     -0.0049112
     207.3681699056352556      0.0016503
     207.9728639749970114     -0.0025591
     208.5775604821863567     -0.0001307
     209.1822594270035722     -0.0159208
     209.7869608095817568      0.0032221
     210.3916646299210242      0.0155299
     210.9963708879546971      0.0114776
     211.6010795838825231      0.0153227
     212.2057907175714035     -0.0001231
     212.8105042890212815      0.0107100
     213.4152202982987205      0.0071495
     214.0199387454037492      0.0015784
     214.6246596304695231     -0.0002623
     215.2293829532962945      0.0005050
     215.8341087140172192     -0.0070793
     216.4388369126988607     -0.0038371
     217.0435675492080918     -0.0059480
     217.6483006237446034     -0.0103484
     218.2530361361752682      0.0050255
     218.8577740865000862     -0.0008754
     219.4625144748521848     -0.0047299
     220.0672573011650002      0.0003844
     220.6720025655050961      0.0080860
     221.2767502678724725      0.0225088
     221.8815004082671578     -0.0022087
     222.4862529866890952     -0.0139829
     223.0910080031383416     -0.0126568
     223.6957654577480241     -0.0006090
     224.3005253503849588     -0.0007808
     224.9052876811157660     -0.0036208
     225.5100524500070094     -0.0023513
     226.1148196569920685     -0.0065372
     226.7195893021375639     -0.0002331
     227.3243613855100307      0.0000405
     227.9291359069098348     -0.0051207
     228.5339128666697093     -0.0024938
     229.1386922645234563      0.0116273
     229.7434741006041747      0.0028832
     230.3482583749784567     -0.0019325
     230.9530450875797385      0.0242920
     231.5578342384745554      0.0018937
     232.1626258275963721      0.0106906
     232.7674198550117524      0.0020547
     233.3722163207872313     -0.0103398
     233.9770152248562738     -0.0017159
     234.5818165672854434      0.0153372
     235.1866203480747401     -0.0059827
     235.7914265672241356     -0.0020744
     236.3962352247336867      0.0097130
     237.0010463206699001     -0.0030195
     237.6058598550328043      0.0058611
     238.2106758277558640      0.0038081
     238.8154942389721498     -0.0150936
     239.4203150886816616     -0.0016385
     240.0251383767513289     -0.0103303
     240.6299641033808427     -0.0093621
     241.2347922685035826     -0.0094101
     241.8396228721861689      0.0178364
     242.4444559143619813      0.0043958
     243.0492913950310481     -0.0070567
     243.6541293143265250     -0.0144223
     244.2589696721818484     -0.0145603
     244.8638124686635251      0.0048112
     245.4686577037050483      0.0019510
     246.0735053773729533     -0.0061883
     246.6783554897338320      0.0011763
     247.2832080406545003     -0.0027062
     247.8880630302681425      0.0003091
     248.4929204585747868      0.0053807
     249.0977803255743481     -0.0072421
     249.7026426312668548     -0.0012695
     250.3075073756523352     -0.0056546
     250.9123745588638883     -0.0231007
     251.5172441808350072      0.0032639
     252.1221162414324795      0.0038190
     252.7269907409226448      0.0094902
     253.3318676791723192     -0.0001547
     253.9367470562480946      0.0093934
     254.5416288722165348      0.0095441
     255.1465131268779203     -0.0011638
     255.7513998204985342      0.0027783
     256.3562889529452491     -0.0040587
     256.9611805243511640     -0.0018850
     257.5660745346497720      0.0013715
     258.1709709837744526      0.0047809
     258.7758698718583901     -0.0016546
     259.3807711989015274     -0.0107061
     259.9856749649039216     -0.0006870
     260.5905811699320793      0.0047000
     261.1954898138529302      0.0125198
     261.8004008968660514      0.0014702
     262.4053144187719226      0.0021867
     263.0102303798366847     -0.0021194
     263.6151487799272672     -0.0071843
     264.2200696190436702     -0.0090651
     264.8249928972524003      0.0063765
     265.4299186145534577      0.0144034
     266.0348467709468991      0.0045755
     266.6397773664993451     -0.0014334
     267.2447104011440615     -0.0012618
     267.8496458749477824     -0.0149353
     268.4545837879103374     -0.0027359
     269.0595241400984605      0.0102059
     269.6644669314455314      0.0085090
     270.2694121620179999      0.0031483
     270.8743598318160366      0.0055440
     271.4793099408395847      0.0035522
     272.0842624891551509     -0.0050524
     272.6892174766962285      0.0137088
     273.2941749035293810     -0.0093948
     273.8991347696546086      0.0173257
     274.5040970750719111     -0.0010699
     275.1090618198477955      0.0044535
     275.7140290040488821     -0.0078635
     276.3189986274755370      0.0074553
     276.9239706903273373      0.0019417
     277.5289451925377193      0.0069900
     278.1339221341734174      0.0107280
     278.7389015153007676      0.0087108
     279.3438833357202498      0.0234745
     279.9488675956980615      0.0045434
     280.5538542950345118     -0.0015735
     281.1588434339292348     -0.0109160
     281.7638350123157807     -0.0068654
     282.3688290301274719     -0.0121646
     282.9738254875641701     -0.0084834
     283.5788243844259569     -0.0021781
     284.1838257209126368     -0.0116659
     284.7888294969577032     -0.0139962
     285.3938357125610992     -0.0072763
     285.9988443677893883     -0.0110117
     286.6038554625760071     -0.0115033
     287.2088689969875759     -0.0057513
     287.8138849710905447      0.0014096
     288.4189033848184636     -0.0065429
     289.0239242382378393      0.0036384
     289.6289475312821082     -0.0039111
     290.2339732640178340     -0.0088947
     290.8390014365781440     -0.0054483
     291.4440320486968403     -0.0095302
     292.0490651007066276     -0.0016877
     292.6541005923413650     -0.0041240
     293.2591385238673070      0.0057020
     293.8641788951512694      0.0016340
     294.4692217061932524     -0.0045461
     295.0742669570598196     -0.0014492
     295.6793146477509708      0.0094100
     296.2843647783333267     -0.0079039
     296.8894173487402668     -0.0064395
     297.4944723590384115     -0.0065149
     298.0995298092277608     -0.0110923
     298.7045896992416374     -0.0099100
     299.3096520292797891     -0.0076495
     299.9147167992092022     -0.0282549
     300.5197840090962700     -0.0210710
     301.1248536589411060     -0.0169150
     301.7299257486771467     -0.0115452
     302.3350002785040260     -0.0208248
     302.9400772483551805     -0.0074246
     303.5451566581641600     -0.0106580
     304.1502385080639783     -0.0238377
     304.7553227979880717     -0.0149620
     305.3604095280030037     -0.0205161
     305.9654986980423246     -0.0177404
     306.5705903081724273     -0.0159925
     307.1756843584600460     -0.0023311
     307.7807808488385035     -0.0079477
     308.3858797794409838     -0.0022136
     308.9909811501343597      0.0046421
     309.5960849609851380      0.0016364
     310.2011912120599391     -0.0000658
     310.8062999032255789     -0.0014107
     311.4114110347483688     -0.0121936
     312.0165246064285611     -0.0197081
     312.6216406183328331      0.0060052
     313.2267590705276916     -0.0041014
     313.8318799629464593     -0.0046339
     314.4370032957224339     -0.0039705
     315.0421290687889382     -0.0033182
     315.6472572821460858     -0.0048185
     316.2523879358603835      0.0024653
     316.8575210298652109     -0.0069871
     317.4626565642936953     -0.0096729
     318.0677945390793866     -0.0016669
     318.6729349542221712     -0.0062673
     319.2780778098552901      0.0052249
     319.8832231057789954     -0.0116208
     320.4883708422594850      0.0050507
     321.0935210191636315     -0.0030600
     321.6986736364916055     -0.0242123
     322.3038286943098001     -0.0080457
     322.9089861926182721     -0.0117356
     323.5141461314170215     -0.0017840
     324.1193085108391756      0.0028230
     324.7244733306850435     -0.0113532
     325.3296405911543161     -0.0127447
     325.9348102921139230     -0.0060122
     326.5399824336968777     -0.0110503
     327.1451570159698008     -0.0197506
     327.7503340387330582     -0.0087481
     328.3555135021862270     -0.0070826
     328.9606954061962369      0.0017356
     329.5658797509628357     -0.0012098
     330.1710665363528392      0.0049696
     330.7762557624328110     -0.0057188
     331.3814474292027512     -0.0033386
     331.9866415366626597      0.0112693
     332.5918380849456639     -0.0098839
     333.1970370739187501     -0.0259424
     333.8022385036482547     -0.0192183
     334.4074423741344049     -0.0109455
     335.0126486854436507     -0.0134269
     335.6178574375093717     -0.0073449
     336.2230686304648088      0.0029250
     336.8282822641767780      0.0137951
     337.4334983388450269      0.0128738
     338.0387168542698078      0.0111467
     338.6439378105842479      0.0019103
     339.2491612078549110     -0.0009865
     339.8543870459487835     -0.0056077
     340.4596153250653856      0.0003971
     341.0648460450051402      0.0123274
     341.6700792060342451      0.0072850
     342.2753148079530092     -0.0098640
     342.8805528508281100     -0.0243584
     343.4857933347259404      0.0158235
     344.0910362595800507      0.0231744
     344.6962816255901316      0.0053622
     345.3015294325564355     -0.0004305
     345.9067796805455259      0.0113483
     346.5120323696905871     -0.0109161
     347.1172874997918711     -0.0080033
     347.7225450711156896     -0.0126123
     348.3278050835289150      0.0060413
     348.9330675370314907      0.0136598
     349.5383324316900939     -0.0007547
     350.1435997675045542     -0.0170594
     350.7488695445415487      0.0004544
     351.3541417627344572      0.0144692
     351.9594164220833932     -0.0134925
     352.5646935227213703      0.0053202
     353.1699730645152613     -0.0007133
     353.7752550475982503     -0.0015881
     354.3805394719703941     -0.0123735
     354.9858263375650154     -0.0089607
     355.5911156445152415      0.0027362
     356.1964073926880587      0.0096195
     356.8017015822829876     -0.0068049
     357.4069982131671281     -0.0170147
     358.0122972853402530      0.0028070
     358.6175987990022236     -0.0043728
     359.2229027538866717      0.0015606
     359.8282091503264724      0.0086065
     360.4335179881219346     -0.0009450
     361.0388292672730586     -0.0055738
     361.6441429879129714     -0.0082039
     362.2494591499751095     -0.0160119
     362.8547777535925434     -0.0195279
     363.4600987986322025     -0.0063675
     364.0654222851607074     -0.0016798
     364.6707482132445648     -0.0055888
     365.2760765828171543     -0.0006176
     365.8814073939450964      0.0143539
     366.4867406466284478      0.0113463
     367.0920763408670950     -0.0062990
     367.6974144767276584      0.0048960
     368.3027550541436312      0.0051482
     368.9080980732479702      0.0059930
     369.5134435339078323     -0.0000059
     370.1187914362560605     -0.0113491
     370.7241417802262617     -0.0111331
     371.3294945658849429     -0.0187916
     371.9348497932986106     -0.0080736
     372.5402074623343083      0.0020601
     373.1455675731249357     -0.0108244
     373.7509301256707204     -0.0063630
     374.3562951199049849     -0.0108349
     374.9616625559607996      0.0097748
     375.5670324337717716     -0.0025888
     376.1724047533377302     -0.0072196
     376.7777795147918596     -0.0105617
     377.3831567180010325      0.0017535
     377.9885363630984898     -0.0068779
     378.5939184500174974     -0.0017575
     379.1993029788247327      0.0011458
     379.8046899495200819     -0.0184911
     380.4100793620371519     -0.0126185
     381.0154712165754631     -0.0132811
     381.6208655130020020     -0.0014878
     382.2262622513167116     -0.0037181
     382.8316614316527762     -0.0196672
     383.4370630538769547     -0.0055803
     384.0424671181891085     -0.0009848
     384.6478736244559968      0.0019786
     385.2532825727441832     -0.0000407
     385.8586939630536676      0.0197882
     386.4641077953845638     -0.0003488
     387.0695240698033217      0.0138828
     387.6749427863099413      0.0260684
     388.2803639449044795      0.0162013
     388.8857875455868793     -0.0002439
     389.4912135883571409      0.0095723
     390.0966420732819415      0.0036917
     390.7020730004277311      0.0169533
     391.3075063696613825      0.0065015
     391.9129421810495160      0.0106177
     392.5183804346586953      0.0171611
     393.1238211304888637      0.0162200
     393.7292642685400779      0.0064193
     394.3347098488123379     -0.0071397
     394.9401578713721506     -0.0000040
     395.5456083361529522      0.0108225
     396.1510612432214771     -0.0061046
     396.7565165926440613     -0.0040468
     397.3619743842876915     -0.0133288
     397.9674346183520584     -0.0170995
     398.5728972946374142     -0.0048654
     399.1783624134100705      0.0072937
     399.7838299744703932      0.0055736
     400.3892999778847752      0.0068626
     400.9947724237865145      0.0132683
     401.6002473120423701      0.0229532
     402.2057246427855830      0.0149112
     402.8112044159494758      0.0089538
     403.4166866315340485     -0.0016138
     404.0221712896060353     -0.0006087
     404.6276583901652657      0.0066761
     405.2331479332117397      0.0044458
     405.8386399188787550      0.0033958
     406.4441343469663934     -0.0059981
     407.0496312176079527      0.0066578
     407.6551305308032624      0.0060177
     408.2606322866856772      0.0048588
     408.8661364850553923     -0.0070608
     409.4716431260454783      0.0032945
     410.0771522097226125      0.0025980
     410.6826637359535539      0.0035645
     411.2881777048715435     -0.0058897
     411.8936941164765244     -0.0192344
     412.4992129707019330     -0.0082638
     413.1047342676808398     -0.0168302
     413.7102580072802311     -0.0085148
     414.3157841896997411      0.0019551
     414.9213128148062992      0.0061527
     415.5268438826663555      0.0077610
     416.1323773933465873     -0.0122580
     416.7379133467803740      0.0094804
     417.3434517430342225      0.0119190
     417.9489925820417398      0.0058872
     418.5545358639358824      0.0006889
     419.1600815886502005      0.0054116
     419.7656297561845804      0.0052248
     420.3711803666722631     -0.0049385
     420.9767334199801212     -0.0071367
     421.5822889161746048      0.0097529
     422.1878468553889547      0.0031454
     422.7934072374234802      0.0134624
     423.3989700624777583     -0.0098978
     424.0045353304853961     -0.0105916
     424.6101030414461661      0.0072687
     425.2156731953603526      0.0097028
     425.8212457922942917      0.0047237
     426.4268208323146041      0.0050507
     427.0323983153547829     -0.0072589
     427.6379782414148281      0.0079218
     428.2435606105612464      0.0123470
     428.8491454227274744      0.0054887
     429.4547326780466960     -0.0014806
     430.0603223764522909     -0.0009254
     430.6659145179442589     -0.0022428
     431.2715091026558412     -0.0080519
     431.8771061304537966     -0.0117256
     432.4827056014712525     -0.0088001
     433.0883075157082658      0.0179945
     433.6939118730317091      0.0012995
     434.2995186736412165     -0.0013142
     434.9051279174037177     -0.0149270
     435.5107396045188466     -0.0078036
     436.1163537348535328      0.0152325
     436.7219703084077764      0.0028584
     437.3275893252480842     -0.0048818
     437.9332107854410765     -0.0021551
     438.5388346889201898     -0.0026963
     439.1444610357519878      0.0074323
     439.7500898258698498      0.0045101
     440.3557210594069602      0.0194876
     440.9613547362966983      0.0098137
     441.5669908566056847     -0.0090095
     442.1726294203339762      0.0027592
     442.7782704274148955      0.0048817
     443.3839138779816267     -0.0049205
     443.9895597719676061     -0.0023306
     444.5952081094393407     -0.0174415
     445.2008588903968871      0.0011677
     445.8065121147736818      0.0176777
     446.4121677827029089      0.0120236
     447.0178258941843978      0.0088796
     447.6234864491517556      0.0123538
     448.2291494477380525     -0.0043281
     448.8348148898101613     -0.0023666
     449.4404827755677161      0.0080981
     450.0461531048111397      0.0011469
     450.6518258777400661      0.0180875
     451.2575010942878748      0.0102632
     451.8631787544546796     -0.0017365
     452.4688588583069304      0.0014166
     453.0745414057781772      0.0010688
     453.6802263970014906     -0.0150372
     454.2859138319103067      0.0123577
     454.8916037105046257      0.0009203
     455.4972960328509544     -0.0015393
     456.1029907988828995      0.0126471
     456.7086880087333611      0.0104512
     457.3143876624025665     -0.0033703
     457.9200897597572748     -0.0094842
     458.5257943009971768     -0.0130354
     459.1315012859891453      0.0198017
     459.7372107148663076      0.0076392
     460.3429225875620432     -0.0073094
     460.9486369040765226      0.0081448
     461.5543536645427025     -0.0059100
     462.1600728688941331      0.0054892
     462.7657945171308143     -0.0052212
     463.3715186093192528      0.0012653
     463.9772451453928284      0.0134533
     464.5829741254848386      0.0070108
     465.1887055494619290     -0.0072521
     465.7944394175240177     -0.0122645
     466.4001757295379207     -0.0000900
     467.0059144855035242      0.0011253
     467.6116556855540694      0.0075940
     468.2173993296229924     -0.0051474
     468.8231454177767432     -0.0143994
     469.4288939500154356     -0.0008276
     470.0346449262725059      0.0111742
     470.6403983466809677      0.0068090
     471.2461542111078643      0.0078151
     471.8519125197527728      0.0116195
     472.4576732725491297      0.0010379
     473.0634364694969918      0.0195218
     473.6692021105963590      0.0143187
     474.2749701958471746      0.0117860
     474.8807407253825659      0.0216410
     475.4865136991360259      0.0047102
     476.0922891170409912      0.0031667
     476.6980669792305321      0.0087013
     477.3038472857047054      0.0040232
     477.9096300364635113      0.0174746
     478.5154152315068359      0.0131816
     479.1212028708349067      0.0116368
     479.7269929545140599      0.0074533
     480.3327854824778456      0.0043157
     480.9385804547928274     -0.0090149
     481.5443778715255121     -0.0096897
     482.1501777326094498      0.0089360
     482.7559800381110904      0.0174229
     483.3617847879639271      0.0133973
     483.9675919823010304      0.0037968
     484.5734016211225139      0.0107872
     485.1792137042950799      0.0102979
     485.7850282320186466      0.0125496
     486.3908452041598593      0.0248750
     486.9966646208519592      0.0052931
     487.6024864820284392      0.0004161
     488.2083107876892427      0.0068608
     488.8141375379674400     -0.0043841
