Scan:    466   RXJ0044.9+1921 2015-10-24 +07 44 04.0
         OPTICAL                 Tb    
        km/s-LSR                 XX
    -522.5359026033499958     -0.0044860
    -521.9341406217616850      0.0068935
    -521.3323762200859619     -0.0178194
    -520.7306093984226436     -0.0252469
    -520.1288401567385336     -0.0187800
    -519.5270684950003215     -0.0031144
    -518.9252944131746972     -0.0104690
    -518.3235179112616606      0.0082338
    -517.7217389892945221     -0.0109392
    -517.1199576471401542     -0.0004417
    -516.5181738848983741      0.0008902
    -515.9163877025358715      0.0025332
    -515.3145990999862533     -0.0013777
    -514.7128080772492922      0.0035455
    -514.1110146343582983      0.0016970
    -513.5092187712801888     -0.0078090
    -512.9074204879814260     -0.0004954
    -512.3056197843956170      0.0065373
    -511.7038166606225218     -0.0017043
    -511.1020111165956337     -0.0018795
    -510.5002031522816992     -0.0020517
    -509.8983927676472945      0.0008342
    -509.2965799627257866     -0.0019123
    -508.6947647375172892      0.0043979
    -508.0929470919883215      0.0004819
    -507.4911270260391234     -0.0092058
    -506.8893045397695118     -0.0058473
    -506.2874796331462903      0.0000934
    -505.6856523060695849     -0.0028373
    -505.0838225586391559     -0.0169597
    -504.4819903908217498     -0.0131019
    -503.8801558025176064     -0.0171544
    -503.2783187937598655     -0.0180727
    -502.6764793645486975     -0.0142896
    -502.0746375148839320      0.0002824
    -501.4727932447323724      0.0098275
    -500.8709465539942016     -0.0055107
    -500.2690974428024901     -0.0110376
    -499.6672459110906743     -0.0013583
    -499.0653919588255008     -0.0112137
    -498.4635355859070955     -0.0081768
    -497.8616767925019531      0.0005306
    -497.2598155784768323     -0.0196975
    -496.6579519437984800     -0.0034696
    -496.0560858885335165     -0.0172848
    -495.4542174126485747      0.0090216
    -494.8523465161104014     -0.0088118
    -494.2504731988524327     -0.0013699
    -493.6485974609412892     -0.0169687
    -493.0467193023769141      0.0070259
    -492.4448387230593767      0.0021576
    -491.8429557229888474     -0.0017241
    -491.2410703021985796      0.0067561
    -490.6391824606884597      0.0060156
    -490.0372921983919809     -0.0089171
    -489.4353995152758898     -0.0099209
    -488.8335044113734398      0.0085736
    -488.2316068866846877     -0.0020857
    -487.6297069411095890     -0.0179599
    -487.0278045747482452     -0.0008694
    -486.4258997875339787     -0.0140084
    -485.8239925794334226      0.0075757
    -485.2220829504134372      0.0105497
    -484.6201709005405291      0.0146951
    -484.0182564297481349      0.0061652
    -483.4163395380029442      0.0006989
    -482.8144202252717037     -0.0046348
    -482.2124984916542871     -0.0103730
    -481.6105743370507639     -0.0040607
    -481.0086477614611908     -0.0095084
    -480.4067187647857509      0.0004477
    -479.8047873471907678      0.0126996
    -479.2028535085099179     -0.0103701
    -478.6009172487764545     -0.0174772
    -477.9989785680236309      0.0106385
    -477.3970374661848837      0.0046384
    -476.7950939432602695      0.0014891
    -476.1931479991498577     -0.0118547
    -475.5911996339868324     -0.0006187
    -474.9892488477046300     -0.0042845
    -474.3872956402699401     -0.0014449
    -473.7853400116161993     -0.0092618
    -473.1833819618432244     -0.0059277
    -472.5814214908512554      0.0072950
    -471.9794585986735456     -0.0055330
    -471.3774932852102211     -0.0093714
    -470.7755255505610990      0.0160546
    -470.1735553946596724      0.0045523
    -469.5715828175059414     -0.0071718
    -468.9696078189999753      0.0003246
    -468.3676303992750718     -0.0014513
    -467.7656505581978763     -0.0003219
    -467.1636682957685593     -0.0211370
    -466.5616836120536277      0.0020249
    -465.9596965069865178      0.0131111
    -465.3577069805671726      0.0171242
    -464.7557150326958322     -0.0167274
    -464.1537206634723702     -0.0147931
    -463.5517238728301663     -0.0198141
    -462.9497246607691636     -0.0117932
    -462.3477230272228553      0.0087537
    -461.7457189722578050     -0.0032226
    -461.1437124958074492      0.0060224
    -460.5417035979050411      0.0180918
    -459.9396922784508206     -0.0107571
    -459.3376785375111808     -0.0003338
    -458.7356623750530389      0.0105473
    -458.1336437909764072      0.0039176
    -457.5316227854145268     -0.0024677
    -456.9295993582674669      0.0019453
    -456.3275735095684809      0.0069062
    -455.7255452391844415      0.0033792
    -455.1235145472153363     -0.0062298
    -454.5214814336609948      0.0200494
    -453.9194458984217135      0.0070900
    -453.3174079414973221      0.0005817
    -452.7153675629213012     -0.0074546
    -452.1133247626934804      0.0029154
    -451.5112795407140993     -0.0181708
    -450.9092318969831581     -0.0071535
    -450.3071818316004169     -0.0049473
    -449.7051293444329190     -0.0032344
    -449.1030744354472404     -0.0188798
    -448.5010171047431982     -0.0090184
    -447.8989573522542855     -0.0032088
    -447.2968951779473059      0.0027249
    -446.6948305817888354      0.0156075
    -446.0927635638455513     -0.0102511
    -445.4906941240175229     -0.0057336
    -444.8886222623380604     -0.0081700
    -444.2865479787406002      0.0022118
    -443.6844712732917628     -0.0005848
    -443.0823921459248709      0.0092075
    -442.4803105966399244      0.0109549
    -441.8782266253705302      0.0049552
    -441.2761402322163349      0.0061787
    -440.6740514170443248     -0.0030383
    -440.0719601799210068     -0.0183673
    -439.4698665207465638      0.0051083
    -438.8677704396208128      0.0218318
    -438.2656719364772471      0.0169245
    -437.6635710112159927     -0.0036910
    -437.0614676639701202      0.0007799
    -436.4593618946399260      0.0026519
    -435.8572537032252399     -0.0096582
    -435.2551430896595548     -0.0036412
    -434.6530300540094345      0.0024916
    -434.0509145962749358      0.0112362
    -433.4487967163562416     -0.0119814
    -432.8466764142531815     -0.0103714
    -432.2445536900324328      0.0044904
    -431.6424285436274317     -0.0018710
    -431.0403009750049250     -0.0140196
    -430.4381709840982353      0.0116285
    -429.8360385710405467     -0.0092549
    -429.2339037357320990      0.0052520
    -428.6317664781061580     -0.0100581
    -428.0296267982627114      0.0053645
    -427.4274846961351386     -0.0097281
    -426.8253401716901294      0.0091113
    -426.2231932248945441      0.0068678
    -425.6210438557814086     -0.0017864
    -425.0188920643510073     -0.0034059
    -424.4167378505365491     -0.0121491
    -423.8145812143048943     -0.0060224
    -423.2124221557558030      0.0091681
    -422.6102606747561481     -0.0005508
    -422.0080967713725499     -0.0014765
    -421.4059304454718244     -0.0006205
    -420.8037616971871557      0.0036563
    -420.2015905264519233      0.0191329
    -419.5994169331663102     -0.0099623
    -418.9972409174635004      0.0060167
    -418.3950624792102531     -0.0059586
    -417.7928816184731318      0.0017075
    -417.1906983351191798      0.0130449
    -416.5885126292812970      0.0216008
    -415.9863245008597801      0.0029114
    -415.3841339498545722      0.0168154
    -414.7819409762324767      0.0117640
    -414.1797455800266334     -0.0036886
    -413.5775477612038458     -0.0036234
    -412.9753475197308603     -0.0043879
    -412.3731448555409997      0.0034252
    -411.7709397687675050      0.0053238
    -411.1687322592772489     -0.0003725
    -410.5665223270368074     -0.0099663
    -409.9643099721794783      0.0045869
    -409.3620951945387674     -0.0093398
    -408.7598779941812381     -0.0197463
    -408.1576583710070736     -0.0067799
    -407.5554363251160908      0.0217192
    -406.9532118564416692      0.0004264
    -406.3509849649839225     -0.0025577
    -405.7487556506430337     -0.0002492
    -405.1465239135186494     -0.0036657
    -404.5442897535443763      0.0149825
    -403.9420531707201576      0.0030729
    -403.3398141649794297      0.0114211
    -402.7375727363887563     -0.0020562
    -402.1353288848815737      0.0017547
    -401.5330826104578819      0.0073478
    -400.9308339130844274     -0.0073591
    -400.3285827927944069      0.0027466
    -399.7263292495213136     -0.0079913
    -399.1240732832319509     -0.0044787
    -398.5218148940259653      0.0134655
    -397.9195540818036534     -0.0044403
    -397.3172908465317619      0.0071047
    -396.7150251882101202      0.0089077
    -396.1127571068722091      0.0142847
    -395.5104866024846046      0.0000648
    -394.9082136750141103     -0.0059037
    -394.3059383243941056      0.0109590
    -393.7036605506912110     -0.0014407
    -393.1013803539053129     -0.0006461
    -392.4990977339699043      0.0137040
    -391.8968126908185354      0.0070695
    -391.2945252245841630      0.0005980
    -390.6922353351337733      0.0064353
    -390.0899430224339994     -0.0094450
    -389.4876482865847720      0.0029392
    -388.8853511275194705     -0.0003050
    -388.2830515452048417      0.0084403
    -387.6807495396075751      0.0148353
    -387.0784451107609243     -0.0019947
    -386.4761382586649461     -0.0025481
    -385.8738289832530199     -0.0134084
    -385.2715172844586959     -0.0021981
    -384.6692031624149308      0.0023371
    -384.0668866170220213      0.0274145
    -383.4645676482466570     -0.0013139
    -382.8622462560887811     -0.0012355
    -382.2599224405485074     -0.0114298
    -381.6575962016588619      0.0010516
    -381.0552675392870583     -0.0189895
    -380.4529364534994329     -0.0132799
    -379.8506029442960426     -0.0003828
    -379.2482670116435770      0.0162056
    -378.6459286554754726      0.0035738
    -378.0435878758250965      0.0095387
    -377.4412446727257020      0.0083705
    -376.8388990460773584     -0.0060973
    -376.2365509958468124      0.0015793
    -375.6342005221006843     -0.0138594
    -375.0318476248389175     -0.0060435
    -374.4294923039616947      0.0007413
    -373.8271345594690160     -0.0004937
    -373.2247743913941918      0.0047304
    -372.6224117997370513      0.0224232
    -372.0200467843647516     -0.0020604
    -371.4176793454101926     -0.0085478
    -370.8153094827736709     -0.0171130
    -370.2129371964550160     -0.0019893
    -369.6105624864210881     -0.0056600
    -369.0081853527051408      0.0079398
    -368.4058057952738636     -0.0132384
    -367.8034238141272567      0.0097799
    -367.2010394091655030      0.0031664
    -366.5986525804551661      0.0054220
    -365.9962633279961892      0.0078274
    -365.3938716517553758     -0.0079672
    -364.7914775516327950      0.0040845
    -364.1890810277283208     -0.0015033
    -363.5866820800086998      0.0065766
    -362.9842807084073684      0.0196269
    -362.3818769128909594      0.0036014
    -361.7794706935594036     -0.0141862
    -361.1770620503128271      0.0085616
    -360.5746509831179765     -0.0011250
    -359.9722374920413586      0.0071369
    -359.3698215770164666     -0.0030495
    -358.7674032380432436     -0.0027166
    -358.1649824750551829     -0.0126185
    -357.5625592881187913     -0.0173454
    -356.9601336771675619     -0.0165456
    -356.3577056422346914     -0.0092878
    -355.7552751831871660      0.0013371
    -355.1528423001580563     -0.0098076
    -354.5504069930807418     -0.0102809
    -353.9479692619220259      0.0018480
    -353.3455291066485984     -0.0071108
    -352.7430865272936558     -0.0134647
    -352.1406415238240584     -0.0009441
    -351.5381940961732425     -0.0005706
    -350.9357442444408548     -0.0004930
    -350.3332919685272486     -0.0107446
    -349.7308372684323672     -0.0106595
    -349.1283801441228434     -0.0038298
    -348.5259205956321011      0.0084935
    -347.9234586229600836     -0.0039615
    -347.3209942260068601      0.0058274
    -346.7185274047725443      0.0006445
    -346.1160581593569532      0.0081771
    -345.5135864896269027     -0.0218770
    -344.9111123956157030      0.0016629
    -344.3086358772235940      0.0109986
    -343.7061569345835323      0.0215912
    -343.1036755675958148      0.0072628
    -342.5011917762270741      0.0001315
    -341.8987055605106775     -0.0067184
    -341.2962169204465681     -0.0052298
    -340.6937258559681254      0.0010951
    -340.0912323670088995      0.0016114
    -339.4887364537019607     -0.0015221
    -338.8862381159474353     -0.0030514
    -338.2837373537454368     -0.0112579
    -337.6812341670292881     -0.0044107
    -337.0787285558655526      0.0009186
    -336.4762205202209202     -0.0002770
    -335.8737100600622512      0.0060103
    -335.2711971752895579      0.0075049
    -334.6686818660693348      0.0151299
    -334.0661641322683977      0.0000748
    -333.4636439738534932      0.0005953
    -332.8611213909244384      0.0114712
    -332.2585963833481628     -0.0076719
    -331.6560689511912301      0.0040107
    -331.0535390943536527      0.0010079
    -330.4510068129022216      0.0119058
    -329.8484721068034560      0.0141741
    -329.2459349760574128      0.0068632
    -328.6433954205310215      0.0032635
    -328.0408534403573526      0.0005628
    -327.4383090355032095     -0.0016679
    -326.8357622058686047      0.0036001
    -326.2332129514535950      0.0119198
    -325.6306612723581111      0.0111386
    -325.0281071684488552     -0.0031256
    -324.4255506397593081      0.0068742
    -323.8229916862227356      0.0120825
    -323.2204303079057581      0.0082764
    -322.6178665047751224      0.0096440
    -322.0153002767309545     -0.0014321
    -321.4127316238731282      0.0125453
    -320.8101605461350232     -0.0094380
    -320.2075870434834428     -0.0039106
    -319.6050111159182734     -0.0057952
    -319.0024327634396855     -0.0031333
    -318.3998519860474516     -0.0035426
    -317.7972687837084322      0.0124414
    -317.1946831563228102     -0.0088762
    -316.5920951040235991      0.0005235
    -315.9895046267442922     -0.0051624
    -315.3869117244183258     -0.0036312
    -314.7843163970457567     -0.0124766
    -314.1817186446930350      0.0053714
    -313.5791184672604004      0.0151374
    -312.9765158647145427      0.0093961
    -312.3739108371552220     -0.0090508
    -311.7713033844827351     -0.0027869
    -311.1686935066970250      0.0082915
    -310.5660812037314713     -0.0038928
    -309.9634664756860616     -0.0081843
    -309.3608493224607514     -0.0057191
    -308.7582297440890216      0.0104760
    -308.1556077404708276      0.0024789
    -307.5529833117062140      0.0072172
    -306.9503564577285033      0.0106964
    -306.3477271785043854     -0.0032202
    -305.7450954740006068     -0.0034442
    -305.1424613442838449     -0.0051403
    -304.5398247892873655      0.0011623
    -303.9371858089779153      0.0076543
    -303.3345444033888612      0.0132058
    -302.7319005724868930     -0.0103533
    -302.1292543162719539     -0.0114630
    -301.5266056346442838     -0.0018500
    -300.9239545277036427     -0.0106847
    -300.3213009953835240      0.0029719
    -299.7186450376838707     -0.0018331
    -299.1159866545049795      0.0045441
    -298.5133258459797503     -0.0084112
    -297.9106626120084798      0.0039349
    -297.3079969525911679     -0.0043291
    -296.7053288676611942     -0.0127659
    -296.1026583573184325      0.0055330
    -295.4999854214630659      0.0004408
    -294.8973100600617840     -0.0077600
    -294.2946322731811506     -0.0130310
    -293.6919520607546019     -0.0136556
    -293.0892694227821380     -0.0100367
    -292.4865843591971952     -0.0122695
    -291.8838968700662804     -0.0027913
    -291.2812069553562537     -0.0096732
    -290.6785146150336345      0.0205186
    -290.0758198490320297      0.0091070
    -289.4731226574179459     -0.0020370
    -288.8704230401913264      0.0085294
    -288.2677209972857213      0.0030403
    -287.6650165286344532     -0.0022790
    -287.0623096343374527      0.0087727
    -286.4596003143280996      0.0321615
    -285.8568885685730834      0.0142374
    -285.2541743970392076     -0.0204306
    -284.6514577998263462      0.0103933
    -284.0487387768012013      0.0092530
    -283.4460173279638866     -0.0011262
    -282.8432934533809657     -0.0058683
    -282.2405671529526217     -0.0111326
    -281.6378384267120509      0.0132533
    -281.0351072745926899      0.0053531
    -280.4323736966278489     -0.0149245
    -279.8296376928175846     -0.0031686
    -279.2268992631285869     -0.0036994
    -278.6241584074609818     -0.0002257
    -278.0214151259145865     -0.0176082
    -277.4186694184561475     -0.0035434
    -276.8159212850524113      0.0024223
    -276.2131707256367577      0.0083339
    -275.6104177402758637     -0.0019054
    -275.0076623289362487      0.0141900
    -274.4049044915515765      0.0122393
    -273.8021442281881832     -0.0099292
    -273.1993815387797326      0.0032240
    -272.5966164233593076     -0.0074506
    -271.9938488817938946      0.0020122
    -271.3910789141833106      0.0044573
    -270.7883065204943023     -0.0138926
    -270.1855317006935593      0.0064453
    -269.5827544547477146     -0.0025060
    -268.9799747826901921     -0.0080309
    -268.3771926844543145      0.0009249
    -267.7744081601067592     -0.0043934
    -267.1716212094809748     -0.0050094
    -266.5688318327435127     -0.0098749
    -265.9660400297611318     -0.0087116
    -265.3632458005338890     -0.0109578
    -264.7604491450951514      0.0092416
    -264.1576500634113813      0.0017879
    -263.5548485554495528      0.0014674
    -262.9520446211762419     -0.0093491
    -262.3492382606248157     -0.0061891
    -261.7464294737952173      0.0026192
    -261.1436182605875729      0.0077279
    -260.5408046210352495      0.0017687
    -259.9379885551381903      0.0045180
    -259.3351700628963954      0.0006851
    -258.7323491442433010     -0.0155356
    -258.1295257991789640      0.0029737
    -257.5267000277032707      0.0015663
    -256.9238718298163349     -0.0057984
    -256.3210412054514791     -0.0133790
    -255.7182081546420989     -0.0055585
    -255.1153726773881374      0.0195958
    -254.5125347736230310      0.0038925
    -253.9096944433134979      0.0004676
    -253.3068516865593836     -0.0102366
    -252.7040065032275322      0.0104073
    -252.1011588933845928     -0.0050694
    -251.4983088568973528      0.0153222
    -250.8954563938989679      0.0117825
    -250.2926015043228745     -0.0090199
    -249.6897441881024804     -0.0092494
    -249.0868844452378426     -0.0022740
    -248.4840222757954677      0.0121192
    -247.8811576796755674      0.0227829
    -247.2782906569113663      0.0005669
    -246.6754212074030193     -0.0088426
    -246.0725493312836818      0.0018682
    -245.4696750284202551     -0.0010988
    -244.8667982987793721      0.0062892
    -244.2639191424942453      0.0232080
    -243.6610375593983804      0.0006411
    -243.0581535495584546     -0.0002988
    -242.4552671129077908     -0.0091670
    -241.8523782494797274     -0.0140686
    -241.2494869592742077     -0.0083166
    -240.6465932422247533     -0.0126170
    -240.0436970982647438      0.0038174
    -239.4407985275273063     -0.0007604
    -238.8378975299126523      0.0060707
    -238.2349941053873863      0.0016657
    -237.6320882539516219     -0.0201254
    -237.0291799756385842      0.0037758
    -236.4262692703817095     -0.0237983
    -235.8233561381477159     -0.0179443
    -235.2204405789698853     -0.0101059
    -234.6175225928482462     -0.0018155
    -234.0146021797494882      0.0026757
    -233.4116793396070477      0.0030550
    -232.8087540724542066      0.0153906
    -232.2058263783242467      0.0107231
    -231.6028962571173224      0.0153894
    -230.9999637088001805     -0.0023692
    -230.3970287334392992      0.0116372
    -229.7940913310014821      0.0009057
    -229.1911515014867291     -0.0180848
    -228.5882092447618561     -0.0095166
    -227.9852645609932722     -0.0004936
    -227.3823174500479070     -0.0032759
    -226.7793679118924217     -0.0030452
    -226.1764159466267188      0.0151380
    -225.5734615541508958      0.0000044
    -224.9705047344649529     -0.0083114
    -224.3675454875023547     -0.0072149
    -223.7645838133629468      0.0073667
    -223.1616197119801654     -0.0082729
    -222.5586531833207005      0.0176502
    -221.9556842273512984      0.0137533
    -221.3527128441052412      0.0155286
    -220.7497390335825003      0.0128442
    -220.1467627957165121     -0.0000819
    -219.5437841304407414     -0.0155505
    -218.9408030378883154     -0.0070992
    -218.3378195179593320      0.0064900
    -217.7348335705873126     -0.0025530
    -217.1318451959052993     -0.0059586
    -216.5288543937801933      0.0009309
    -215.9258611642120513     -0.0011751
    -215.3228655072007882     -0.0073900
    -214.7198674227464608     -0.0048843
    -214.1168669108157587      0.0131847
    -213.5138639714086821     -0.0031179
    -212.9108586044586957      0.0084557
    -212.3078508100655881      0.0157413
    -211.7048405880962605      0.0161392
    -211.1018279386173049     -0.0084161
    -210.4988128614955372     -0.0122665
    -209.8957953568973949     -0.0067043
    -209.2927754246565257     -0.0031303
    -208.6897530648393797     -0.0039221
    -208.0867282773794784     -0.0052864
    -207.4837010623100468     -0.0015762
    -206.8806714195978316      0.0062956
    -206.2776393491762974     -0.0000498
    -205.6746048511119227     -0.0064668
    -205.0715679253715109      0.0015938
    -204.4685285719217234     -0.0152683
    -203.8654867906960533      0.0053061
    -203.2624425817942893     -0.0092822
    -202.6593959451498677     -0.0012467
    -202.0563468807295351     -0.0216878
    -201.4532953884667279     -0.0034329
    -200.8502414684945450      0.0045794
    -200.2471851206799158     -0.0049580
    -199.6441263450560371     -0.0103415
    -199.0410651415564018     -0.0111885
    -198.4380015102475454     -0.0112004
    -197.8349354510629610     -0.0071597
    -197.2318669639692814     -0.0012073
    -196.6287960489998454     -0.0051059
    -196.0257227061213712      0.0127928
    -195.4226469353338018      0.0138834
    -194.8195687365706306     -0.0041267
    -194.2164881098651108      0.0079125
    -193.6134050552172425      0.0032204
    -193.0103195725604905     -0.0047263
    -192.4072316618948264     -0.0023435
    -191.8041413232202501     -0.0033590
    -191.2010485565367617      0.0225554
    -190.5979533618110793     -0.0033803
    -189.9948557389766393      0.0047423
    -189.3917556881332871      0.0143760
    -188.7886532091812057     -0.0059723
    -188.1855483020870565      0.0131686
    -187.5824409669507418      0.0035027
    -186.9793312036390773     -0.0008870
    -186.3762190122186837     -0.0178186
    -185.7731043925563483     -0.0000122
    -185.1699873447853122     -0.0000873
    -184.5668678688389264     -0.0007466
    -183.9637459646506272     -0.0121287
    -183.3606216322204432     -0.0287713
    -182.7574948716149379     -0.0065174
    -182.1543656827342659     -0.0071653
    -181.5512340656117090     -0.0062649
    -180.9481000201806467      0.0157125
    -180.3449635464744745     -0.0038831
    -179.7418246444597969     -0.0017001
    -179.1386833140701071      0.0020800
    -178.5355395554385041      0.0223168
    -177.9323933683986354      0.0217237
    -177.3292447530169795      0.0038789
    -176.7260937092270296     -0.0018285
    -176.1229402370620392      0.0046287
    -175.5197843365220365      0.0113480
    -174.9166260075071477      0.0045849
    -174.3134652500506832     -0.0000555
    -173.7103020641526143      0.0067196
    -173.1071364498129412      0.0124674
    -172.5039684069983821     -0.0106418
    -171.9007979356091198     -0.0051448
    -171.2976250357782533      0.0013466
    -170.6944497074059370      0.0080919
    -170.0912719504921711     -0.0098464
    -169.4880917649703918     -0.0010522
    -168.8849091509404445      0.0042782
    -168.2817241083357942     -0.0144285
    -167.6785366370565669     -0.0152635
    -167.0753467372025796     -0.0027828
    -166.4721544087405789      0.0001584
    -165.8689596516373115     -0.0055285
    -165.2657624658261568     -0.0091242
    -164.6625628513737070      0.0044009
    -164.0593608082466801     -0.0042627
    -163.4561563364117944     -0.0006567
    -162.8529494358024863      0.0012129
    -162.2497401065185727      0.0006839
    -161.6465283484935469     -0.0066841
    -161.0433141617273520     -0.0145647
    -160.4400975460868892      0.0111084
    -159.8368785017385392     -0.0156699
    -159.2336570285824848      0.0007567
    -158.6304331265521341     -0.0046044
    -158.0272067957141076     -0.0032803
    -157.4239780360683199     -0.0181052
    -156.8207468475149824     -0.0024431
    -156.2175132300541236      0.0088785
    -155.6142771837522218     -0.0055016
    -155.0110387085427419     -0.0050623
    -154.4077978043924304     -0.0211010
    -153.8045544712680055      0.0047007
    -153.2013087092692842     -0.0053878
    -152.5980605182631393     -0.0048295
    -151.9948098982828810      0.0145042
    -151.3915568492618888      0.0123212
    -150.7883013713000651      0.0058405
    -150.1850434642975358      0.0013882
    -149.5817831281877659      0.0069968
    -148.9785203630705439     -0.0097644
    -148.3752551689126449      0.0040263
    -147.7719875456474483      0.0022061
    -147.1687174932417292      0.0063908
    -146.5654450117953047      0.0044367
    -145.9621701012083292     -0.0049893
    -145.3588927614475210      0.0066950
    -144.7556129925128801      0.0140361
    -144.1523307944376597     -0.0086698
    -143.5490461671886351     -0.0030914
    -142.9457591107324674      0.0079516
    -142.3424696250026500      0.0119206
    -141.7391777100989714      0.0181941
    -141.1358833659548964      0.0054918
    -140.5325865924705511      0.0036792
    -139.9292873898124014     -0.0025877
    -139.3259857578139815      0.0092932
    -138.7226816965419118      0.0094209
    -138.1193752058962332     -0.0020907
    -137.5160662859769332      0.0164103
    -136.9127549366840810     -0.0041725
    -136.3094411580509586      0.0117363
    -135.7061249499777205     -0.0009735
    -135.1028063125642689      0.0028273
    -134.4994852457439833     -0.0043869
    -133.8961617494835821     -0.0002596
    -133.2928358237498117      0.0155846
    -132.6895074686424607      0.0056738
    -132.0861766840284588      0.0017821
    -131.4828434699743696      0.0061859
    -130.8795078263470373      0.0030884
    -130.2761697532463359      0.0017781
    -129.6728292506389266     -0.0145543
    -129.0694863184583028     -0.0068065
    -128.4661409567709995     -0.0121120
    -127.8627931654771857      0.0159595
    -127.2594429446433963     -0.0005686
    -126.6560902941365327     -0.0031435
    -126.0527352140897079     -0.0131573
    -125.4493777044030765     -0.0067039
    -124.8460177650766383     -0.0107302
    -124.2426553960438298      0.0090726
    -123.6392905973712146     -0.0022689
    -123.0359233690255110     -0.0114004
    -122.4325537109734228      0.0055469
    -121.8291816231816966      0.0057293
    -121.2258071056835860      0.0009348
    -120.6224301584458232      0.0067981
    -120.0190507814018304     -0.0032362
    -119.4156689746514814     -0.0181067
    -118.8122847380948741     -0.0071646
    -118.2088980717320794      0.0015927
    -117.6055089754964769      0.0081941
    -117.0021174494879403      0.0013148
    -116.3987234936398920      0.0029255
    -115.7953271079190500      0.0089340
    -115.1919282922921326      0.0099689
    -114.5885270467924073      0.0167703
    -113.9851233714199168      0.0007085
    -113.3817172661080548      0.0124622
    -112.7783087307902719      0.0094948
    -112.1748977655996953      0.0115432
    -111.5714843704364796     -0.0039339
    -110.9680685452340612     -0.0015991
    -110.3646502901255388     -0.0033037
    -109.7612296049778422     -0.0069198
    -109.1578064897909002     -0.0069754
    -108.5543809445315020     -0.0157115
    -107.9509529692661403     -0.0018811
    -107.3475225639615900     -0.0118837
    -106.7440897285512733     -0.0071100
    -106.1406544630018800     -0.0053811
    -105.5372167673800021      0.0029964
    -104.9337766416190618      0.0074161
    -104.3303340857523267      0.0232005
    -103.7268890996467121      0.0172775
    -103.1234416834352885      0.0023815
    -102.5199918370515348      0.0092631
    -101.9165395603955915     -0.0020191
    -101.3130848536005857     -0.0026114
    -100.7096277165666720     -0.0275619
    -100.1061681492605402      0.0046926
     -99.5027061516822471     -0.0037378
     -98.8992417238650035      0.0014399
     -98.2957748657755985     -0.0093838
     -97.6923055773806936     -0.0129135
     -97.0888338586137536     -0.0001872
     -96.4853597095413278     -0.0032150
     -95.8818831301634305     -0.0001992
     -95.2784041203802019     -0.0074812
     -94.6749226801916421     -0.0057572
     -94.0714388096643290      0.0015095
     -93.4679525087316705      0.0081008
     -92.8644637773936807     -0.0068634
     -92.2609726155505143     -0.0023462
     -91.6574790233353127     -0.0064884
     -91.0539830006149202     -0.0064635
     -90.4504845473893511     -0.0074153
     -89.8469836637251547     -0.0051703
     -89.2434803495557958     -0.0150700
     -88.6399746048479784      0.0073176
     -88.0364664295683923      0.0007476
     -87.4329558237836295      0.0024066
     -86.8294427874271264      0.0103844
     -86.2259273204988688     -0.0082398
     -85.6224094228990111      0.0049550
     -85.0188890947606950     -0.0028781
     -84.4153663359840607     -0.0101608
     -83.8118411465691224     -0.0155207
     -83.2083135264492739     -0.0009388
     -82.6047834757244175     -0.0118539
     -82.0012509943279611     -0.0081146
     -81.3977160821600449     -0.0114715
     -80.7941787393205288     -0.0354075
     -80.1906389657428491     -0.0056273
     -79.5870967614602876     -0.0090316
     -78.9835521263397027     -0.0105411
     -78.3800050605142502     -0.0056217
     -77.7764555638840562     -0.0094188
     -77.1729036364824168      0.0093183
     -76.5693492782094722     -0.0040972
     -75.9657924891318004     -0.0024650
     -75.3622332692161052     -0.0004438
     -74.7586716184291049      0.0084431
     -74.1551075367375176      0.0122571
     -73.5515410242079213      0.0171850
     -72.9479720807737380     -0.0057542
     -72.3444007063683898     -0.0027305
     -71.7408269010584831     -0.0105761
     -71.1372506648106935      0.0045980
     -70.5336719976250350      0.0007664
     -69.9300908993683663      0.0033777
     -69.3265073702071248      0.0074901
     -68.7229214100081691      0.0015852
     -68.1193330188047668      0.0004627
     -67.5157421965303683      0.0108163
     -66.9121489432182415      0.0127655
     -66.3085532588684146      0.0231735
     -65.7049551434142813      0.0389038
     -65.1013545968558702      0.0317373
     -64.4977516191931670      0.0314486
     -63.8941462104261859      0.0292843
     -63.2905383704550601      0.0338757
     -62.6869280994129383      0.0298970
     -62.0833153971666789      0.0396769
     -61.4797002637495638      0.0344719
     -60.8760826990950221      0.0525784
     -60.2724627032696318      0.0455320
     -59.6688402762068151      0.0654276
     -59.0652154179065860      0.0622367
     -58.4615881283023597      0.0664923
     -57.8579584074939959      0.0783380
     -57.2543262553816561      0.0762201
     -56.6506916719653191      0.0869028
     -56.0470546571784283      0.1021680
     -55.4434152111208292      0.1102982
     -54.8397733337259652      0.1127294
     -54.2361290249605403      0.1216337
     -53.6324822847912728      0.1372337
     -53.0288331132514514      0.1522689
     -52.4251815103077945      0.1710320
     -51.8215274759270130      0.1661034
     -51.2178710101423960      0.1933173
     -50.6142121129206473      0.2133464
     -50.0105507842284993      0.2290950
     -49.4068870239993743      0.2350820
     -48.8032208323331318      0.2636774
     -48.1995522091631940      0.2682729
     -47.5958811544895681      0.3096826
     -46.9922076682123944      0.3109170
     -46.3885317504315324      0.3124061
     -45.7848534010804187      0.3618363
     -45.1811726201590460      0.3692013
     -44.5774894076008437      0.3956094
     -43.9738037634723895      0.4215051
     -43.3701156877403946      0.4325301
     -42.7664251803049993      0.4598768
     -42.1627322412660703      0.4937191
     -41.5590368705570299      0.4982014
     -40.9553390681445961      0.5099551
     -40.3516388339954943      0.5477077
     -39.7479361682095558      0.5635164
     -39.1442310706869492      0.5826064
     -38.5405235413943785      0.5913301
     -37.9368135803318580      0.6144457
     -37.3331011875326482      0.6351907
     -36.7293863629302066      0.6232757
     -36.1256691065578011      0.6403809
     -35.5219494183155859      0.6509140
     -34.9182272982701249      0.6838697
     -34.3145027464214252      0.6775361
     -33.7107757626363451      0.6858752
     -33.1070463470147374      0.6796297
     -32.5033144995233201      0.6999649
     -31.8995802201288114      0.6850256
     -31.2958435087646407      0.6921586
     -30.6921043654973715      0.6873553
     -30.0883627902937292      0.6671959
     -29.4846187831537065      0.6694365
     -28.8808723439441764      0.6546587
     -28.2771234728315477      0.6275321
     -27.6733721696826862      0.6397808
     -27.0696184345308879      0.6388876
     -26.4658622673095749      0.6175756
     -25.8621036680520291      0.6079668
     -25.2583426367582611      0.5890623
     -24.6545791733284112      0.5686861
     -24.0508132778290467      0.5668114
     -23.4470449502601710      0.5617448
     -22.8432741905219352      0.5555331
     -22.2395009986476140      0.5498279
     -21.6357253746372145      0.5413854
     -21.0319473184574548      0.5648115
     -20.4281668301083350      0.5639784
     -19.8243839094899919      0.5744677
     -19.2205985567355739      0.6197763
     -18.6168107717452251      0.6644586
     -18.0130205545189490      0.6999375
     -17.4092279049901748      0.7809563
     -16.8054328232254626      0.8723777
     -16.2016353091915413      0.9983788
     -15.5978353628218418      1.1339397
     -14.9940329841163571      1.2991624
     -14.3902281731416561      1.5198963
     -13.7864209297978935      1.8148334
     -13.1826112540850637      2.1386435
     -12.5787991460031723      2.5412402
     -11.9749846055522120      2.9986408
     -11.3711676326989028      3.5557163
     -10.7673482273766812      4.2051401
     -10.1635263896521089      4.9896784
      -9.5597021195251859      5.8803501
      -8.9558754168960650      6.8370585
      -8.3520462817647445      7.8447561
      -7.7482147141645070      8.7812805
      -7.1443807140953544      9.7812805
      -6.5405442814907175     11.1175451
      -5.9367054162840303     12.6852303
      -5.3328641186084278     14.1352711
      -4.7290203883307740     15.1705437
      -4.1251742254510688     15.8213940
      -3.5213256300025977     16.3463364
      -2.9174746019853592     16.5807056
      -2.3136211412995031     16.1010628
      -1.7097652479450285     14.5222530
      -1.1059069220217870     12.0088844
      -0.5020461633966440      9.3593006
       0.1018170278971170      7.2531147
       0.7056826519926306      5.7327943
       1.3095507086569111      4.5813913
       1.9134211981562279      3.7052627
       2.5172941202908792      3.0299110
       3.1211694752605661      2.5080190
       3.7250472629987224      2.0895591
       4.3289274835053471      1.7285284
       4.9328101368470092      1.4569829
       5.5366952229571398      1.2407846
       6.1405827419023060      1.0270962
       6.7444726936825079      0.8825127
       7.3483650783643153      0.7507621
       7.9522598958811566      0.6386646
       8.5561571462330352      0.5582944
       9.1600568295530849      0.4977807
       9.7639589458413045      0.4189343
      10.3678634949645616      0.3582357
      10.9717704770559887      0.3126693
      11.5756798921155877      0.2918929
      12.1795917402099239      0.2538281
      12.7835060212724319      0.2374884
      13.3874227353031081      0.2038675
      13.9913418823685234      0.1904732
      14.5952634624686777      0.1695243
      15.1991874756035710      0.1404801
      15.8031139218397669      0.1426326
      16.4070428011772727      0.1442060
      17.0109741135495085      0.1236543
      17.6149078590230559      0.0987779
      18.2188440375979077      0.0858069
      18.8227826494071984      0.0916979
      19.4267236943178006      0.0652747
      20.0306671723962673      0.0746087
      20.6346130836426092      0.0740478
      21.2385614281233934      0.0754820
      21.8425122057720458      0.0663537
      22.4464654166551441      0.0503234
      23.0504210607726776      0.0508501
      23.6543791381912243      0.0640589
      24.2583396488442062      0.0320733
      24.8623025927981942      0.0441127
      25.4662679701197590      0.0459795
      26.0702357806757661      0.0420697
      26.6742060245327721      0.0393485
      27.2781787017573620      0.0521143
      27.8821538123495216      0.0330496
      28.4861313563092580      0.0271692
      29.0901113337031347      0.0281131
      29.6940937443980175      0.0062455
      30.2980785886601822      0.0152785
      30.9020658662233494      0.0253607
      31.5060555772872277      0.0327935
      32.1100477217852429      0.0135804
      32.7140422997839764      0.0185243
      33.3180393112834139      0.0053540
      33.9220387562169918      0.0080906
      34.5260406347844153      0.0123268
      35.1300449468525500      0.0115752
      35.7340516924213887      0.0265018
      36.3380608715575093      0.0142165
      36.9420724843274755     -0.0091432
      37.5460865306647094      0.0040156
      38.1501030105692251      0.0196016
      38.7541219241075794      0.0205876
      39.3581432713463570      0.0244169
      39.9621670522189660      0.0048487
      40.5661932667254277     -0.0025154
      41.1702219148657349      0.0042052
      41.7742529968395786      0.0255289
      42.3782865124472679      0.0053117
      42.9823224617553734     -0.0013316
      43.5863608448970155     -0.0076974
      44.1904016616725031      0.0052087
      44.7944449122815413      0.0052065
      45.3984905966575596     -0.0092575
      46.0025387148671214      0.0100220
      46.6065892669102269      0.0005421
      47.2106422527203122     -0.0002294
      47.8146976723639483     -0.0017417
      48.4187555259742552     -0.0049813
      49.0228158133515493      0.0150612
      49.6268785346289434      0.0224536
      50.2309436898064590      0.0160696
      50.8350112789506596     -0.0051787
      51.4390813019949675      0.0023738
      52.0431537590059605      0.0218916
      52.6472286499836244      0.0084363
      53.2513059749279805      0.0100807
      53.8553857338390074      0.0126202
      54.4594679267167123      0.0041980
      55.0635525537608075     -0.0048519
      55.6676396147050099     -0.0133214
      56.2717291097490317      0.0118914
      56.8758210388263024      0.0124465
      57.4799154020699490      0.0099826
      58.0840121992802807      0.0029870
      58.6881114306569955      0.0033940
      59.2922130962000864     -0.0073228
      59.8963171958429967      0.0019104
      60.5004237296522902     -0.0009191
      61.1045326975613960      0.0115207
      61.7086440997034487      0.0195156
      62.3127579360784551      0.0043480
      62.9168742066864155     -0.0005931
      63.5209929113941811      0.0077385
      64.1251140504680421      0.0071576
      64.7292376237748357      0.0184522
      65.3333636313145973      0.0070552
      65.9374920730872986      0.0036205
      66.5416229492926448      0.0046271
      67.1457562597309447      0.0006651
      67.7498920044687623     -0.0052869
      68.3540301836392530      0.0187275
      68.9581707971092186      0.0141500
      69.5623138449452938      0.0134096
      70.1664593272140138     -0.0159163
      70.7706072438488292     -0.0066819
      71.3747575949162893      0.0192492
      71.9789103804164085      0.0111824
      72.5830656003491583      0.0104179
      73.1872232547811450     -0.0066632
      73.7913833436457622      0.0068403
      74.3955458670096306     -0.0072740
      74.9997108249392568     -0.0003472
      75.6038782173681057     -0.0064667
      76.2080480442961914      0.0021807
      76.8122203057234714      0.0115691
      77.4163950017831297      0.0139600
      78.0205721324751238      0.0242257
      78.6247516976663263      0.0209373
      79.2289336974899072      0.0158558
      79.8331181319458238      0.0194907
      80.4373050011006683      0.0311149
      81.0414943048212990      0.0082781
      81.6456860432408575      0.0254115
      82.2498802163593297      0.0071140
      82.8540768241101517     -0.0043965
      83.4582758666264652     -0.0222630
      84.0624773438417066      0.0117590
      84.6666812558889745      0.0146303
      85.2708876025686351      0.0042366
      85.8750963840803365      0.0147503
      86.4793076003575152     -0.0029446
      87.0835212514667489     -0.0000409
      87.6877373374080520      0.0002577
      88.2919558581148323      0.0015416
      88.8961768136536534      0.0020940
      89.5004002041576854     -0.0041900
      90.1046260294937724     -0.0023688
      90.7088542896619003     -0.0035264
      91.3130849847952391      0.0057328
      91.9173181148271823      0.0044746
      92.5215536797577727     -0.0099807
      93.1257916796535312     -0.0094577
      93.7300321145144721      0.0052223
      94.3342749843406239      0.0134881
      94.9385202891985074      0.0102569
      95.5427680290216017     -0.0112248
      96.1470182039430057     -0.0078815
      96.7512708138296205     -0.0037379
      97.3555258587479813      0.0013626
      97.9597833387646517     -0.0004902
      98.5640432538796745     -0.0005497
      99.1683056040264290      0.0032147
      99.7725703893380853     -0.0133560
     100.3768376097480655      0.0149930
     100.9811072653229473      0.0097483
     101.5853793560627025      0.0043357
     102.1896538819007958      0.0004534
     102.7939308430369181     -0.0049996
     103.3982102392713500      0.0115045
     104.0024920707372473      0.0104689
     104.6067763374346100     -0.0249703
     105.2110630394300017     -0.0152039
     105.8153521765902667     -0.0128414
     106.4196437490485749     -0.0047878
     107.0239377568048980      0.0023011
     107.6282341999258136      0.0107592
     108.2325330782781947     -0.0002880
     108.8368343919286048      0.0193889
     109.4411381410101569     -0.0070117
     110.0454443254563159     -0.0003420
     110.6497529452005040     -0.0000669
     111.2540640003758625      0.0053007
     111.8583774909823632      0.0159940
     112.4626934169534707      0.0099279
     113.0670117783557345     -0.0038941
     113.6713325752557324     -0.0069175
     114.2756558076534361     -0.0050326
     114.8799814754157609      0.0091255
     115.4843095787423692      0.0093562
     116.0886401175001339      0.0018026
     116.6929730918887600      0.0031546
     117.2973085017751345     -0.0159298
     117.9016463471592147     -0.0081159
     118.5059866281741563     -0.0024365
     119.1103293447534099      0.0093426
     119.7146744968969472     -0.0155827
     120.3190220846713459     -0.0023219
     120.9233721081431838      0.0047812
     121.5277245671127417     -0.0107708
     122.1320794618463168     -0.0006749
     122.7364367921441612      0.0009664
     123.3407965582725865     -0.0088875
     123.9451587599652953     -0.0174639
     124.5495233974220213     -0.0030850
     125.1538904706427218      0.0054067
     125.7582599795608616     -0.0040555
     126.3626319242430043      0.0022302
     126.9670063046891357      0.0040330
     127.5713831208992701     -0.0015887
     128.1757623730065347      0.0159462
     128.7801440608778023      0.0019019
     129.3845281845130444      0.0078799
     129.9889147441120087      0.0101480
     130.5933037394749476      0.0034425
     131.1976951707350452     -0.0059561
     131.8020890378922729      0.0062326
     132.4064853410131661      0.0011295
     133.0108840799646543     -0.0019733
     133.6152852548798649      0.0003506
     134.2196888657587124     -0.0058304
     134.8240949126013106      0.0013431
     135.4285033954075743      0.0109486
     136.0329143142441239      0.0065017
     136.6373276689778038     -0.0074071
     137.2417434598748684     -0.0100891
     137.8461616867356554     -0.0002884
     138.4505823496266999     -0.0015722
     139.0550054486145939     -0.0035310
     139.6594309836993091     -0.0116498
     140.2638589548808454     -0.0061333
     140.8682893621592314     -0.0182772
     141.4727222056010021     -0.0095037
     142.0771574851396224     -0.0062065
     142.6815952007750639     -0.0067061
     143.2860353526404822     -0.0016038
     143.8904779407358774     -0.0131025
     144.4949229649946574      0.0114299
     145.0993704254168506      0.0031793
     145.7038203221355559      0.0032847
     146.3082726550842665     -0.0067973
     146.9127274242628971     -0.0112577
     147.5171846297380966     -0.0152668
     148.1216442714432731     -0.0121911
     148.7261063495115252     -0.0086558
     149.3305708638763463      0.0111254
     149.9350378146042715      0.0004895
     150.5395072016952724      0.0086468
     151.1439790250828139     -0.0043272
     151.7484532848334595      0.0088203
     152.3529299810137729     -0.0019398
     152.9574091136237541     -0.0208938
     153.5618906825968679      0.0016827
     154.1663746880661563     -0.0101805
     154.7708611298986057     -0.0155536
     155.3753500082938501     -0.0115780
     155.9798413231187340      0.0002619
     156.5843350744399061      0.0062958
     157.1888312622572812     -0.0060951
     157.7933298866374514     -0.0023492
     158.3978309475139099     -0.0024846
     159.0023344449531351      0.0071442
     159.6068403789551553      0.0076953
     160.2113487495865627      0.0066407
     160.8158595567142015      0.0222664
     161.4203728005377911      0.0076217
     162.0248884809907395     -0.0074814
     162.6294065980730750     -0.0042728
     163.2339271517847692      0.0035816
     163.8384501421258221      0.0094774
     164.4429755692294179      0.0050551
     165.0475034330289361     -0.0020402
     165.6520337335243767      0.0119993
     166.2565664707157964      0.0006856
     166.8611016447362658     -0.0089637
     167.4656392554526576      0.0074421
     168.0701793029315922      0.0057441
     168.6747217872395765      0.0161629
     169.2792667083100753     -0.0008949
     169.8838140662096521     -0.0038889
     170.4883638609382785     -0.0032524
     171.0929160925625752      0.0106404
     171.6974707610159498     -0.0124384
     172.3020278662984026      0.0084046
     172.9065874085430323      0.0191765
     173.5111493876833038      0.0032563
     174.1157138037192453     -0.0236018
     174.7202806567173923     -0.0111309
     175.3248499466111525     -0.0070979
     175.9294216735337102     -0.0074562
     176.5339958374184732     -0.0000779
     177.1385724382654701      0.0174958
     177.7431514761412075     -0.0119038
     178.3477329510457423     -0.0359338
     178.9523168629790177     -0.0137141
     179.5569032120076542     -0.0125179
     180.1614919980650882     -0.0033160
     180.7660832212178548      0.0142887
     181.3706768814659540      0.0008055
     181.9752729788094143      0.0126784
     182.5798715133147425      0.0055457
     183.1844724849154602      0.0089579
     183.7890758936780742      0.0018349
     184.3936817396025845     -0.0002404
     184.9982900228221467     -0.0051096
     185.6029007431370985     -0.0090020
     186.2075139006804534     -0.0112313
     186.8121294954523250     -0.0148693
     187.4167475275192487      0.0109386
     188.0213679968146323      0.0048706
     188.6259909033385043     -0.0208578
     189.2306162472239919      0.0017881
     189.8352440284045031     -0.0059698
     190.4398742468800947     -0.0008517
     191.0445069026507099     -0.0174203
     191.6491419958495044      0.0057273
     192.2537795263433225      0.0031710
     192.8584194942653482      0.0061344
     193.4630618994824260      0.0003940
     194.0677067422608104     -0.0063040
     194.6723540223342184     -0.0008048
     195.2770037399023977     -0.0066436
     195.8816558948987563     -0.0094504
     196.4863104873898578      0.0131418
     197.0909675173756739     -0.0107624
     197.6956269847897261     -0.0114728
     198.3002888897650564     -0.0047877
     198.9049532322351581      0.0094027
     199.5096200122665664     -0.0018991
     200.1142892298592812      0.0014945
     200.7189608850133027     -0.0044189
     201.3236349777286591     -0.0008782
     201.9283115080718574      0.0012868
     202.5329904759763906      0.0045296
     203.1376718816419498      0.0041330
     203.7423557248022803     -0.0031895
     204.3470420056570163      0.0062738
     204.9517307242062145      0.0030744
     205.5564218805164671      0.0192253
     206.1611154743879695     -0.0071138
     206.7658115060871182     -0.0131298
     207.3705099754806724     -0.0041661
     207.9752108825686605     -0.0062465
     208.5799142274842950      0.0032066
     209.1846200101608986     -0.0072564
     209.7893282305985281     -0.0046874
     210.3940388888637187      0.0026050
     210.9987519849565274      0.0114035
     211.6034675188769256     -0.0061639
     212.2081854906248850     -0.0112316
     212.8129059002669692     -0.0089184
     213.4176287478032634     -0.0007348
     214.0223540331671188      0.0026399
     214.6270817564916911     -0.0014588
     215.2318119177104165     -0.0146374
     215.8365445168898304     -0.0230221
     216.4412795540299896     -0.0192187
     217.0460170291308657     -0.0054369
     217.6507569421924586     -0.0031967
     218.2554992932813605     -0.0031395
     218.8602440823974860      0.0080978
     219.4649913094743567      0.0021200
     220.0697409745785365     -0.0076755
     220.6744930777765603     -0.0100393
     221.2792476191350204      0.0060502
     221.8840045984541689     -0.0127562
     222.4887640159337252      0.0025323
     223.0935258714405904      0.0024831
     223.6982901652410192      0.0054820
     224.3030568970687284      0.0245772
     224.9078260670568170     -0.0002258
     225.5125976752053703     -0.0155206
     226.1173717216474870     -0.0147946
     226.7221482061834195      0.0087913
     227.3269271289463802      0.0140567
     227.9317084900028760      0.0249914
     228.5364922892863433      0.0013995
     229.1412785267968104     -0.0146845
     229.7460672026008126     -0.0026928
     230.3508583167649704      0.0148813
     230.9556518691560996     -0.0062709
     231.5604478598407923     -0.0055280
     232.1652462888855837      0.0033963
     232.7700471563570943      0.0076191
     233.3748504621221400      0.0115032
     233.9796562062473129     -0.0018062
     234.5844643887991765     -0.0126135
     235.1892750098442946     -0.0081906
     235.7940880691829761     -0.0145630
     236.3989035670149121     -0.0129399
     237.0037215033400742     -0.0118840
     237.6085418780919554      0.0092428
     238.2133646913370910     -0.0133980
     238.8181899430089175     -0.0083994
     239.4230176333071256      0.0059608
     240.0278477620985882      0.0053139
     240.6326803293833336     -0.0111376
     241.2375153352278687      0.0002324
     241.8423527796988139     -0.0125480
     242.4471926627295773      0.0064806
     243.0520349843867223      0.0104996
     243.6568797446037138      0.0101477
     244.2617269435136507     -0.0085714
     244.8665765810499693     -0.0049214
     245.4714286572126980      0.0079880
     246.0762831720684005     -0.0012151
     246.6811401256170200     -0.0022561
     247.2859995178586132     -0.0056532
     247.8908613488597439     -0.0145580
     248.4957256186203836      0.0034113
     249.1005923270074049     -0.0069568
     249.7054614742205558     -0.0079586
     250.3103330602597509     -0.0027423
     250.9152070850585403      0.0073599
     251.5200835486167819      0.0071876
     252.1249624510677165      0.0058331
     252.7298437922782171      0.0003581
     253.3347275724478891     -0.0071837
     253.9396137914436622     -0.0159891
     254.5445024492655364      0.0018680
     255.1493935460466389     -0.0118491
     255.7542870817204061      0.0120795
     256.3591830562868381     -0.0041640
     256.9640814698124700      0.0006954
     257.5689823223639223      0.0048421
     258.1738856138080109      0.0086945
     258.7787913442113563      0.0000942
     259.3836995136404653     -0.0025406
     259.9886101221619583     -0.0033423
     260.5935231696427081     -0.0037884
     261.1984386561492215      0.0265071
     261.8033565817480621      0.0105561
     262.4082769464393436     -0.0041919
     263.0131997501563887      0.0003435
     263.6181249930323247     -0.0120456
     264.2230526749340811      0.0011967
     264.8279827961279125      0.0093688
     265.4329153563475074      0.0000713
     266.0378503557261070      0.0123156
     266.6427877943966678     -0.0034701
     267.2477276721596695     -0.0006687
     267.8526699891480689      0.0040334
     268.4576147452954729      0.0181674
     269.0625619408015723     -0.0028976
     269.6675115754665057     -0.0143521
     270.2724636494235142      0.0053842
     270.8774181626725976      0.0136483
     271.4823751152137561      0.0148098
     272.0873345070469895      0.0086348
     272.6922963381722980     -0.0053868
     273.2972606087227518      0.0133302
     273.9022273185652807      0.0063617
     274.5071964678330119      0.0092390
     275.1121680563928180      0.0071516
     275.7171420844443901      0.0068744
     276.3221185518546008     -0.0061469
     276.9270974586900138     -0.0059003
     277.5320788049505722      0.0093389
     278.1370625907695739      0.0089312
     278.7420488159471006      0.0161935
     279.3470374806830137      0.0076847
     279.9520285848440722      0.0101751
     280.5570221286300807      0.0156029
     281.1620181118412916      0.0002689
     281.7670165346108320      0.0048409
     282.3720173970052087      0.0042440
     282.9770206989580288      0.0064223
     283.5820264404691216      0.0116009
     284.1870346216051075      0.0097130
     284.7920452423660436      0.0201017
     285.3970583027518160      0.0027812
     286.0020738027624816      0.0002164
     286.6070917424647178      0.0007958
     287.2121121218582971      0.0117638
     287.8171349408768833      0.0138730
     288.4221601996534332      0.0076371
     289.0271878981214400     -0.0033918
     289.6322180364140877      0.0036472
     290.2372506143981923     -0.0012202
     290.8422856321403742     -0.0066897
     291.4473230896405198     -0.0142314
     292.0523629870318700     -0.0045426
     292.6574053241147340      0.0079821
     293.2624501010886888      0.0095245
     293.8674973178872847      0.0007112
     294.4725469745770283      0.0024083
     295.0775990710914130      0.0091877
     295.6826536074969454     -0.0043221
     296.2877105838601892     -0.0037426
     296.8927700001146377      0.0089863
     297.4978318562602340     -0.0033100
     298.1028961522970349     -0.0140477
     298.7079628884246176      0.0050036
     299.3130320644434619     -0.0021533
     299.9181036804866380      0.0041670
     300.5231777364874688      0.0037435
     301.1282542325791951     -0.0000278
     301.7333331686286897     -0.0068929
     302.3384145447689662     -0.0084000
     302.9434983609336882     -0.0108952
     303.5485846171891922     -0.0004372
     304.1536733135355917      0.0083967
     304.7587644499728299     -0.0068241
     305.3638580266340909     -0.0054121
     305.9689540433196839     -0.0069774
     306.5740525001626793     -0.0048855
     307.1791533972296975     -0.0210358
     307.7842567344541180      0.0004744
     308.3893625118360546     -0.0016392
     308.9944707294419572     -0.0220125
     309.5995813872718259      0.0089551
     310.2046944853922810      0.0119930
     310.8098100237368158     -0.0001474
     311.4149280023053166      0.0106534
     312.0200484211644039     -0.0016082
     312.6251712804471481      0.0002592
     313.2302965798873515      0.0151304
     313.8354243196847619      0.0031446
     314.4405544999057724      0.0062847
     315.0456871204174263      0.0139829
     315.6508221812861734      0.0159077
     316.2559596825786912      0.0040285
     316.8610996242948659      0.0119811
     317.4662420063681907     -0.0012391
     318.0713868289317929      0.0194410
     318.6765340918525453      0.0189490
     319.2816837953301956      0.0049085
     319.8868359392314460     -0.0102542
     320.4919905236230306      0.0013220
     321.0971475485714564      0.0049992
     321.7023070140101595     -0.0005142
     322.3074689199391401      0.0084501
     322.9126332664915253      0.0001974
     323.5178000536007517     -0.0010775
     324.1229692812001986     -0.0019968
     324.7281409494897275      0.0028464
     325.3333150582694770     -0.0042031
     325.9384916078057586     -0.0172832
     326.5436705978988812      0.0029741
     327.1488520286820290     -0.0020864
     327.7540359000885246     -0.0008248
     328.3592222122516091     -0.0066961
     328.9644109650380983     -0.0041348
     329.5696021585811195     -0.0007473
     330.1747957928141091      0.0021317
     330.7799918678701943      0.0091483
     331.3851903835497978     -0.0030948
     331.9903913401189470      0.0062509
     332.5955947373781214      0.0037566
     333.2008005755270119      0.0057535
     333.8060088544324344      0.0126202
     334.4112195741609526      0.0130411
     335.0164327347791300      0.0099821
     335.6216483362204031      0.0000482
     336.2268663785513922     -0.0010642
     336.8320868617720976     -0.0067265
     337.4373097859490258      0.0015468
     338.0425351509490497     -0.0099977
     338.6477629569052965     -0.0062072
     339.2529932038178231     -0.0069241
     339.8582258917531362      0.0204700
     340.4634610205781655      0.0123392
     341.0686985904259814      0.0097512
     341.6739386012300770      0.0074768
     342.2791810531900865     -0.0064936
     342.8844259461063757     -0.0035161
     343.4896732800454515      0.0049834
     344.0949230550738775     -0.0082384
     344.7001752711917675     -0.0068600
     345.3054299283990076     -0.0041037
     345.9106870266955980     -0.0026971
     346.5159465662147227      0.0088370
     347.1212085467566340     -0.0068736
     347.7264729684545159      0.0070984
     348.3317398313749322      0.0073296
     348.9370091355178829     -0.0131670
     349.5422808807501838     -0.0024636
     350.1475550672715258      0.0072712
     350.7528316950154021      0.0049937
     351.3581107639818129     -0.0095363
     351.9633922742373784     -0.0099118
     352.5686762257153077      0.0020220
     353.1739626185490124      0.0140983
     353.7792514526051946      0.0099511
     354.3845427280170384      0.0108915
     354.9898364447844870      0.0092960
     355.5951326029075972      0.0112469
     356.2004312023198054     -0.0134876
     356.8057322431542389     -0.0032651
     357.4110357253443340     -0.0144979
     358.0163416490231612     -0.0005167
     358.6216500140577068     -0.0114437
     359.2269608205144209     -0.0034356
     359.8322740683934171      0.0084652
     360.4375897578277090      0.0025710
     361.0429078886841694      0.0040795
     361.6482284610960392      0.0031512
     362.2535514749966978      0.0120028
     362.8588769303862023      0.0093345
     363.4642048272644388     -0.0035389
     364.0695351657645915     -0.0051562
     364.6748679458866036      0.0007622
     365.2802031674974614     -0.0037194
     365.8855408307302355      0.0106522
     366.4908809355848689      0.0070163
     367.0962234820615322      0.0096974
     367.7015684702266185      0.0070741
     368.3069158999470574      0.0006353
     368.9122657714225966     -0.0000338
     369.5176180845865588     -0.0056734
     370.1229728393724372      0.0051546
     370.7283300359134728      0.0096157
     371.3336896742094382      0.0014555
     371.9390517542605039      0.0003588
     372.5444162760666131     -0.0053856
     373.1497832396278227     -0.0059845
     373.7551526450106394     -0.0177927
     374.3605244921484996     -0.0199854
     374.9658987811079669     -0.0049566
     375.5712755118890414     -0.0013213
     376.1766546846249071     -0.0030503
     376.7820362991158163      0.0039098
     377.3874203554948963     -0.0025110
     377.9928068538287675     -0.0295774
     378.5981957940508096     -0.0203177
     379.2035871761610224     -0.0081051
     379.8089810002259696      0.0001262
     380.4143772661792013      0.0178456
     381.0197759742202379      0.0062903
     381.6251771241495021     -0.0153645
     382.2305807161000644     -0.0262554
     382.8359867501386020     -0.0050602
     383.4413952261317604      0.0024657
     384.0468061441463306      0.0142687
     384.6522195042487624      0.0130352
     385.2576353064390560     -0.0154009
     385.8630535506507044     -0.0160681
     386.4684742370168919     -0.0064236
     387.0738973654708275     -0.0099415
     387.6793229360793021     -0.0304926
     388.2847509488422020     -0.0001093
     388.8901814036930205     -0.0232884
     389.4956143007648848     -0.0132089
     390.1010496400577381     -0.0183877
     390.7064874215050168     -0.0150984
     391.3119276451733981      0.0033391
     391.9173703111293321      0.0065688
     392.5228154192396914      0.0204527
     393.1282629697042239     -0.0105055
     393.7337129623898022     -0.0099660
     394.3391653974295536      0.0111665
     394.9446202746903509      0.0081969
     395.5500775943052076      0.0030725
     396.1555373562742943      0.0053962
     396.7609995605975541      0.0027631
     397.3664642072749302      0.0170275
     397.9719312963064795      0.0075317
     398.5774008277588223      0.0234829
     399.1828728016317882      0.0134826
     399.7883472179255477      0.0147082
     400.3938240766399872      0.0183224
     400.9993033778417839      0.0224123
     401.6047851214642606      0.0221678
     402.2102693076406013      0.0199591
     402.8157559362376787      0.0212099
     403.4212450073886203      0.0110412
     404.0267365210934827      0.0175915
     404.6322304772855887      0.0076251
     405.2377268760315019     -0.0188390
     405.8432257174644633     -0.0392168
     406.4487270013847251     -0.0159813
     407.0542307278588510     -0.0124391
     407.6597368970199113     -0.0169568
     408.2652455088680199     -0.0163825
     408.8707565632699925      0.0155240
     409.4762700603589565      0.0045988
     410.0817860001349118     -0.0045888
     410.6873043826644221     -0.0003610
     411.2928252078144169     -0.0128291
     411.8983484756513462     -0.0107575
     412.5038741863083942      0.0035060
     413.1094023397190540     -0.0011575
     413.7149329358167051      0.0170092
     414.3204659747344749     -0.0058762
     414.9260014564723065     -0.0144145
     415.5315393810303704     -0.0124349
     416.1370797483419892     -0.0130632
     416.7426225585402335     -0.0094630
     417.3481678116252169     -0.0006956
     417.9537155074638122      0.0012269
     418.5592656462556533     -0.0054254
     419.1648182279341199     -0.0073451
     419.7703732526325098     -0.0136052
     420.3759307201509614      0.0017395
     420.9814906305561522     -0.0280584
     421.5870529840477161     -0.0043957
     422.1926177804260192      0.0063166
     422.7981850198241318      0.0071760
     423.4037547021754904     -0.0012301
     424.0093268276798426     -0.0081007
     424.6149013960708203     -0.0076874
     425.2204784075483417      0.0060314
     425.8260578621121226     -0.0008253
     426.4316397597623904     -0.0013803
     427.0372241004324678     -0.0027380
     427.6428108842554821      0.0022342
     428.2484001111649832      0.0034312
     428.8539917812939279      0.0059371
     429.4595858945093028      0.0039300
     430.0651824508776144      0.0203587
     430.6707814504654834      0.0150993
     431.2763828932064030      0.0086397
     431.8819867791667093      0.0125148
     432.4875931083466867     -0.0039091
     433.0932018808127282     -0.0169670
     433.6988130964316497      0.0077955
     434.3044267554033127      0.0135334
     434.9100428575944761      0.0035029
     435.5156614032048878      0.0022201
     436.1212823919682933     -0.0028537
     436.7269058241509470      0.0015695
     437.3325316996196648     -0.0065199
     437.9381600185741945     -0.0188479
     438.5437907807482816     -0.0034138
     439.1494239864081806     -0.0157090
     439.7550596354207073     -0.0024463
     440.3606977278524823      0.0142384
     440.9663382637035056     -0.0036248
     441.5719812430402840     -0.0107817
     442.1776266657963674     -0.0159844
     442.7832745320382628     -0.0016366
     443.3889248417659132     -0.0011335
     443.9945775949793756     -0.0042012
     444.6002327918117771     -0.0016312
     445.2058904320634269     -0.0085041
     445.8115505159340159      0.0086258
     446.4172130432903600     -0.0114849
     447.0228780143322638     -0.0037439
     447.6285454288599226      0.0122577
     448.2342152870731411      0.0048146
     448.8398875888387352     -0.0023160
     449.4455623343563389      0.0087104
     450.0512395234263749      0.0174742
     450.6569191561819139      0.0104784
     451.2626012326228988     -0.0046173
     451.8682857527495003      0.0120148
     452.4739727166280545     -0.0065961
     453.0796621241921684     -0.0094151
     453.6853539755749694     -0.0109265
     454.2910482705766526     -0.0049253
     454.8967450094635296      0.0044796
     455.5024441920359664     -0.0133011
     456.1081458184935400     -0.0028952
     456.7138498887698006     -0.0075308
     457.3195564027981277     -0.0007268
     457.9252653607116486     -0.0055477
     458.5309767625103632     -0.0134094
     459.1366906081943284     -0.0032676
     459.7424068976969806      0.0049936
     460.3481256311513334     -0.0085238
     460.9538468085574436      0.0145773
     461.5595704297821840      0.0051116
     462.1652964950253590     -0.0034786
     462.7710250042867983     -0.0009153
     463.3767559574334882     -0.0124706
     463.9824893545984992     -0.0043491
     464.5882251957818312      0.0018421
     465.1939634810501047      0.0089161
     465.7997042102701357      0.0171563
     466.4054473835751082      0.0119358
     467.0111930008984018     -0.0004373
     467.6169410623731437      0.0038965
     468.2226915678662635     -0.0074828
     468.8284445175108317     -0.0167443
     469.4341999113069051     -0.0039668
     470.0399577492544836     -0.0024562
     470.6457180312868900     -0.0027672
     471.2514807575374221      0.0048459
     471.8572459279393456      0.0049975
     472.4630135425593949      0.0009959
     473.0687836013974561     -0.0014816
     473.6745561044535862      0.0043631
     474.2803310517942919     -0.0112038
     474.8861084433530095      0.0125261
     475.4918882791964165      0.0152189
     476.0976705592577787      0.0157550
     476.7034552837369574      0.0138362
     477.3092424525007118      0.0003210
     477.9150320655491555      0.0038311
     478.5208241230153021      0.0001068
     479.1266186247660244     -0.0039719
     479.7324155709344495      0.0007905
     480.3382149615207481     -0.0059027
     480.9440167965246928      0.0045541
     481.5498210758798336     -0.0028682
     482.1556277996527911     -0.0114417
     482.7614369679099582     -0.0109498
     483.3672485807181260      0.0058370
     483.9730626379439400      0.0140657
     484.5788791396540773      0.0015141
     485.1846980858485949     -0.0107342
     485.7905194765939427      0.0053644
     486.3963433118901207     -0.0058673
     487.0021695917372426      0.0010430
     487.6079983161352516     -0.0027032
     488.2138294851507112      0.0075943
     488.8196630987170579     -0.0016937
