Scan:    839   RXJ0048.7+2127 2015-11-01 +05 24 35.0
         OPTICAL                 Tb    
        km/s-LSR                 XX
    -522.5405644668560399      0.0031300
    -521.9387971166150919     -0.0144116
    -521.3370273463201556      0.0107347
    -520.7352551559708900      0.0020270
    -520.1334805455677497      0.0106573
    -519.5317035150104630      0.0050725
    -518.9299240643991880     -0.0127476
    -518.3281421936005700     -0.0295928
    -517.7263579027145397     -0.0194383
    -517.1245711916413939     -0.0121611
    -516.5227820604141016     -0.0016758
    -515.9209905089331869      0.0010591
    -515.3191965372981258     -0.0100853
    -514.7174001454759491      0.0021503
    -514.1156013333999226     -0.0031356
    -513.5138001011033566     -0.0118593
    -512.9119964485196306     -0.0243830
    -512.3101903756821685     -0.0193502
    -511.7083818825575463     -0.0140966
    -511.1065709691125676     -0.0206450
    -510.5047576353804857     -0.0157885
    -509.9029418812947370     -0.0278058
    -509.3011237068553214     -0.0101651
    -508.6993031120954925     -0.0029679
    -508.0974800968822365     -0.0063525
    -507.4956546613152000      0.0041450
    -506.8938268053612433     -0.0020442
    -506.2919965289870561     -0.0172841
    -505.6901638321926384     -0.0137594
    -505.0883287149447938     -0.0108852
    -504.4864911772099845     -0.0303871
    -503.8846512190217481     -0.0156148
    -503.2828088403467177     -0.0315928
    -502.6809640411515829     -0.0381205
    -502.0791168214364006     -0.0136802
    -501.4772671811678038      0.0027872
    -500.8754151203790457      0.0192219
    -500.2735606390037333      0.0022107
    -499.6717037370084995     -0.0045316
    -499.0698444144598511     -0.0099916
    -498.4679826713245916     -0.0006601
    -497.8661185075359867     -0.0217144
    -497.2642519231275742     -0.0140664
    -496.6623829180659300     -0.0153008
    -496.0605114923509973     -0.0266950
    -495.4586376459496364     -0.0019031
    -494.8567613788284234      0.0059188
    -494.2548826910207254     -0.0022381
    -493.6530015824600355      0.0050098
    -493.0511180531794366      0.0045756
    -492.4492321031457891      0.0173403
    -491.8473437323258395     -0.0098959
    -491.2454529406862207     -0.0092612
    -490.6435597282935532     -0.0033630
    -490.0416640950812166     -0.0084583
    -489.4397660410492676     -0.0118256
    -488.8378655661643961      0.0092075
    -488.2359626704597986     -0.0036202
    -487.6340573538358285     -0.0225561
    -487.0321496163588790      0.0015597
    -486.4302394579624433      0.0078459
    -485.8283268786465214     -0.0055422
    -485.2264118784111133     -0.0078596
    -484.6244944572229087      0.0012900
    -484.0225746150820214     -0.0018536
    -483.4206523519217171      0.0048658
    -482.8187276678418698      0.0005195
    -482.2168005627095226     -0.0023478
    -481.6148710365910119     -0.0084065
    -481.0129390894531980      0.0006029
    -480.4110047212294603     -0.0062251
    -479.8090679319864194      0.0112105
    -479.2071287216242013     -0.0039718
    -478.6051870902093128      0.0001160
    -478.0032430376752473      0.0105305
    -477.4012965640220045      0.0036462
    -476.7993476692162744     -0.0059063
    -476.1973963532913672     -0.0078519
    -475.5954426161806055      0.0085639
    -474.9934864578509064     -0.0187069
    -474.3915278783687199     -0.0023482
    -473.7895668776674825      0.0096945
    -473.1876034557805042     -0.0130970
    -472.5856376126411647     -0.0224127
    -471.9836693482495207      0.0011437
    -471.3816986625722620     -0.0081618
    -470.7797255556426421     -0.0027605
    -470.1777500273941541     -0.0030525
    -469.5757720778600515      0.0063962
    -468.9737917070070239      0.0079459
    -468.3718089147686214     -0.0107679
    -467.7698237012112372     -0.0042099
    -467.1678360662351679     -0.0002147
    -466.5658460099401736      0.0034272
    -465.9638535322264374      0.0104381
    -465.3618586330940161     -0.0065326
    -464.7598613125427391     -0.0126380
    -464.1578615705395237      0.0050469
    -463.5558594070842560     -0.0033432
    -462.9538548221769929      0.0029508
    -462.3518478157843106      0.0041599
    -461.7498383878731261     -0.0015409
    -461.1478265384433257     -0.0119574
    -460.5458122674949095     -0.0249472
    -459.9437955750279343     -0.0099258
    -459.3417764609757796     -0.0159338
    -458.7397549253051352     -0.0074801
    -458.1377309680826784      0.0070247
    -457.5357045892750421     -0.0206792
    -456.9336757888489728     -0.0005285
    -456.3316445668044139     -0.0371514
    -455.7296109231081118     -0.0047034
    -455.1275748577268701     -0.0057166
    -454.5255363706938283      0.0012496
    -453.9234954619425366      0.0135942
    -453.3214521315061916     -0.0015612
    -452.7194063793848500     -0.0015726
    -452.1173582054786380      0.0251412
    -451.5153076098541760      0.0112322
    -450.9132545924115334     -0.0027425
    -450.3111991532172738     -0.0092874
    -449.7091412922714539     -0.0001080
    -449.1070810094742569      0.0051612
    -448.5050183048921326      0.0051626
    -447.9029531784585743      0.0039898
    -447.3008856301735818      0.0045972
    -446.6988156600371553     -0.0002744
    -446.0967432680160414     -0.0066790
    -445.4946684540769297     -0.0022861
    -444.8925912182530737     -0.0074050
    -444.2905115605112769     -0.0027276
    -443.6884294808181721      0.0184973
    -443.0863449791737594      0.0099307
    -442.4842580555115319      0.0207057
    -441.8821687098979396      0.0093276
    -441.2800769423331531     -0.0020524
    -440.6779827527171847      0.0136550
    -440.0758861410834015     -0.0039367
    -439.4737871074317468      0.0035738
    -438.8716856516956568     -0.0115522
    -438.2695817739084418     -0.0192079
    -437.6674754740368485      0.0008903
    -437.0653667520808199     -0.0004001
    -436.4632556079737924      0.0022080
    -435.8611420417490194     -0.0203850
    -435.2590260534066715     -0.0015418
    -434.6569076428799576     -0.0124212
    -434.0547868101356812     -0.0077455
    -433.4526635552737162     -0.0045975
    -432.8505378781942454     -0.0030264
    -432.2484097788972122      0.0027801
    -431.6462792573825595     -0.0125888
    -431.0441463136171478      0.0063677
    -430.4420109475676099     -0.0023626
    -429.8398731592671993     -0.0168999
    -429.2377329486826625     -0.0170759
    -428.6355903157807461      0.0026264
    -428.0334452605947035      0.0016434
    -427.4312977830246609      0.0054604
    -426.8291478831372956     -0.0035318
    -426.2269955608326200     -0.0042505
    -425.6248408162105648     -0.0049036
    -425.0226836491711992      0.0137025
    -424.4205240597479474      0.0023480
    -423.8183620479073852      0.0042369
    -423.2161976136163162     -0.0044071
    -422.6140307569079368     -0.0029717
    -422.0118614776824870     -0.0038841
    -421.4096897760065303      0.0022505
    -420.8075156518466997      0.0103840
    -420.2053391051697986      0.0194545
    -419.6031601359758270      0.0033648
    -419.0009787442314177     -0.0054482
    -418.3987949299365710     -0.0002235
    -417.7966086930248366     -0.0078541
    -417.1944200335959749      0.0036777
    -416.5922289515502257      0.0110065
    -415.9900354469207286      0.0157599
    -415.3878395196410338      0.0057619
    -414.7856411697443377      0.0243767
    -414.1834403971641336      0.0047624
    -413.5812372019336749      0.0159950
    -412.9790315840197081     -0.0000794
    -412.3768235433889231      0.0062273
    -411.7746130800746869      0.0145418
    -411.1724001940102653     -0.0106411
    -410.5701848852290823      0.0079576
    -409.9679671536312071     -0.0151646
    -409.3657469992833171      0.0038100
    -408.7635244221852417     -0.0060605
    -408.1612994222705879     -0.0070579
    -407.5590719995392419      0.0085516
    -406.9568421539912038      0.0007206
    -406.3546098855932769      0.0019719
    -405.7523751943121511      0.0176944
    -405.1501380801810228     -0.0202100
    -404.5478985431666956     -0.0105886
    -403.9456565832358592     -0.0008768
    -403.3434122003885136     -0.0027921
    -402.7411653946246588      0.0012694
    -402.1389161659109277     -0.0024988
    -401.5366645141809272      0.0176434
    -400.9344104395011072     -0.0071423
    -400.3321539418715247     -0.0025531
    -399.7298950212255590      0.0024170
    -399.1276336775300138      0.0014760
    -398.5253699108180285      0.0174031
    -397.9231037210564068      0.0238632
    -397.3208351082451486      0.0218517
    -396.7185640723509437     -0.0142460
    -396.1162906133405386      0.0159922
    -395.5140147312472436      0.0199119
    -394.9117364260377485      0.0231967
    -394.3094556976787430     -0.0083118
    -393.7071725461036635      0.0010136
    -393.1048869714123271     -0.0000357
    -392.5025989735715370     -0.0177843
    -391.9003085525147299     -0.0063003
    -391.2980157082417918     -0.0255044
    -390.6957204407528366     -0.0045387
    -390.0934227500478073      0.0085742
    -389.4911226360601404     -0.0067094
    -388.8888200987898927      0.0054082
    -388.2865151382702038      0.0021154
    -387.6842077544346807     -0.0013427
    -387.0818979472832098     -0.0011701
    -386.4795857168158477      0.0137715
    -385.8772710629992844     -0.0015374
    -385.2749539858002095      0.0015488
    -384.6726344852519901      0.0149835
    -384.0703125613212592     -0.0007041
    -383.4679882140080167     -0.0073480
    -382.8656614432790661     -0.0036444
    -382.2633322491010404     -0.0123969
    -381.6610006314739394      0.0011046
    -381.0586665903978769      0.0045124
    -380.4563301258726824      0.0067455
    -379.8539912378319627     -0.0136187
    -379.2516499263088576     -0.0186346
    -378.6493061912368034      0.0015924
    -378.0469600326492241      0.0070475
    -377.4446114505459491     -0.0052760
    -376.8422604447940216      0.0035525
    -376.2399070155264553      0.0128653
    -375.6375511626766297     -0.0158173
    -375.0351928862114050     -0.0335139
    -374.4328321861306677     -0.0052190
    -373.8304690624012210      0.0122304
    -373.2281035150563184      0.0138284
    -372.6257355440293395     -0.0143236
    -372.0233651493203411     -0.0103847
    -371.4209923308960128     -0.0067936
    -370.8186170888229753      0.0131558
    -370.2162394229680444      0.0049645
    -369.6138593334310940      0.0045232
    -369.0114768200456865      0.0028627
    -368.4090918829782026     -0.0004502
    -367.8067045220956288     -0.0206147
    -367.2043147374643581     -0.0057475
    -366.6019225289847441      0.0083938
    -365.9995278966898695     -0.0098663
    -365.3971308405798482     -0.0087110
    -364.7947313605881163      0.0167886
    -364.1923294567146172      0.0022698
    -363.5899251289927179      0.0111570
    -362.9875183773557410     -0.0231844
    -362.3851092018371105      0.0180821
    -361.7826976023368388      0.0128443
    -361.1802835789547999      0.0247233
    -360.5778671315246697     -0.0001140
    -359.9754482601794621     -0.0073951
    -359.3730269648527837      0.0028857
    -358.7706032455444074      0.0099924
    -358.1681771021879399      0.0229778
    -357.5657485348165778     -0.0044817
    -356.9633175434303212     -0.0060984
    -356.3608841279626631      0.0009918
    -355.7584482884135468     -0.0003749
    -355.1560100247829723     -0.0062212
    -354.5535693370377430     -0.0045320
    -353.9511262252109987      0.0109126
    -353.3486806892363461     -0.0154828
    -352.7462327290470512     -0.0025408
    -352.1437823447431015     -0.0099335
    -351.5413295362910731     -0.0084198
    -350.9388743036577694     -0.0200070
    -350.3364166467766267     -0.0197432
    -349.7339565657142089      0.0087058
    -349.1314940604038952     -0.0115589
    -348.5290291308457995     -0.0090538
    -347.9265617770064978      0.0096323
    -347.3240919989193571     -0.0018785
    -346.7216197965178139      0.0019949
    -346.1191451698351216      0.0020447
    -345.5166681188047733     -0.0109493
    -344.9141886434266553     -0.0184019
    -344.3117067436675143     -0.0173607
    -343.7092224195940275     -0.0162573
    -343.1067356711395178     -0.0014482
    -342.5042464983039849      0.0166335
    -341.9017549010542325      0.0286595
    -341.2992608793569502      0.0171799
    -340.6967644332453347      0.0155790
    -340.0942655626528790      0.0099839
    -339.4917642676128935     -0.0240709
    -338.8892605480920679     -0.0129852
    -338.2867544040570920     -0.0047436
    -337.6842458355413328     -0.0106195
    -337.0817348424781130      0.0250272
    -336.4792214248009259     -0.0020934
    -335.8767055826429555      0.0180231
    -335.2741873159374677      0.0129500
    -334.6716666246180694      0.0136284
    -334.0691435086847036     -0.0082322
    -333.4666179681706240     -0.0148428
    -332.8640900030093235      0.0059330
    -332.2615596132007454      0.0084376
    -331.6590267987448328     -0.0123964
    -331.0564915596085029      0.0083964
    -330.4539538957915283     -0.0055301
    -329.8514138072608262     -0.0251487
    -329.2488712940161690     -0.0109957
    -328.6463263560578412      0.0176857
    -328.0437789932857413      0.0222541
    -327.4412292057998002      0.0078376
    -326.8386769935335110     -0.0060536
    -326.2361223564868169     -0.0075960
    -325.6335652946597747      0.0137849
    -325.0310058079856503      0.0075140
    -324.4284438964979245      0.0254339
    -323.8258795601300335      0.0193633
    -323.2233127989150034     -0.0229841
    -322.6207436128198651      0.0071387
    -322.0181720018444480     -0.0000687
    -321.4155979659554987     -0.0076307
    -320.8130215051197638     -0.0105513
    -320.2104426193371864     -0.0030688
    -319.6078613086410769      0.0001653
    -319.0052775729649284      0.0038229
    -318.4026914123086272      0.0125773
    -317.8001028266721733      0.0065919
    -317.1975118160224270      0.0051545
    -316.5949183803593314      0.0114570
    -315.9923225196162093     -0.0091173
    -315.3897242338597380      0.0056344
    -314.7871235230233538      0.0162737
    -314.1845203871069998     -0.0024523
    -313.5819148260774227     -0.0101038
    -312.9793068399678759      0.0058589
    -312.3766964287117958     -0.0158300
    -311.7740835922426754     -0.0042825
    -311.1714683306935854      0.0061368
    -310.5688506439647654     -0.0120304
    -309.9662305320560449      0.0082927
    -309.3636079949675945      0.0147351
    -308.7609830326327938      0.0328571
    -308.1583556450848960      0.0138209
    -307.5557258322905909      0.0058579
    -306.9530935942166820      0.0145588
    -306.3504589308964228     -0.0009496
    -305.7478218422965028      0.0193971
    -305.1451823283503018     -0.0021361
    -304.5425403891245537      0.0069453
    -303.9398960245525245      0.0024547
    -303.3372492346010176     -0.0151899
    -302.7346000193033433      0.0013292
    -302.1319483786593878      0.0269051
    -301.5292943126358978      0.0096252
    -300.9266378211664232      0.0094685
    -300.3239789043174142      0.0133860
    -299.7213175620223637     -0.0051241
    -299.1186537942811583      0.0068203
    -298.5159876010607150      0.0249963
    -297.9133189823608632      0.0139888
    -297.3106479381817167      0.0096794
    -296.7079744684898515      0.0048315
    -296.1052985732853813     -0.0111688
    -295.5026202524684891     -0.0185178
    -294.8999395061721884      0.0104709
    -294.2972563343300294      0.0172628
    -293.6945707368752778     -0.0111919
    -293.0918827138414144      0.0040614
    -292.4891922651617620      0.0082822
    -291.8864993909029408      0.0195033
    -291.2838040909650204     -0.0062392
    -290.6811063654146210      0.0043454
    -290.0784062141851791      0.0028552
    -289.4757036372433845      0.0018527
    -288.8729986346225473     -0.0220376
    -288.2702912062893574     -0.0002100
    -287.6675813522438716      0.0040147
    -287.0648690723861591     -0.0113919
    -286.4621543668494610      0.0092108
    -285.8594372355004793     -0.0043813
    -285.2567176784060052      0.0111625
    -284.6539956954659374      0.0133115
    -284.0512712867470100     -0.0126726
    -283.4485444521826594      0.0080857
    -282.8458151918060821     -0.0000442
    -282.2430835055174612     -0.0139004
    -281.6403493933833602     -0.0143942
    -281.0376128553705826      0.0129015
    -280.4348738914457044     -0.0002982
    -279.8321325016087258      0.0112083
    -279.2293886857932534      0.0124911
    -278.6266424440657374      0.0207511
    -278.0238937763595004      0.0015683
    -277.4211426827080231      0.0089442
    -276.8183891630779954     -0.0104682
    -276.2156332174027398      0.0049554
    -275.6128748457488769      0.0159919
    -275.0101140480165327      0.0188828
    -274.4073508242723278      0.0057496
    -273.8045851744496417      0.0008711
    -273.2018170985485881     -0.0100619
    -272.5990465965356861     -0.0027409
    -271.9962736684444167      0.0083754
    -271.3934983142080455      0.0022244
    -270.7907205337934329      0.0222533
    -270.1879403273003390     -0.0007338
    -269.5851576945956936      0.0150557
    -268.9823726357459464      0.0157008
    -268.3795851506847043      0.0038773
    -267.7767952394117401      0.0096251
    -267.1740029019273379      0.0146294
    -266.5712081381979601     -0.0136335
    -265.9684109482237204     -0.0098162
    -265.3656113319713654     -0.0402955
    -264.7628092894075280      0.0104619
    -264.1600048205655753      0.0083498
    -263.5571979254454504     -0.0039587
    -262.9543886039140261      0.0022966
    -262.3515768560711194      0.0072293
    -261.7487626819168440     -0.0043055
    -261.1459460813512123     -0.0047828
    -260.5431270544075915     -0.0122428
    -259.9403056010859814      0.0022881
    -259.3374817213197616     -0.0132614
    -258.7346554151422993      0.0133547
    -258.1318266825202272      0.0013814
    -257.5289955234536023     -0.0076087
    -256.9261619378758041      0.0132189
    -256.3233259258201997     -0.0184002
    -255.7204874872866753      0.0092384
    -255.1176466222087527      0.0132759
    -254.5148033305531214     -0.0152165
    -253.9119576124196556     -0.0372028
    -253.3091094677084243     -0.0100109
    -252.7062588964195129     -0.0001346
    -252.1034058985196111      0.0015010
    -251.5005504740419724     -0.0225310
    -250.8976926229533717      0.0035939
    -250.2948323451871886     -0.0008397
    -249.6919696408100435     -0.0038732
    -249.0891045097552876     -0.0063705
    -248.4862369520230061     -0.0237438
    -247.8833669675798603     -0.0174017
    -247.2804945564591890      0.0255760
    -246.6776197185943715      0.0179246
    -246.0747424539521262     -0.0062866
    -245.4718627625990450     -0.0068142
    -244.8689806444685360      0.0164763
    -244.2660960995606558      0.0000015
    -243.6632091278753194      0.0087614
    -243.0603197293793016      0.0351876
    -242.4574279040392923     -0.0127402
    -241.8545336518553484     -0.0121170
    -241.2516369728274128      0.0100200
    -240.6487378669554573      0.0110980
    -240.0458363341729751      0.0116703
    -239.4429323744799376      0.0110828
    -238.8400259878763734     -0.0054904
    -238.2371171742957188     -0.0061484
    -237.6342059338377339     -0.0058686
    -237.0312922664359689     -0.0077098
    -236.4283761720238033      0.0037685
    -235.8254576506344904      0.0064825
    -235.2225367022680871      0.0067733
    -234.6196133268580013      0.0028014
    -234.0166875244375149      0.0061366
    -233.4137592949400641      0.0141560
    -232.8108286383989594     -0.0156639
    -232.2078955548141437     -0.0109826
    -231.6049600440858001     -0.0254677
    -231.0020221062804922     -0.0187262
    -230.3990817413649381     -0.0052276
    -229.7961389492725743     -0.0052735
    -229.1931937300699360      0.0144735
    -228.5902460836904879     -0.0102741
    -227.9872960101342585     -0.0136477
    -227.3843435094011909     -0.0028649
    -226.7813885814580033     -0.0020110
    -226.1784312263047241     -0.0033356
    -225.5754714439080715      0.0086199
    -224.9725092342347921      0.0233678
    -224.3695445973180824      0.0009804
    -223.7665775331247175      0.0025031
    -223.1636080416213872     -0.0044137
    -222.5606361228414301      0.0187809
    -221.9576617766516335     -0.0014098
    -221.3546850031851534     -0.0316368
    -220.7517058023754828     -0.0063420
    -220.1487241741892547     -0.0040123
    -219.5457401186265258      0.0004236
    -218.9427536356540145      0.0022059
    -218.3397647252716922     -0.0245960
    -217.7367733874795590     -0.0085488
    -217.1337796222110512      0.0022869
    -216.5307834295327893      0.0085578
    -215.9277848093448142      0.0003717
    -215.3247837616804929      0.0028768
    -214.7217802865398255      0.0027288
    -214.1187743838561914      0.0118813
    -213.5157660535963657      0.0140809
    -212.9127552958601370     -0.0052524
    -212.3097421105476883      0.0052437
    -211.7067264976923582      0.0040962
    -211.1037084572274694      0.0053920
    -210.5006879891530787      0.0061650
    -209.8976650934692429      0.0111499
    -209.2946397701425667      0.0002790
    -208.6916120192063886      0.0066610
    -208.0885818405608632      0.0083638
    -207.4855492342725540      0.0134644
    -206.8825142002748976     -0.0011561
    -206.2794767385678654     -0.0010882
    -205.6764368491182040      0.0022591
    -205.0733945319591953      0.0375534
    -204.4703497870575575      0.0022081
    -203.8673026144132905     -0.0050637
    -203.2642530139598023     -0.0096869
    -202.6612009857303747     -0.0053298
    -202.0581465296917543     -0.0168091
    -201.4550896458439126     -0.0085424
    -200.8520303341203146      0.0154389
    -200.2489685945875237      0.0183591
    -199.6459044271456662     -0.0081489
    -199.0428378318613341     -0.0127897
    -198.4397688086679352     -0.0073769
    -197.8366973575654981     -0.0020919
    -197.2336234784874023     -0.0013348
    -196.6305471715002398     -0.0099575
    -196.0274684365707856     -0.0021155
    -195.4243872736989545     -0.0135501
    -194.8213036828182112     -0.0311477
    -194.2182176639286126     -0.0084051
    -193.6151292170633269     -0.0016502
    -193.0120383421226222     -0.0213465
    -192.4089450391729770     -0.0192616
    -191.8058493081478844     -0.0207388
    -191.2027511490805693     -0.0249800
    -190.5996505619044967     -0.0071649
    -189.9965475466196949     -0.0024925
    -189.3934421032261071      0.0087991
    -188.7903342316571980      0.0074593
    -188.1872239319795597      0.0182371
    -187.5841112041598535      0.0007970
    -186.9809960481648261      0.0244680
    -186.3778784639944774      0.0166251
    -185.7747584515822155     -0.0105304
    -185.1716360109613788     -0.0002513
    -184.5685111421319391      0.0036821
    -183.9653838450272758      0.0057623
    -183.3622541196807560      0.0131386
    -182.7591219660590411      0.0037487
    -182.1559873841288777     -0.0181994
    -181.5528503739235191     -0.0248762
    -180.9497109353098665     -0.0071934
    -180.3465690684210472     -0.0128466
    -179.7434247731904691     -0.0044928
    -179.1402780495848504     -0.0052230
    -178.5371288976042479      0.0121837
    -177.9339773172485764     -0.0081029
    -177.3308233084513290      0.0041075
    -176.7276668712457877      0.0147560
    -176.1245080055986136     -0.0090006
    -175.5213467115098638      0.0011351
    -174.9181829889462279     -0.0149814
    -174.3150168379077343     -0.0153158
    -173.7118482583610444      0.0198027
    -173.1086772503062434      0.0198595
    -172.5055038136766541     -0.0002049
    -171.9023279485389253     -0.0043255
    -171.2991496548597752      0.0099208
    -170.6959689326058651      0.0156435
    -170.0927857817772519      0.0246362
    -169.4896002023405970      0.0123361
    -168.8864121942959571     -0.0046193
    -168.2832217576100220     -0.0042464
    -167.6800288922827633      0.0093162
    -167.0768335983142379      0.0220893
    -166.4736358756711070     -0.0049634
    -165.8704357243201173      0.0084558
    -165.2672331442945506      0.0246833
    -164.6640281354945614      0.0039227
    -164.0608206979866850      0.0025450
    -163.4576108317376963     -0.0041803
    -162.8543985367475671      0.0015644
    -162.2511838129829584     -0.0017836
    -161.6479666604106740     -0.0020252
    -161.0447470790639386     -0.0186264
    -160.4415250688761887     -0.0157117
    -159.8383006298474811      0.0137030
    -159.2350737619777590      0.0225367
    -158.6318444652337405     -0.0022585
    -158.0286127396154541     -0.0122485
    -157.4253785851228713     -0.0152448
    -156.8221420016894285     -0.0000242
    -156.2189029893151826      0.0053711
    -155.6156615480333585      0.0047535
    -155.0124176778106744      0.0096076
    -154.4091713786471303     -0.0109460
    -153.8059226504429091     -0.0019478
    -153.2026714932978280     -0.0006319
    -152.5994179071120129      0.0142035
    -151.9961618919188311     -0.0067135
    -151.3929034476849154     -0.0020156
    -150.7896425743770408      0.0021152
    -150.1863792719951505      0.0003411
    -149.5831135405726116      0.0054664
    -148.9798453800094649      0.0020523
    -148.3765747903057957     -0.0036592
    -147.7733017714948858      0.0069391
    -147.1700263235766499      0.0115809
    -146.5667484464846098     -0.0096777
    -145.9634681402187653      0.0203308
    -145.3601854047790312      0.0158924
    -144.7569002401322109     -0.0066418
    -144.1536126462782477     -0.0107038
    -143.5503226231838880     -0.0239750
    -142.9470301708491320     -0.0129511
    -142.3437352892407262      0.0218285
    -141.7404379783585853     -0.0082694
    -141.1371382382027946      0.0129909
    -140.5338360687399870      0.0038501
    -139.9305314699036842     -0.0099185
    -139.3272244417937031     -0.0190317
    -138.7239149843434234      0.0015239
    -138.1206030974863666     -0.0124146
    -137.5172887812890394      0.0060695
    -136.9139720356848784     -0.0111338
    -136.3106528607071937      0.0085271
    -135.7073312562894216      0.0090481
    -135.1040072223982520     -0.0011968
    -134.5006807591002485     -0.0051645
    -133.8973518663288473     -0.0073985
    -133.2940205440840771      0.0060079
    -132.6906867923326274      0.0013650
    -132.0873506110079347     -0.0142959
    -131.4840120002431547     -0.0030945
    -130.8806709599051317      0.0056137
    -130.2773274900271758      0.0063547
    -129.6739815906092304      0.0036639
    -129.0706332615514782      0.0182834
    -128.4672825029537933      0.0255032
    -127.8639293147162874      0.0097236
    -127.2605736968389891      0.0133829
    -126.6572156493551518      0.0037919
    -126.0538551721982259      0.0067344
    -125.4504922653682115     -0.0007320
    -124.8471269288318410      0.0016148
    -124.2437591626223536      0.0027172
    -123.6403889666399465     -0.0201234
    -123.0370163409844508      0.0070867
    -122.4336412855892888     -0.0082492
    -121.8302638004211929     -0.0049893
    -121.2268838855134447     -0.0034132
    -120.6235015407661706     -0.0132955
    -120.0201167662459625      0.0082056
    -119.4167295619195386      0.0012942
    -118.8133399277203068      0.0010236
    -118.2099478637148735      0.0137378
    -117.6065533698366323     -0.0088546
    -117.0031564460856117     -0.0012272
    -116.3997570924285156     -0.0017232
    -115.7963553088653299     -0.0095980
    -115.1929510953295051     -0.0098277
    -114.5895444519209008      0.0110635
    -113.9861353785729250     -0.0126002
    -113.3827238752523243     -0.0034821
    -112.7793099419590703      0.0024788
    -112.1758935786598954      0.0076736
    -111.5724747853547711     -0.0069204
    -110.9690535620104583     -0.0056399
    -110.3656299086602246      0.0035861
    -109.7622038252374779      0.0068748
    -109.1587753117422608     -0.0002799
    -108.5553443681745307     -0.0291253
    -107.9519109945343160      0.0112761
    -107.3484751906884753     -0.0014452
    -106.7450369568034176     -0.0296669
    -106.1415962927792975     -0.0222199
    -105.5381531985828474      0.0142325
    -104.9347076742140530     -0.0071004
    -104.3312597196728859     -0.0154766
    -103.7278093349261212     -0.0040525
    -103.1243565199404344     -0.0129941
    -102.5209012747491215     -0.0046951
    -101.9174435993189007     -0.0027415
    -101.3139834936497437     -0.0128968
    -100.7105209576751434     -0.0061700
    -100.1070559914283251     -0.0129923
     -99.5035885948760352      0.0109721
     -98.9001187679516960     -0.0136777
     -98.2966465107551670      0.0119309
     -97.6931718232198705      0.0055547
     -97.0896947053125388     -0.0049475
     -96.4862151570331434     -0.0117995
     -95.8827331783484311     -0.0081946
     -95.2792487692916552     -0.0214297
     -94.6757619297962947     -0.0119251
     -94.0722726598622927     -0.0080110
     -93.4687809594896919     -0.0086576
     -92.8652868286451962     -0.0106799
     -92.2617902673287915     -0.0028173
     -91.6582912755072243     -0.0286745
     -91.0547898531471702      0.0027473
     -90.4512860003152355      0.0244278
     -89.8477797169448280     -0.0019904
     -89.2442710030026802      0.0150100
     -88.6407598585220597      0.0012852
     -88.0372462834364171     -0.0136426
     -87.4337302777457381     -0.0225918
     -86.8302118414833046     -0.0238817
     -86.2266909745825529      0.0073238
     -85.6231676770434973     -0.0132343
     -85.0196419488328416     -0.0085663
     -84.4161137899505860     -0.0133682
     -83.8125832003967162      0.0248567
     -83.2090501801712605      0.0187576
     -82.6055147291410776     -0.0165085
     -82.0019768474392947     -0.0083947
     -81.3984365350326300      0.0127695
     -80.7948937918212238      0.0033000
     -80.1913486178716397      0.0009788
     -79.5878010131173568     -0.0173952
     -78.9842509775583039     -0.0326853
     -78.3806985111945380     -0.0180534
     -77.7771436140260306     -0.0188386
     -77.1735862859862181     -0.0250435
     -76.5700265270751146     -0.0316740
     -75.9664643372927060     -0.0188525
     -75.3628997166390064      0.0010723
     -74.7593326650141421     -0.0048293
     -74.1557631825179726      0.0224186
     -73.5521912691172304     -0.0042496
     -72.9486169247453375     -0.0136096
     -72.3450401494022799     -0.0200429
     -71.7414609431213677     -0.0331928
     -71.1378793058027270     -0.0230986
     -70.5342952375129357     -0.0087689
     -69.9307087381854160     -0.0039916
     -69.3271198078201962     -0.0137645
     -68.7235284463839662      0.0013661
     -68.1199346539100219      0.0242056
     -67.5163384303650673     -0.0042850
     -66.9127397757158349      0.0022018
     -66.3091386898957467     -0.0011596
     -65.7055351730046340      0.0172814
     -65.1019292249759758      0.0288084
     -64.4983208458097295      0.0100206
     -63.8947100354393669      0.0059088
     -63.2910967939314233      0.0146811
     -62.6874811211860603      0.0379475
     -62.0838630172365598      0.0603929
     -61.4802424820829216      0.0420629
     -60.8766195156585752      0.0534916
     -60.2729941179968094      0.0574068
     -59.6693662890643424      0.0608948
     -59.0657360288611670      0.0725564
     -58.4621033373207197      0.0732241
     -57.8584682144430076      0.0915649
     -57.2548306602612911      0.1103041
     -56.6511906747423097      0.1462540
     -56.0475482578860706      0.1218196
     -55.4439034096259817      0.1380825
     -54.8402561299953319      0.1658616
     -54.2366064189608466      0.1984971
     -53.6329542765225185      0.2147989
     -53.0292997026137911      0.2224517
     -52.4256426973012211      0.2483906
     -51.8219832604849557      0.2892616
     -51.2183213922315801      0.2946567
     -50.6146570924412131      0.3250524
     -50.0109903611471651      0.3504027
     -49.4073211983494360      0.3748453
     -48.8036496040147156      0.3849454
     -48.1999755781430324      0.4537786
     -47.5962991207010901      0.4725022
     -46.9926202316888890      0.5085779
     -46.3889389110731472      0.5478366
     -45.7852551588205827      0.5499801
     -45.1815689749977594      0.5933427
     -44.5778803595048245      0.6253746
     -43.9741893123750671      0.6354579
     -43.3704958335419235      0.6634969
     -42.7667999230719431      0.7196509
     -42.1631015808652947      0.6946016
     -41.5594008069219711      0.7136711
     -40.9556976013085290      0.7305306
     -40.3519919639251370      0.7532111
     -39.7482838948050698      0.7676712
     -39.1445733939150387      0.7757806
     -38.5408604612550505      0.7767366
     -37.9371450967585346      0.7685541
     -37.3334273004920618      0.7742675
     -36.7297070723557795      0.7539421
     -36.1259844123829623      0.7750691
     -35.5222593205736246      0.7622666
     -34.9185317968611955      0.7475099
     -34.3148018412789426      0.7549724
     -33.7110694537603237      0.7193366
     -33.1073346343386135      0.7025908
     -32.5035973830138047      0.6796924
     -31.8998576997193304      0.6755367
     -31.2961155844552010      0.6433541
     -30.6923710372546914      0.6129292
     -30.0886240580512343      0.5962151
     -29.4848746468115550      0.5700231
     -28.8811228035689282      0.5657986
     -28.2773685282900686      0.5231410
     -27.6736118209749833      0.4833774
     -27.0698526815903868      0.4671431
     -26.4660911101362757      0.4428666
     -25.8623271065460862      0.4451142
     -25.2585606708531003      0.4069101
     -24.6547918030573214      0.4104796
     -24.0510205031254607      0.4032340
     -23.4472467710242327      0.3998123
     -22.8434706067869300      0.3997637
     -22.2396920103469817      0.3915419
     -21.6359109817376662      0.3810354
     -21.0321275208924234      0.3921794
     -20.4283416278112497      0.4066854
     -19.8245533024941416      0.4303558
     -19.2207625449411061      0.4424325
     -18.6169693551188580      0.5067537
     -18.0131737329941082      0.5262687
     -17.4093756785335785      0.5817309
     -16.8055751918038361      0.6510085
     -16.2017722727383102      0.7507772
     -15.5979669213370027      0.8436186
     -14.9941591375666317      0.9712737
     -14.3903489214271954      1.1249300
     -13.7865362729186938      1.2930257
     -13.1827211919745579      1.5319399
     -12.5789036786280750      1.8299398
     -11.9750837328792432      2.2242517
     -11.3712613546614953      2.6755011
     -10.7674365439748332      3.2327757
     -10.1636093008192532      3.9089055
      -9.5597796251614735      4.7942877
      -8.9559475169349270      5.9106441
      -8.3521129762727462      7.2630005
      -7.7482760030750839      8.9516535
      -7.1444365973086539     10.7057695
      -6.5405947589734579     12.1926308
      -5.9367504881027777     12.9832735
      -5.3329037845967635     12.9746819
      -4.7290546484886979     12.2260675
      -4.1252030797785828     11.1800127
      -3.5213490783998491     10.2535963
      -2.9174926443857814      9.4764023
      -2.3136337777030955      8.7133770
      -1.7097724783517916      7.9828382
      -1.1059087462653021      7.3397031
      -0.5020425814436279      6.7614350
       0.1018260160133808      6.1531072
       0.7056970463054257      5.5620656
       1.3095705092993724      5.0100551
       1.9134464050617879      4.4999938
       2.5173247335926723      3.9757831
       3.1212054949585926      3.4448946
       3.7250886890929817      2.9367783
       4.3289743160624079      2.4797378
       4.9328623759334365      2.0987780
       5.5367528686395024      1.7709209
       6.1406457941806041      1.4783521
       6.7445411526233094      1.2616391
       7.3484389440341848      1.0639375
       7.9523391682800977      0.9094168
       8.5562418254941797      0.7907401
       9.1601469156764335      0.6781954
       9.7640544387602919      0.6049745
      10.3679643948788875      0.5244105
      10.9718767838990843      0.4477018
      11.5757916060205890      0.3947617
      12.1797088611102637      0.3702151
      12.7836285492346775      0.3095939
      13.3875506704603957      0.2697501
      13.9914752246542839      0.2429934
      14.5954022120160474      0.2383676
      15.1993316324125480      0.1979467
      15.8032634859769203      0.1618772
      16.4071977726425970      0.1530803
      17.0111344924761489      0.1406841
      17.6150736454110053      0.1253089
      18.2190152315137333      0.1106144
      18.8229592507843364      0.0997884
      19.4269057032893784      0.0791351
      20.0308545889622955      0.0907713
      20.6348059078696480      0.0640469
      21.2387596600780100      0.0491994
      21.8427158454542436      0.0447758
      22.4466744641314868      0.0352954
      23.0506355161097360      0.0494692
      23.6545990014555585      0.0435841
      24.2585649200358233      0.0449713
      24.8625332719836578      0.0374642
      25.4665040572325054      0.0160886
      26.0704772758489263      0.0129426
      26.6744529278329203      0.0407919
      27.2784310131844911      0.0133924
      27.8824115319701988      0.0106038
      28.4863944841900540      0.0155272
      29.0903798697774825      0.0227905
      29.6943676888656185      0.0350645
      30.2983579413878985      0.0127369
      30.9023506274108826      0.0255232
      31.5063457469345813      0.0179609
      32.1103432999589913      0.0289125
      32.7143432864841017     -0.0042023
      33.3183457065764941     -0.0112023
      33.9223505601695976      0.0079429
      34.5263578473299759     -0.0135653
      35.1303675680576291     -0.0103735
      35.7343797224191277     -0.0083037
      36.3383943104144720     -0.0058636
      36.9424113319770839      0.0092162
      37.5464307871735485      0.0190076
      38.1504526760704223     -0.0131554
      38.7544769986011346      0.0065739
      39.3585037547656995      0.0143798
      39.9625329447638080     -0.0109447
      40.5665645683957550      0.0017116
      41.1705986257281182      0.0055917
      41.7746351168274543      0.0164702
      42.3786740416272067     -0.0049718
      42.9827154002605027      0.0255135
      43.5867591926607787      0.0178112
      44.1908054188280275     -0.0043026
      44.7948540788288270      0.0111711
      45.3989051726631700      0.0089271
      46.0029587003976346      0.0096111
      46.6070146618990719     -0.0008561
      47.2110730573006165     -0.0060599
      47.8151338866022755     -0.0082567
      48.4191971498706195     -0.0131063
      49.0232628469725071      0.0184565
      49.6273309780410798      0.0060630
      50.2314015430763234     -0.0058921
      50.8354745420116885      0.0066624
      51.4395499749137315      0.0177180
      52.0436278418490161      0.0225444
      52.6477081428175495     -0.0017369
      53.2517908777527680     -0.0055734
      53.8558760467212352     -0.0003543
      54.4599636497895148     -0.0055111
      55.0640536868910431     -0.0086806
      55.6681461580258201     -0.0028314
      56.2722410633935368     -0.0056224
      56.8763384027279457     -0.0027524
      57.4804381762287306     -0.0083792
      58.0845403838958987     -0.0000297
      58.6886450256628791     -0.0191784
      59.2927521016628134     -0.0042260
      59.8968616117625672     -0.0109321
      60.5009735560952606     -0.0260455
      61.1050879346609079     -0.0158398
      61.7092047474595020     -0.0266781
      62.3133239944244792     -0.0158743
      62.9174456756889811      0.0226674
      63.5215697912529862      0.0114093
      64.1256963410499452     -0.0022172
      64.7298253252795632     -0.0068943
      65.3339567436755573     -0.0247783
      65.9380905964376325     -0.0111874
      66.5422268835658031     -0.0095348
      67.1463656050600406      0.0206879
      67.7505067608538099      0.0079074
      68.3546503510802239      0.0229693
      68.9587963757392828      0.0164993
      69.5629448347644370      0.0031033
      70.1670957282888139     -0.0034454
      70.7712490561792720     -0.0098709
      71.3754048185689385      0.0077538
      71.9795630154578276     -0.0071423
      72.5837236467793758     -0.0068162
      73.1878867127332597     -0.0001593
      73.7920522131198027      0.0095892
      74.3962201480055825      0.0177054
      75.0003905174571202     -0.0147632
      75.6045633215410362     -0.0112283
      76.2087385601241607     -0.0146983
      76.8129162333396209     -0.0225587
      77.4170963411208959     -0.0244338
      78.0212788836010702     -0.0047002
      78.6254638606470451      0.0139336
      79.2296512723919335     -0.0002558
      79.8338411187691861      0.0067867
      80.4380333998453381     -0.0062165
      81.0422281156869815     -0.0120256
      81.6464252661609891      0.0061995
      82.2506248513339244      0.0056092
      82.8548268712723370     -0.0181729
      83.4590313259762269     -0.0205202
      84.0632382155121860     -0.0082527
      84.6674475397470729     -0.0004039
      85.2716592988139865     -0.0013211
      85.8758734926464058      0.0121860
      86.4800901213774580      0.0056306
      87.0843091849405511     -0.0099890
      87.6885306833356992      0.0214006
      88.2927546166294803      0.0098120
      88.8969809847553165     -0.0220134
      89.5012097879128987     -0.0175816
      90.1054410259025360     -0.0000521
      90.7096746987907920     -0.0019681
      91.3139108067108225     -0.0246722
      91.9181493495294717     -0.0197066
      92.5223903273133033     -0.0006212
      93.1266337401288951      0.0097572
      93.7308795879096692      0.0142856
      94.3351278707222036      0.0028166
      94.9393785885664983      0.0016177
      95.5436317415091168     -0.0049173
      96.1478873294834955     -0.0240714
      96.7521453525561981     -0.0051969
      97.3564058107272103     -0.0057300
      97.9606687039965607     -0.0084352
      98.5649340323642349     -0.0158229
      99.1692017958968108     -0.0080277
      99.7734719945276822     -0.0101298
     100.3777446283900474      0.0071541
     100.9820196974172859     -0.0183508
     101.5862972016094119     -0.0056700
     102.1905771410330033      0.0017314
     102.7948595156880458      0.0030248
     103.3991443256411316      0.0047919
     104.0034315707591048     -0.0036914
     104.6077212511750787      0.0154297
     105.2120133668891100      0.0038303
     105.8163079179677197     -0.0045136
     106.4206049042777948     -0.0012692
     107.0249043259524626     -0.0026396
     107.6292061829251452     -0.0307222
     108.2335104753290125     -0.0266474
     108.8378172030308804      0.0021703
     109.4421263661639188      0.0050647
     110.0464379646615498      0.0000799
     110.6507519986569150     -0.0097314
     111.2550684680168587     -0.0071016
     111.8593873728079728     -0.0282262
     112.4637087130968354     -0.0144245
     113.0680324888834036     -0.0154021
     113.6723587001676918      0.0031881
     114.2766873469497284      0.0152072
     114.8810184292294849      0.0177355
     115.4853519470069756      0.0155271
     116.0896879004153135      0.0016027
     116.6940262893213998      0.0077692
     117.2983671138583333      0.0131427
     117.9027103739595645      0.0148252
     118.5070560696916573     -0.0033542
     119.1114042009880478      0.0039346
     119.7157547679818634      0.0021954
     120.3201077706065547     -0.0015815
     120.9244632089286569      0.0012810
     121.5288210828816347     -0.0006972
     122.1331813926651790      0.0200142
     122.7375441380130212     -0.0093054
     123.3419093191248521     -0.0274399
     123.9462769360007002     -0.0193184
     124.5506469886405085     -0.0092027
     125.1550194770443483     -0.0065113
     125.7593944012121625      0.0031200
     126.3637717612105433     -0.0084633
     126.9681515569729413      0.0084070
     127.5725337885658917      0.0062154
     128.1769184560559722      0.0138947
     128.7813055593766194      0.0145416
     129.3856950985943968      0.0323237
     129.9900870737093044      0.0208438
     130.5944814847213706     -0.0047623
     131.1988783316305103     -0.0182145
     131.8032776145034006     -0.0106202
     132.4076793332734212      0.0052645
     133.0120834880736709      0.0079773
     133.6164900787710792      0.0051737
     134.2208991054987450     -0.0059322
     134.8253105682566684      0.0039748
     135.4297244670449061     -0.0104425
     136.0341408017967808     -0.0065507
     136.6385595726455335     -0.0080660
     137.2429807795911074     -0.0184053
     137.8474044225669388     -0.0203020
     138.4518305017061550      0.0183749
     139.0562590168756856     -0.0025995
     139.6606899682085725     -0.0285292
     140.2651233557048727     -0.0216561
     140.8695591792980224      0.0208795
     141.4739974390545569      0.0059028
     142.0784381350410683     -0.0055258
     142.6828812671909930      0.0109335
     143.2873268355708660     -0.0017362
     143.8917748401807160     -0.0124600
     144.4962252810871064      0.0041476
     145.1006781581568816      0.0072095
     145.7051334715231974     -0.0092775
     146.3095912211860821     -0.0152697
     146.9140514072120141      0.0060278
     147.5185140295345150     -0.0137710
     148.1229790881535564     -0.0170098
     148.7274465830691099      0.0033200
     149.3319165144143312     -0.0273152
     149.9363888821226851      0.0099529
     150.5408636861941147     -0.0024069
     151.1453409266952406     -0.0137242
     151.7498206036260342     -0.0014934
     152.3543027169864672     -0.0005938
     152.9587872667765964     -0.0088088
     153.5632742529963934      0.0024476
     154.1677636757789855     -0.0147925
     154.7722555350578375     -0.0140529
     155.3767498307663288     -0.0024400
     155.9812465630376437      0.0108550
     156.5857457318051900      0.0100694
     157.1902473372020950      0.0145440
     157.7947513790952883     -0.0069908
     158.3992578576178119     -0.0239997
     159.0037667727031589      0.0039517
     159.6082781243513011     -0.0145756
     160.2127919126953657     -0.0047334
     160.8173081376688174      0.0042816
     161.4218267993382199      0.0091719
     162.0263478976369527     -0.0154495
     162.6308714325651010      0.0046861
     163.2353974043223275     -0.0092743
     163.8399258127089126     -0.0079058
     164.4444566578579838      0.0076202
     165.0489899397030342      0.0110045
     165.6535256583105706     -0.0031091
     166.2580638137471567     -0.0092049
     166.8626044058797220     -0.0224538
     167.4671474349079006     -0.0071992
     168.0716929006985936      0.0045763
     168.6762408033183647     -0.0028904
     169.2807911428337775     -0.0258873
     169.8853439191782684      0.0015557
     170.4898991323518374     -0.0187322
     171.0944567825541469     -0.0087241
     171.6990168695190278      0.0034222
     172.3035793935126208      0.0041141
     172.9081443543353203      0.0012263
     173.5127117521867888     -0.0103026
     174.1172815869338990     -0.0039178
     174.7218538587098067     -0.0006919
     175.3264285675144549      0.0076460
     175.9310057132813370      0.0145231
     176.5355852960769880      0.0130814
     177.1401673159014081      0.0262870
     177.7447517727545971      0.0130451
     178.3493386667031473     -0.0281090
     178.9539279977470301      0.0000377
     179.5585197659528376      0.0254124
     180.1631139711873857     -0.0142237
     180.7677106135173233      0.0055237
     181.3723096930757208      0.0179542
     181.9769112097294510      0.0079868
     182.5815151635450775      0.0101836
     183.1861215545892208      0.0006880
     183.7907303827952319      0.0076868
     184.3953416482297882      0.0016531
     184.9999553508927761     -0.0078792
     185.6045714907842239     -0.0107466
     186.2091900679707521      0.0059526
     186.8138110824523039      0.0025161
     187.4184345341623441      0.0038771
     188.0230604232339715     -0.0039309
     188.6276887496007078     -0.0150132
     189.2323195132624107     -0.0174943
     189.8369527143523499     -0.0031367
     190.4415883527373126     -0.0097598
     191.0462264284838909     -0.0233171
     191.6508669416586770     -0.0252986
     192.2555098922615855     -0.0183176
     192.8601552802261381      0.0040740
     193.4648031056854620      0.0009845
     194.0694533685729368      0.0201662
     194.6741060688885625      0.0052348
     195.2787612066989880     -0.0067005
     195.8834187820706916     -0.0270180
     196.4880787949371665     -0.0006150
     197.0927412452983845      0.0259763
     197.6974061331543169     -0.0006534
     198.3020734586381479     -0.0034826
     198.9067432216167504     -0.0123275
     199.5114154222232230      0.0016921
     200.1160900604575943      0.0001611
     200.7207671362532437      0.0080398
     201.3254466496767918     -0.0082463
     201.9301286007948022      0.0015860
     202.5348129895406544      0.0232228
     203.1394998159144336      0.0216142
     203.7441890800492104      0.0029205
     204.3488807818784210      0.0176683
     204.9535749214020939      0.0074773
     205.5582714986868211      0.0049437
     206.1629705136659254     -0.0094660
     206.7676719664060840     -0.0069800
     207.3723758569072402     -0.0167412
     207.9770821852360143     -0.0001189
     208.5817909513923496     -0.0056296
     209.1865021553097108     -0.0057762
     209.7912157971212253     -0.0091351
     210.3959318766937372     -0.0089494
     211.0006503942269660      0.0161806
     211.6053713495878128      0.0023683
     212.2100947429093480     -0.0187665
     212.8148205740584729     -0.0282219
     213.4195488431683145     -0.0026085
     214.0242795501723094     -0.0184410
     214.6290126951370212     -0.0100685
     215.2337482781290419     -0.0168251
     215.8384862990151873     -0.0035198
     216.4432267579286133     -0.0119585
     217.0479696548693198      0.0065755
     217.6527149898373068     -0.0026674
     218.2574627628326027      0.0009998
     218.8622129739217712      0.0053803
     219.4669656230381918     -0.0178848
     220.0717207102484849     -0.0092549
     220.6764782356191859     -0.0069833
     221.2812381990171673     -0.0188396
     221.8860006005755565      0.0004644
     222.4907654402944104     -0.0126319
     223.0955327181070800      0.0071593
     223.7003024341467494      0.0061842
     224.3050745884134187      0.0078557
     224.9098491807739038      0.0008734
     225.5146262114279807      0.0071019
     226.1194056803090291      0.0033745
     226.7241875874170489      0.0039124
     227.3289719328186607      0.0116574
     227.9337587164472154      0.0051130
     228.5385479384359257      0.0015838
     229.1433395987181996     -0.0174768
     229.7481336972939800      0.0002622
     230.3529302341633525     -0.0140795
     230.9577292094594156     -0.0051413
     231.5625306230490139     -0.0043327
     232.1673344750653314      0.0131444
     232.7721407654417192     -0.0148190
     233.3769494942448546     -0.0237304
     233.9817606614746239     -0.0168423
     234.5865742671311409     -0.0157089
     235.1913903112808839     -0.0072699
     235.7962087938573177     -0.0008664
     236.4010297149269775     -0.0027011
     237.0058530745565122     -0.0026946
     237.6106788726127093     -0.0151785
     238.2155071092287244     -0.0083783
     238.8203377844045860      0.0078258
     239.4251708981402658     -0.0049004
     240.0300064503691999      0.0037336
     240.6348444412244874      0.0028963
     241.2396848707062418      0.0068337
     241.8445277388143211      0.0043372
     242.4493730454822753      0.0127066
     243.0542207908431180      0.0119305
     243.6590709748969914      0.0159336
     244.2639235975772181      0.0008694
     244.8687786590169821     -0.0025751
     245.4736361590831279     -0.0063938
     246.0784960979088112     -0.0258528
     246.6833584754274682      0.0041060
     247.2882232917056342      0.0190667
     247.8930905467433092      0.0248410
     248.4979602406070853     -0.0059697
     249.1028323732303988      0.0123769
     249.7077069446132214     -0.0036140
     250.3125839548887086      0.0152708
     250.9174634039237333      0.0034043
     251.5223452919179579     -0.0085642
     252.1272296186717483     -0.0062478
     252.7321163843847387     -0.0103085
     253.3370055889903938      0.0317719
     253.9418972324887420      0.0233858
     254.5467913148797265      0.0306991
     255.1516878362299110     -0.0031997
     255.7565867965393807     -0.0097528
     256.3614881958745855     -0.0191739
     256.9663920341025118      0.0014252
     257.5712983113561449      0.0216626
     258.1762070276356553      0.0215105
     258.7811181829409293     -0.0097211
     259.3860317772720236     -0.0099138
     259.9909478106954452      0.0081439
     260.5958662832111941      0.0062388
     261.2007871947528201      0.0346241
     261.8057105454533371      0.0005741
     262.4106363352461813     -0.0057936
     263.0155645641980300      0.0012712
     263.6204952322422059     -0.0029202
     264.2254283394453296     -0.0010667
     264.8303638858739077      0.0188743
     265.4353018714614336      0.0301739
     266.0402422962744708      0.0287258
     266.6451851602463989      0.0033890
     267.2501304635104020      0.0144469
     267.8550782059999733     -0.0081916
     268.4600283877815059     -0.0135062
     269.0649810088551703      0.0011881
     269.6699360692209098      0.0115908
     270.2748935688786673     -0.0149289
     270.8798535078284999     -0.0245433
     271.4848158861369711     -0.0010822
     272.0897807038040241     -0.0030094
     272.6947479608298295      0.0081935
     273.2997176572807234      0.0004269
     273.9046897930902560     -0.0159983
     274.5096643683250477     -0.0036375
     275.1146413829849848     -0.0021549
     275.7196208370701811      0.0212901
     276.3246027305804660      0.0050030
     276.9295870636491941      0.0151017
     277.5345738361430676      0.0142572
     278.1395630481953276      0.0124807
     278.7445546997392967     -0.0099785
     279.3495487907750885      0.0051436
     279.9545453213691530      0.0222803
     280.5595442915215472      0.0083768
     281.1645457012323277      0.0039245
     281.7695495505680015     -0.0005812
     282.3745558395285116     -0.0105140
     282.9795645680474081      0.0151315
     283.5845757361911978      0.0126497
     284.1895893440264445      0.0200499
     284.7946053915532048      0.0042863
     285.3996238787048014     -0.0002114
     286.0046448056144754      0.0168195
     286.6096681721490427      0.0159219
     287.2146939784416304      0.0235434
     287.8197222244922386     -0.0018749
     288.4247529102343606     -0.0036266
     289.0297860358010666     -0.0026459
     289.6348216011257932      0.0059255
     290.2398596062085971      0.0035092
     290.8449000511824920      0.0060001
     291.4499429359145211     -0.0142619
     292.0549882605376411      0.0020522
     292.6600360249853452     -0.0016599
     293.2650862292577472      0.0025208
     293.8701388734878037      0.0034571
     294.4751939576756286     -0.0038636
     295.0802514816880375     -0.0080259
     295.6853114455917080      0.0023483
     296.2903738495195967     -0.0067190
     296.8954386933386331      0.0094150
     297.5005059771820015     -0.0144761
     298.1055757009831382     -0.0021832
     298.7106478647419863     -0.0030528
     299.3157224685917299      0.0102760
     299.9207995124656918     -0.0001471
     300.5258789963640993      0.0170764
     301.1309609203532318      0.0037663
     301.7360452843667531      0.0031010
     302.3411320885377336     -0.0066744
     302.9462213327995528      0.0034250
     303.5513130171522675     -0.0002361
     304.1564071416623847      0.0100160
     304.7615037062633974     -0.0244348
     305.3666027110883761     -0.0041231
     305.9717041560708140      0.0014050
     306.5768080412772747      0.0008961
     307.1819143666411378      0.0004436
     307.7870231322956442     -0.0135237
     308.3921343381740598     -0.0033630
     308.9972479842765551     -0.0164997
     309.6023640706030164      0.0211942
     310.2074825972866847      0.0184454
     310.8126035642608826      0.0213255
     311.4177269715922307      0.0068184
     312.0228528191476016      0.0099245
     312.6279811071266295     -0.0087543
     313.2331118353961870     -0.0015829
     313.8382450040895719      0.0161256
     314.4433806131400502     -0.0037421
     315.0485186625476217     -0.0022419
     315.6536591524455844     -0.0060095
     316.2588020827005835     -0.0111398
     316.8639474534458600      0.0017291
     317.4690952646814708      0.0166872
     318.0742455163407953     -0.0064316
     318.6793982085569041     -0.0076845
     319.2845533412633472      0.0083826
     319.8897109144600108     -0.0048633
     320.4948709281469519      0.0001426
     321.1000333824573545      0.0158575
     321.7051982772579777      0.0065738
     322.3103656126820056      0.0129986
     322.9155353887294950      0.0000585
     323.5207076053338255      0.0096108
     324.1258822625615039     -0.0246511
     324.7310593604126439     -0.0114269
     325.3362388989537521     -0.0139011
     325.9414208781848288      0.0128419
     326.5466052980393101      0.0052164
     327.1517921586504372     -0.0123451
     327.7569814599513620      0.0068853
     328.3621732019424257      0.0269041
     328.9673673846899078      0.0031437
     329.5725640081940355     -0.0058965
     330.1777630725212020      0.0049859
     330.7829645775383938     -0.0221196
     331.3881685233786811     -0.0094224
     331.9933749101086278     -0.0115854
     332.5985837375951064     -0.0029235
     333.2037950059047375      0.0120194
     333.8090087151040848      0.0240590
     334.4142248651930345      0.0070202
     335.0194434561717003      0.0022034
     335.6246644881065890     -0.0095628
     336.2298879608646303      0.0024611
     336.8351138745788376      0.0290716
     337.4403422292493815      0.0092457
     338.0455730248761483     -0.0026829
     338.6508062615257018     -0.0101903
     339.2560419391315349      0.0028495
     339.8612800576935911      0.0181834
     340.4665206173450542      0.0101285
     341.0717636180193040     -0.0024454
     341.6770090597163403      0.0069183
     342.2822569425027837      0.0119225
     342.8875072663120704     -0.0038120
     343.4927600313438347     -0.0027656
     344.0980152373984424      0.0130656
     344.7032728846090208      0.0178806
     345.3085329729089494      0.0000023
     345.9137955024314124     -0.0005833
     346.5190604730431687      0.0225341
     347.1243278848775731     -0.0017145
     347.7295977379343981     -0.0072217
     348.3348700321471938      0.0260588
     348.9401447676490875      0.0309812
     349.5454219443069519      0.0224220
     350.1507015623204211      0.0011808
     350.7559836215564246     -0.0042497
     351.3612681220814693      0.0125178
     351.9665550639622325     -0.0151112
     352.5718444471320367      0.0005807
     353.1771362715909390     -0.0047458
     353.7824305374055029      0.0162493
     354.3877272445756716      0.0007895
     354.9930263931680656      0.0004714
     355.5983279831161212      0.0013336
     356.2036320144864590     -0.0038706
     356.8089384872124015     -0.0021636
     357.4142474014271329      0.0034797
     358.0195587571306532     -0.0169310
     358.6248725542563420      0.0078753
     359.2301887928708197     -0.0076097
     359.8355074729741432      0.0018490
     360.4408285945661987     -0.0043846
     361.0461521577136637      0.0108354
     361.6514781624164243     -0.0038323
     362.2568066086079739      0.0029571
     362.8621374964214965     -0.0206825
     363.4674708257903717      0.0266652
     364.0728065967145426      0.0009632
     364.6781448093271933     -0.0003385
     365.2834854634952535      0.0207473
     365.8888285593517367      0.0121826
     366.4941740968967565     -0.0125016
     367.0995220760636926      0.0229125
     367.7048724969191085      0.0118374
     368.3102253595295679     -0.0008106
     368.9155806637619435      0.0010620
     369.5209384098159262      0.0029560
     370.1262985975584456      0.0090536
     370.7316612270560086     -0.0169530
     371.3370262983086150      0.0021014
     371.9423938113828285      0.0065338
     372.5477637662787060      0.0155751
     373.1531361629961339     -0.0234049
     373.7585110015352257      0.0137522
     374.3638882818959814      0.0111202
     374.9692680041448511     -0.0091016
     375.5746501682153280     -0.0188710
     376.1800347742406530     -0.0242898
     376.7854218222206555     -0.0209456
     377.3908113120888856     -0.0096643
     377.9962032438452866      0.0073457
     378.6015976175564788     -0.0000890
     379.2069944332889122      0.0257428
     379.8123936909096301      0.0043470
     380.4177953906181529     -0.0079942
     381.0231995322814669     -0.0125584
     381.6286061160326994      0.0115702
     382.2340151417387233      0.0241847
     382.8394266095325520      0.0064606
     383.4448405194142993     -0.0097692
     384.0502568713839082     -0.0154585
     384.6556756655079994      0.0199341
     385.2610969016534455      0.0261978
     385.8665205799533169      0.0131534
     386.4719467004076705     -0.0100406
     387.0773752630165063     -0.0104566
     387.6828062677797107      0.0058285
     388.2882397147640177     -0.0151537
     388.8936756039027500     -0.0317487
     389.4991139353290919      0.0089617
     390.1045547089098591     -0.0157411
     390.7099979247782358     -0.0076313
     391.3154435829342219      0.0076834
     391.9208916833111971      0.0212724
     392.5263422260423454     -0.0050527
     393.1317952110611600     -0.0180204
     393.7372506383674704     -0.0172176
     394.3427085080279539     -0.0033053
     394.9481688200426106      0.0154577
     395.5536315744114972      0.0187316
     396.1590967712010070      0.0203945
     396.7645644103446898     -0.0035545
     397.3700344919091663     -0.0136694
     397.9755070158943226     -0.0014099
     398.5809819823002158      0.0052658
     399.1864593911934094      0.0234044
     399.7919392425072829      0.0098030
     400.3974215363750773     -0.0052597
     401.0029062727301721      0.0153407
     401.6083934515725105      0.0363944
     402.2138830729687697      0.0445784
     402.8193751368522726      0.0526468
     403.4248696433562031      0.0198424
     404.0303665923474341      0.0110281
     404.6358659840257133     -0.0055280
     405.2413678182577996     -0.0218479
     405.8468720951103137     -0.0163483
     406.4523788145832555     -0.0142172
     407.0578879766766249     -0.0111857
     407.6633995814570426     -0.0163192
     408.2689136289243947     -0.0269935
     408.8744301190787951     -0.0189974
     409.4799490519867504      0.0062196
     410.0854704275816971     -0.0009476
     410.6909942458635783     -0.0238009
     411.2965205069656349     -0.0058978
     411.9020492107547398      0.0239581
     412.5075803573639064      0.0275014
     413.1131139467932485      0.0211709
     413.7186499789760887      0.0124563
     414.3241884540456681      0.0059559
     414.9297293718688024     -0.0060979
     415.5352727326452964      0.0147271
     416.1408185361752317     -0.0053290
     416.7463667826585265      0.0050014
     417.3519174720950105      0.0033974
     417.9574706044181767     -0.0001507
     418.5630261796280820     -0.0138178
     419.1685841977247264     -0.0020510
     419.7741446588411236      0.0139116
     420.3797075629773872      0.0015566
     420.9852729100003330      0.0277262
     421.5908407001097089      0.0029209
     422.1964109331723307     -0.0054448
     422.8019836092548189     -0.0048554
     423.4075587284236803     -0.0044792
     424.0131362906789150     -0.0102602
     424.6187162959540160      0.0104102
     425.2242987443154902      0.0072272
     425.8298836358965218     -0.0007971
     426.4354709704974198      0.0125229
     427.0410607482512546      0.0053603
     427.6466529691580831     -0.0017335
     428.2522476331512280     -0.0031519
     428.8578447404306075     -0.0202427
     429.4634442908628102     -0.0028977
     430.0690462844480635     -0.0024896
     430.6746507213194377      0.0003973
     431.2802576014102556     -0.0097319
     431.8858669247872513      0.0114661
     432.4914786913838043      0.0311637
     433.0970929012663646     -0.0143638
     433.7027095545016095     -0.0148148
     434.3083286510230323      0.0080626
     434.9139501908970828      0.0077395
     435.5195741740572544     -0.0002590
     436.1252006005700537      0.0174839
     436.7308294704355376     -0.0111837
     437.3364607837203266     -0.0057041
     437.9420945404242502     -0.0172996
     438.5477307405474789      0.0095942
     439.1533693840898991      0.0231777
     439.7590104710515675      0.0100475
     440.3646540014990478      0.0103472
     440.9702999753657764      0.0051760
     441.5759483927848805     -0.0068703
     442.1815992536897397      0.0192204
     442.7872525581470313      0.0209482
     443.3929083060900211      0.0270844
     443.9985664975855002      0.0029377
     444.6042271326333548     -0.0002712
     445.2098902113000349     -0.0137079
     445.8155557335191475     -0.0159218
     446.4212236993572560     -0.0108235
     447.0268941088141901     -0.0178333
     447.6325669618901202      0.0036699
     448.2382422586516100      0.0081048
     448.8439199990985458      0.0049678
     449.4496001831644207     -0.0179018
     450.0552828109823622     -0.0152043
     450.6609678825524270     -0.0179061
     451.2666553977413741     -0.0120682
     451.8723453567489514      0.0238077
     452.4780377594420884      0.0111982
     453.0837326059537986     -0.0219621
     453.6894298962176322     -0.0125769
     454.2951296303001527     -0.0193498
     454.9008318082012465      0.0036089
     455.5065364299209705     -0.0114633
     456.1122434954593814      0.0003265
     456.7179530048829861     -0.0142191
     457.3236649581917845      0.0077003
     457.9293793553857768      0.0132718
     458.5350961965315264      0.0002960
     459.1408154815625835      0.0026712
     459.7465372104787775     -0.0187276
     460.3522613833467290     -0.0137285
     460.9579880002330583     -0.0160304
     461.5637170610711451      0.0071714
     462.1694485658610461      0.0032266
     462.7751825146692681     -0.0229136
     463.3809189074958113     -0.0155381
     463.9866577444072391     -0.0248136
     464.5923990253370448     -0.0061546
     465.1981427503517352     -0.0044288
     465.8038889194513672      0.0130269
     466.4096375325693771     -0.0130611
     467.0153885899053989     -0.0052589
     467.6211420913263055     -0.0039902
     468.2268980368987172     -0.0187762
     468.8326564266225773      0.0190999
     469.4384172604313221     -0.0063928
     470.0441805385247562     -0.0125901
     470.6499462607696387      0.0108981
     471.2557144272325331      0.0041579
     471.8614850379134964     -0.0072948
     472.4672580928790921      0.0017697
     473.0730335920626430     -0.0016599
     473.6788115355308832     -0.0188931
     474.2845919232837559     -0.0217887
     474.8903747554543315     -0.0103617
     475.4961600317764123     -0.0167549
     476.1019477525161960     -0.0147999
     476.7077379175406122     -0.0098230
     477.3135305269827882     -0.0140431
     477.9193255807761602     -0.0102658
     478.5251230789872352      0.0005233
     479.1309230215494495     -0.0041120
     479.7367254085960440     -0.0151369
     480.3425302399938346     -0.0019760
     480.9483375159424554     -0.0099671
     481.5541472363088360      0.0135422
     482.1599594011595400      0.0159955
     482.7657740104945674      0.0288975
     483.3715910643804818      0.0231671
     483.9774105627506628     -0.0078604
     484.5832325056717309     -0.0348760
     485.1890568931437429     -0.0154729
     485.7948837251665282      0.0037542
     486.4007130017402574     -0.0073210
     487.0065447229980578     -0.0034615
     487.6123788888066883     -0.0057385
     488.2182154992993333     -0.0254476
     488.8240545543428084     -0.0050237
