Scan:    830   RXJ0029.0+1957 2015-11-01 +03 50 33.0
         OPTICAL                 Tb    
        km/s-LSR                 XX
    -549.0179218746858396     -0.0025270
    -548.4162588382631611      0.0130160
    -547.8145933824520171      0.0009184
    -547.2129255072192109      0.0181957
    -546.6112552124645845     -0.0013184
    -546.0095824982552131      0.0077434
    -545.4079073645573317      0.0110152
    -544.8062298113380848      0.0038156
    -544.2045498386970621      0.0278151
    -543.6028674464345158      0.0187484
    -543.0011826346504904     -0.0109676
    -542.3994954032782516      0.0006763
    -541.7978057523512234     -0.0000444
    -541.1961136818692921      0.0026834
    -540.5944191917659509     -0.0073689
    -539.9927222820078896     -0.0115418
    -539.3910229526284184     -0.0174665
    -538.7893212036608475     -0.0097239
    -538.1876170349718222     -0.0065773
    -537.5859104465948803      0.0082732
    -536.9842014385633320      0.0040111
    -536.3824900107771327      0.0071029
    -535.7807761633362134      0.0026863
    -535.1790598961407568     -0.0025908
    -534.5773412091574528     -0.0073426
    -533.9756201024196116     -0.0049373
    -533.3738965759604298     -0.0068695
    -532.7721706296468938     -0.0054649
    -532.1704422635455103     -0.0090148
    -531.5687114775896589     -0.0015650
    -530.9669782718127635      0.0034831
    -530.3652426462479070     -0.0057673
    -529.7635046007621895     -0.0018480
    -529.1617641353553836     -0.0079265
    -528.5600212500943371     -0.0022881
    -527.9582759449453988      0.0046570
    -527.3565282198422892      0.0044902
    -526.7547780747848947     -0.0020396
    -526.1530255098064117     -0.0085794
    -525.5512705248072507     -0.0057423
    -524.9495131199204252      0.0130350
    -524.3477532949461875      0.0357767
    -523.7459910499842408      0.0228604
    -523.1442263850016161      0.0055024
    -522.5424592999647757     -0.0025107
    -521.9406897949071436     -0.0179894
    -521.3389178697289026     -0.0130369
    -520.7371435244964459     -0.0059431
    -520.1353667591433805     -0.0159951
    -519.5335875737360993     -0.0127528
    -518.9318059681417026     -0.0121407
    -518.3300219423931594     -0.0103536
    -517.7282354964908109     -0.0102607
    -517.1264466304012331     -0.0059552
    -516.5246553441908191     -0.0126795
    -515.9228616377266690     -0.0096295
    -515.3210655110419793     -0.0098251
    -514.7192669641367502     -0.0120807
    -514.1174659970110952     -0.0143784
    -513.5156626095981665     -0.0025869
    -512.9138568018983051     -0.0054905
    -512.3120485739111700     -0.0034130
    -511.7102379256370455     -0.0002895
    -511.1084248570758177     -0.0006580
    -510.5066093681276129      0.0019541
    -509.9047914588257413     -0.0008116
    -509.3029711291702029     -0.0038320
    -508.7011483791277442     -0.0014595
    -508.0993232087648153     -0.0146171
    -507.4974956179152059     -0.0143371
    -506.8956656066785058     -0.0037442
    -506.2938331749551253     -0.0073623
    -505.6919983228780211     -0.0097948
    -505.0901610502808694     -0.0007407
    -504.4883213571635565     -0.0020833
    -503.8864792435927598      0.0019116
    -503.2846347095019155     -0.0062655
    -502.6827877549242203      0.0035596
    -502.0809383797599139      0.0085896
    -501.4790865840754464     -0.0109190
    -500.8772323677711142     -0.0105407
    -500.2753757309799312     -0.0111287
    -499.6735166735355733     -0.0148395
    -499.0716551954379838      0.0096502
    -498.4697912967537263     -0.0074487
    -497.8679249774162940     -0.0004117
    -497.2660562374921369     -0.0040911
    -496.6641850768149880      0.0085718
    -496.0623114954845505     -0.0055481
    -495.4604354934343178     -0.0051190
    -494.8585570706643466     -0.0123191
    -494.2566762272410870     -0.0051111
    -493.6547929630315821      0.0056080
    -493.0529072780356614     -0.0085377
    -492.4510191722866352      0.0002403
    -491.8491286457845604      0.0036554
    -491.2472356984295629     -0.0045629
    -490.6453403302549532     -0.0148594
    -490.0434425412606743     -0.0040485
    -489.4415423314467830      0.0010818
    -488.8396397007799123     -0.0056198
    -488.2377346492268657      0.0007778
    -487.6358271767543897     -0.0059487
    -487.0339172833956809      0.0037719
    -486.4320049691506824      0.0042128
    -485.8300902339529443     -0.0140533
    -485.2281730777692133      0.0036818
    -484.6262535006326857     -0.0084147
    -484.0243315025433617     -0.0050769
    -483.4224070835012981     -0.0016267
    -482.8204802434065641      0.0064064
    -482.2185509822925269     -0.0087449
    -481.6166193001258193     -0.0065590
    -481.0146851969731188      0.0054015
    -480.4127486727011842     -0.0152412
    -479.8108097273433259     -0.0064203
    -479.2088683609328541      0.0238328
    -478.6069245733698949      0.0173787
    -478.0049783647543791      0.0135289
    -477.4030297349197554     -0.0009735
    -476.8010786839659545     -0.0088724
    -476.1991252118597231     -0.0125295
    -475.5971693185343838     -0.0024666
    -474.9952110040899242     -0.0057115
    -474.3932502683597932      0.0122771
    -473.7912871114438644      0.0098745
    -473.1893215332424347     -0.0004563
    -472.5873535338551505     -0.0039656
    -471.9853831131490551      0.0045239
    -471.3834102711905985     -0.0013468
    -470.7814350078799066      0.0023186
    -470.1794573232836569      0.0002716
    -469.5774772174351028      0.0103663
    -468.9754946901677499      0.0016434
    -468.3735097415482755      0.0002020
    -467.7715223715433126      0.0013676
    -467.1695325802194247     -0.0074251
    -466.5675403674435984      0.0011706
    -465.9655457332489163      0.0099239
    -465.3635486776022958     -0.0045264
    -464.7615492005369333     -0.0079573
    -464.1595473020860254     -0.0035170
    -463.5575429820833051     -0.0023171
    -462.9555362405952792      0.0005628
    -462.3535270775885806      0.0109865
    -461.7515154930966901      0.0059485
    -461.1495014870860700      0.0106813
    -460.5474850595236376     -0.0017169
    -459.9454662103760825      0.0112113
    -459.3434449396432910     -0.0053178
    -458.7414212473919406     -0.0172518
    -458.1393951334555936     -0.0186802
    -457.5373665979340672     -0.0099377
    -456.9353356407607976      0.0050589
    -456.3333022619357848     -0.0002040
    -455.7312664615256494     -0.0055033
    -455.1292282393638970     -0.0018918
    -454.5271875954838379     -0.0026888
    -453.9251445299520924     -0.0097376
    -453.3230990427020402     -0.0048727
    -452.7210511337004277     -0.0064814
    -452.1190008029138880     -0.0082897
    -451.5169480503757882      0.0029615
    -450.9148928760861281     -0.0032190
    -450.3128352800115977     -0.0081277
    -449.7107752620855763      0.0010957
    -449.1087128223415448     -0.0038576
    -448.5066479607792758     -0.0033167
    -447.9045806773323193     -0.0175469
    -447.3025109721004355     -0.0028553
    -446.7004388448839904     -0.0073524
    -446.0983642958161681      0.0054996
    -445.4962873248302913      0.0007303
    -444.8942079319597838     -0.0017366
    -444.2921261171046581     -0.0031059
    -443.6900418802649142      0.0006745
    -443.0879552215072863     -0.0025675
    -442.4858661407317300     -0.0000981
    -441.8837746380048657     -0.0080272
    -441.2816807132269332     -0.0055360
    -440.6795843663978758     -0.0020414
    -440.0774855975509467     -0.0030799
    -439.4753844066861461      0.0011182
    -438.8732807937036000      0.0005575
    -438.2711747586367323      0.0001944
    -437.6690663014521192     -0.0008786
    -437.0669554221498174      0.0023460
    -436.4648421207963338      0.0016762
    -435.8627263972253445     -0.0004588
    -435.2606082515033563      0.0079191
    -434.6584876835971158      0.0081597
    -434.0563646935066231     -0.0059867
    -433.4542392812650746      0.0029684
    -432.8521114467394568      0.0029488
    -432.2499811899962765     -0.0079808
    -431.6478485110022802     -0.0014418
    -431.0457134097907215      0.0033609
    -430.4435758862617263      0.0014896
    -429.8414359404153515     -0.0017329
    -429.2392935722848506      0.0032541
    -428.6371487818369701      0.0069503
    -428.0350015691049634      0.0005203
    -427.4328519339557033      0.0023279
    -426.8306998764557534      0.0080687
    -426.2285453965718034     -0.0003155
    -425.6263884943372204     -0.0010124
    -425.0242291696520169      0.0066494
    -424.4220674225496737     -0.0004240
    -423.8199032529966530     -0.0095107
    -423.2177366610264926     -0.0019914
    -422.6155676466057685     -0.0018801
    -422.0133962096346636     -0.0063612
    -421.4112223502129950     -0.0110065
    -420.8090460682409457      0.0029118
    -420.2068673638183327      0.0170794
    -419.6046862367787753     -0.0001915
    -419.0025026872221474      0.0103005
    -418.4003167150818854     -0.0077823
    -417.7981283203578755     -0.0020468
    -417.1959375030501747      0.0047007
    -416.5937442631255863     -0.0007990
    -415.9915486005506864      0.0125295
    -415.3893505153588990      0.0099207
    -414.7871500074835467      0.0166020
    -414.1849470769912500      0.0007131
    -413.5827417237488817      0.0106302
    -412.9805339478230053     -0.0029493
    -412.3783237491802538     -0.0021978
    -411.7761111278540511     -0.0010178
    -411.1738960837444097     -0.0010310
    -410.5716786168846966      0.0197582
    -409.9694587272082913      0.0068612
    -409.3672364147818712     -0.0012699
    -408.7650116795720692     -0.0001491
    -408.1627845215122647      0.0195781
    -407.5605549406358818     -0.0086542
    -406.9583229368761863     -0.0003157
    -406.3560885103331657     -0.0008379
    -405.7538516608403256      0.0036975
    -405.1516123884975400      0.0076604
    -404.5493706932050486     -0.0086777
    -403.9471265749959912     -0.0035558
    -403.3448800339369882     -0.0027076
    -402.7426310698616589      0.0048545
    -402.1403796828032000     -0.0104459
    -401.5381258727616682     -0.0029553
    -400.9358696397703739     -0.0017719
    -400.3336109837959498     -0.0003650
    -399.7313499047386358     -0.0032380
    -399.1290864026649956     -0.0018593
    -398.5268204775084087     -0.0034464
    -397.9245521293686920      0.0003108
    -397.3222813580795787      0.0115561
    -396.7200081637074618     -0.0043946
    -396.1177325461858914      0.0089344
    -395.5154545055813742     -0.0109378
    -394.9131740418939103     -0.0066716
    -394.3108911549571189     -0.0030204
    -393.7086058449041275     -0.0164456
    -393.1063181116350620     -0.0037488
    -392.5040279552165430     -0.0009395
    -391.9017353755485829     -0.0014859
    -391.2994403726313521      0.0113482
    -390.6971429464980474      0.0212633
    -390.0948430971154153      0.0181089
    -389.4925408244833989     -0.0025040
    -388.8902361285354914      0.0106986
    -388.2879290092716928      0.0054792
    -387.6856194666919464      0.0087279
    -387.0833075007962520      0.0050116
    -386.4809931115847235      0.0003088
    -385.8786762989906833     -0.0149706
    -385.2763570630141885     -0.0016127
    -384.6740354036551253      0.0012963
    -384.0717113209136642      0.0049005
    -383.4693848147564381      0.0051067
    -382.8670558851168835      0.0051213
    -382.2647245320615639     -0.0044772
    -381.6623907555238588     -0.0026903
    -381.0600545555703889     -0.0107670
    -380.4577159320680835      0.0009425
    -379.8553748850833927      0.0022669
    -379.2530314145498664     -0.0009018
    -378.6506855205672082      0.0000660
    -378.0483372029692077     -0.0050674
    -377.4459864617889480      0.0030606
    -376.8436332970597960      0.0063626
    -376.2412777087151881     -0.0094265
    -375.6389196968216311     -0.0144020
    -375.0365592612461114     -0.0069094
    -374.4341964020218256     -0.0008963
    -373.8318311191820271      0.0026538
    -373.2294634126935193     -0.0051275
    -372.6270932825229920      0.0060679
    -372.0247207286038247      0.0131846
    -371.4223457510026378      0.0026443
    -370.8199683496528678     -0.0036602
    -370.2175885246543316     -0.0122788
    -369.6152062758073384     -0.0204554
    -369.0128216032118189     -0.0091918
    -368.4104345068342923      0.0051726
    -367.8080449866749859      0.0033856
    -367.2056530427337293     -0.0050536
    -366.6032586749107622      0.0012561
    -366.0008618832726484     -0.0129214
    -365.3984626677527672      0.0060583
    -364.7960610284177392      0.0031370
    -364.1936569651344371     -0.0026373
    -363.5912504779693677      0.0052716
    -362.9888415668892776      0.0042329
    -362.3864302318608566      0.0032984
    -361.7840164729507251     -0.0000587
    -361.1816002900590661      0.0066819
    -360.5791816831524557     -0.0046717
    -359.9767606522642609     -0.0003630
    -359.3743371974277920     -0.0013991
    -358.7719113185431752      0.0040509
    -358.1694830156104103     -0.0047684
    -357.5670522886294407     -0.0059225
    -356.9646191376004367     -0.0026292
    -356.3621835625231711      0.0118091
    -355.7597455633312507      0.0086918
    -355.1573051400245618     -0.0051526
    -354.5548622926031612     -0.0076662
    -353.9524170210337388     -0.0120364
    -353.3499693253829719     -0.0003039
    -352.7475192054842523     -0.0027189
    -352.1450666614375677     -0.0083213
    -351.5426116931762408     -0.0109492
    -350.9401543008003159     -0.0202192
    -350.3376944841099316     -0.0227618
    -349.7352322432049618     -0.0132512
    -349.1327675780188429      0.0090215
    -348.5303004886181384     -0.0029251
    -347.9278309749362847     -0.0017366
    -347.3253590369400285      0.0016528
    -346.7228846746293698     -0.0070549
    -346.1204078879710551      0.0022197
    -345.5179286770647877      0.0019088
    -344.9154470417109906      0.0065210
    -344.3129629820095374      0.0048152
    -343.7104764979270612      0.0161913
    -343.1079875894303086      0.0054932
    -342.5054962565858432     -0.0026850
    -341.9030024992938479     -0.0008301
    -341.3005063175208988      0.0219717
    -340.6980077113005336      0.0183837
    -340.0955066805992715      0.0085374
    -339.4930032254837329      0.0107565
    -338.8904973457875371      0.0075984
    -338.2879890416105013     -0.0034293
    -337.6854783128860049     -0.0054263
    -337.0829651596806684     -0.0134933
    -336.4804495818614214     -0.0079746
    -335.8779315794614604      0.0050499
    -335.2754111524807854      0.0008419
    -334.6728883008861430     -0.0045150
    -334.0703630247440969      0.0025482
    -333.4678353238882096      0.0120404
    -332.8653051984184117     -0.0088322
    -332.2627726482679691     -0.0153047
    -331.6602376735036160     -0.0023366
    -331.0577002739921681     -0.0071622
    -330.4551604497668222     -0.0076392
    -329.8526182008610590      0.0010101
    -329.2500735271747772      0.0010551
    -328.6475264288079643     -0.0102847
    -328.0449769056276068      0.0060018
    -327.4424249576667307      0.0024340
    -326.8398705849254497     -0.0041072
    -326.2373137874038207     -0.0069594
    -325.6347545650352231      0.0104713
    -325.0321929178196569     -0.0000959
    -324.4296288457571791     -0.0043368
    -323.8270623488143656     -0.0006999
    -323.2244934270246972     -0.0024986
    -322.6219220803214967     -0.0047879
    -322.0193483087046502     -0.0028605
    -321.4167721121743853      0.0042765
    -320.8141934906639676      0.0111305
    -320.2116124442733280      0.0104047
    -319.6090289728693392     -0.0057522
    -319.0064430764851977      0.0027670
    -318.4038547550877070      0.0112560
    -317.8012640087433738      0.0108593
    -317.1986708373191846      0.0020391
    -316.5960752408482222      0.0056969
    -315.9934772193306571     -0.0087251
    -315.3908767727331224     -0.0003728
    -314.7882739010889850      0.0057099
    -314.1856686043315676      0.0072312
    -313.5830608824276169      0.0033759
    -312.9804507353771328      0.0114861
    -312.3778381632800460     -0.0018554
    -311.7752231659366089     -0.0011265
    -311.1726057434466384      0.0067528
    -310.5699858957435140      0.0127756
    -309.9673636228607165      0.0019076
    -309.3647389247980186     -0.0146325
    -308.7621118014557169     -0.0194183
    -308.1594822528670647     -0.0115417
    -307.5568502789988088     -0.0105386
    -306.9542158798840887     -0.0094650
    -306.3515790555230183     -0.0062329
    -305.7489398057825269     -0.0060039
    -305.1462981307623181      0.0099294
    -304.5436540303626316      0.0003071
    -303.9410075046832844      0.0072050
    -303.3383585535912061     -0.0046484
    -302.7357071771195365     -0.0158864
    -302.1330533752683891      0.0051266
    -301.5303971480045107      0.0054626
    -300.9277384953610976      0.0105849
    -300.3250774172383899      0.0132034
    -299.7224139136695271      0.0037739
    -299.1197479846213696      0.0045999
    -298.5170796301271707     -0.0003074
    -297.9144088501203100     -0.0020908
    -297.3117356445675341     -0.0085032
    -296.7090600135020964     -0.0042047
    -296.1063819569240536      0.0007490
    -295.5037014748333490      0.0045374
    -294.9010185670969122      0.0052819
    -294.2983332337812499      0.0004693
    -293.6956454748864189     -0.0083696
    -293.0929552903790523      0.0013097
    -292.4902626802925170      0.0086797
    -291.8875676444936289      0.0037161
    -291.2848701830823757      0.0153136
    -290.6821702959586560      0.0175106
    -290.0794679832224574     -0.0041848
    -289.4767632447073424     -0.0010557
    -288.8740560805132418     -0.0003883
    -288.2713464905401679      0.0061463
    -287.6686344748548549      0.0066693
    -287.0659200334571892     -0.0121268
    -286.4632031662472968     -0.0016171
    -285.8604838732584881     -0.0030518
    -285.2577621544241993     -0.0021888
    -284.6550380098443043      0.0042877
    -284.0523114393856758      0.0064258
    -283.4495824430816242      0.0016359
    -282.8468510208987254      0.0025328
    -282.2441171728704035     -0.0157365
    -281.6413808989966014     -0.0099077
    -281.0386421991441921     -0.0007323
    -280.4359010733797390      0.0030660
    -279.8331575216699889      0.0000378
    -279.2304115440149417     -0.0022032
    -278.6276631404811042     -0.0054686
    -278.0249123108687854      0.0059048
    -277.4221590553111696     -0.0075870
    -276.8194033737084396      0.0031021
    -276.2166452661269886      0.0144054
    -275.6138847325004804      0.0007792
    -275.0111217727954340     -0.0151662
    -274.4083563870119633     -0.0084731
    -273.8055885751500682      0.0067601
    -273.2028183372762555      0.0083700
    -272.6000456731908343     -0.0114923
    -271.9972705830269888      0.0025486
    -271.3944930666847881     -0.0004289
    -270.7917131242641631      0.0102776
    -270.1889307556319295      0.0118900
    -269.5861459607882011      0.0073455
    -268.9833587397660608     -0.0057530
    -268.3805690925323120      0.0045885
    -267.7777770190870683      0.0056118
    -267.1749825193969059     -0.0016546
    -266.5721855934286282     -0.0168314
    -265.9693862411821215     -0.0104827
    -265.3665844626907528      0.0097518
    -264.7637802578546484      0.0090317
    -264.1609736267071753      0.0016680
    -263.5581645692482198      0.0005373
    -262.9553530854112751     -0.0033641
    -262.3525391752961582      0.0155985
    -261.7497228387364316      0.0166177
    -261.1469040757987159      0.0218709
    -260.5440828864497576      0.0110379
    -259.9412592706894429      0.0187949
    -259.3384332285511391      0.0049249
    -258.7356047599016620     -0.0113803
    -258.1327738647743786     -0.0080139
    -257.5299405432024855     -0.0044636
    -256.9271047951860396      0.0127451
    -256.3242666205919136      0.0016711
    -255.7214260194865858      0.0056135
    -255.1185829918368597      0.0008797
    -254.5157375376427069      0.0065071
    -253.9128896569706910      0.0157517
    -253.3100393496210927      0.0130459
    -252.7071866156938142      0.0066896
    -252.1043314551555454      0.0073149
    -251.5014738680395112      0.0043953
    -250.8986138542459798     -0.0129532
    -250.2957514138081478      0.0086849
    -249.6928865466927618      0.0022139
    -249.0900192528997934      0.0019624
    -248.4871495324292994     -0.0035680
    -247.8842773852479411      0.0036962
    -247.2814028113224367      0.0076534
    -246.6785258106195613     -0.0033614
    -246.0756463832057932     -0.0074447
    -245.4727645290479074      0.0076802
    -244.8698802480793404      0.0069525
    -244.2669935403000920      0.0095255
    -243.6641044057101340     -0.0000257
    -243.0612128443094662      0.0065179
    -242.4583188560648352     -0.0073088
    -241.8554224409429310     -0.0046110
    -241.2525235989437817      0.0004726
    -240.6496223300340773      0.0012973
    -240.0467186343136348     -0.0020373
    -239.4438125116161302     -0.0011266
    -238.8409039619747887     -0.0012331
    -238.2379929853896101      0.0096592
    -237.6350795818939048     -0.0011664
    -237.0321637513877704      0.0075436
    -236.4292454939045172      0.0055045
    -235.8263248093776099     -0.0050665
    -235.2234016978402735      0.0015479
    -234.6204761593258468      0.0049066
    -234.0175481937344557      0.0144099
    -233.4146178010661004      0.0107047
    -232.8116849813207807      0.0009127
    -232.2087497344652149      0.0106579
    -231.6058120605659383      0.0010786
    -231.0028719594898519     -0.0049589
    -230.3999294313035477     -0.0123668
    -229.7969844759404054      0.0020546
    -229.1940370934670170     -0.0062087
    -228.5910872837502552     -0.0038249
    -227.9881350468566836     -0.0097748
    -227.3851803827529920     -0.0083596
    -226.7822232914059555      0.0012221
    -226.1792637728820523      0.0127455
    -225.5763018270815223      0.0027767
    -224.9733374539709985      0.0041886
    -224.3703706536171012     -0.0082644
    -223.7674014259865771     -0.0042639
    -223.1644297709794955      0.0078671
    -222.5614556886957587     -0.0124545
    -221.9584791790355212      0.0057212
    -221.3555002420320363      0.0210231
    -220.7525188776853042      0.0001352
    -220.1495350859287612     -0.0152455
    -219.5465488667624641     -0.0088482
    -218.9435602201863276      0.0016511
    -218.3405691462336904      0.0101204
    -217.7375756447713968      0.0056009
    -217.1345797158660105     -0.0047128
    -216.5315813594842496      0.0022379
    -215.9285805755928607     -0.0111561
    -215.3255773642583790      0.0014349
    -214.7225717253809592     -0.0043208
    -214.1195636589606011      0.0018151
    -213.5165531649640229      0.0104667
    -212.9135402434577884      0.0021155
    -212.3105248943753622     -0.0020045
    -211.7075071176833774      0.0127909
    -211.1044869133819191      0.0100242
    -210.5014642814709873      0.0042273
    -209.8984392219504969     -0.0007639
    -209.2954117347539977     -0.0080264
    -208.6923818198813763      0.0145384
    -208.0893494773326893     -0.0027600
    -207.4863147070746550      0.0145528
    -206.8832775091738654      0.0132857
    -206.2802378834971080     -0.0023924
    -205.6771958300777499      0.0124220
    -205.0741513489157342     -0.0059040
    -204.4711044400443711      0.0012879
    -203.8680551033305051      0.0036953
    -203.2650033388074462     -0.0052634
    -202.6619491465084764      0.0050680
    -202.0588925263669751      0.0076863
    -201.4558334784163094     -0.0023317
    -200.8527720025898589      0.0011306
    -200.2497080988876519      0.0078850
    -199.6466417672763498      0.0030497
    -199.0435730077893197     -0.0050139
    -198.4405018204597582      0.0105551
    -197.8374282051213413      0.0019139
    -197.2343521618405475     -0.0004966
    -196.6312736906174052      0.0071571
    -196.0281927914852247      0.0099349
    -195.4251094642775683      0.0070238
    -194.8220237090943101      0.0002583
    -194.2189355259021113      0.0009157
    -193.6158449146677185     -0.0034898
    -193.0127518754244420     -0.0110853
    -192.4096564080723795     -0.0153789
    -191.8065585126781798     -0.0103612
    -191.2034581891751657      0.0039863
    -190.6003554375967042      0.0006028
    -189.9972502578761748     -0.0013149
    -189.3941426500136345     -0.0050724
    -188.7910326140090547      0.0102008
    -188.1879201498624070      0.0092742
    -187.5848052575404665      0.0058893
    -186.9816879370098661      0.0124558
    -186.3785681882706911     -0.0033235
    -185.7754460113229413     -0.0056018
    -185.1723214060999396     -0.0072891
    -184.5691943727016735     -0.0074411
    -183.9660649109949304     -0.0043396
    -183.3629330209797104      0.0063267
    -182.7597987026893236      0.0022504
    -182.1566619561570519     -0.0111957
    -181.5535227812164578      0.0148988
    -180.9503811779674152      0.0230251
    -180.3472371463433319      0.0011006
    -179.7440906863775183     -0.0033475
    -179.1409417980699459     -0.0048119
    -178.5377904812875158     -0.0048413
    -177.9346367361300452     -0.0070490
    -177.3314805625309702      0.0043375
    -176.7283219605236013      0.0068143
    -176.1251609300413747     -0.0035068
    -175.5219974710842337      0.0072061
    -174.9188315836189531      0.0065357
    -174.3156632676787865      0.0056342
    -173.7124925232637338     -0.0165440
    -173.1093193502739496      0.0012382
    -172.5061437487094338     -0.0022070
    -171.9029657186367785      0.0096959
    -171.2997852599893918     -0.0076355
    -170.6966023727339632     -0.0114722
    -170.0934170568705497     -0.0009198
    -169.4902293123991228     -0.0018216
    -168.8870391392863723      0.0012488
    -168.2838465375989188      0.0021024
    -167.6806515071703245      0.0180698
    -167.0774540481004351     -0.0006506
    -166.4742541603226300      0.0081916
    -165.8710518438037127      0.0066495
    -165.2678470986768104      0.0052656
    -164.6646399247088652      0.0033879
    -164.0614303220330896      0.0119112
    -163.4582182905828631     -0.0022993
    -162.8550038303914675      0.0012191
    -162.2517869413591143     -0.0178309
    -161.6485676235190567      0.0073518
    -161.0453458768712380     -0.0035627
    -160.4421217013824617     -0.0005962
    -159.8388950970859526      0.0059616
    -159.2356660638818653     -0.0061409
    -158.6324346018035101      0.0153153
    -158.0292007107842949     -0.0095350
    -157.4259643909573754     -0.0015696
    -156.8227256421230322     -0.0119418
    -156.2194844643811109     -0.0186275
    -155.6162408576651046      0.0129150
    -155.0129948219749281      0.0059234
    -154.4097463573439200     -0.0035976
    -153.8064954636721779      0.0033054
    -153.2032421409930407     -0.0158547
    -152.5999863892732265      0.0106411
    -151.9967282085459601     -0.0222986
    -151.3934675987780167     -0.0341134
    -150.7902045599028042     -0.0189794
    -150.1869390919202942      0.0061694
    -149.5836711948638253      0.0089401
    -148.9804008687333976      0.0041604
    -148.3771281133957984     -0.0134674
    -147.7738529289509870      0.0084662
    -147.1705753153322860      0.0165939
    -146.5672952725397806      0.0256158
    -145.9640128006067243     -0.0041061
    -145.3607278993999614      0.0005365
    -144.7574405690193942     -0.0208644
    -144.1541508093651203      0.0106859
    -143.5508586205370136     -0.0150682
    -142.9475640023686651      0.0011632
    -142.3442669549598918      0.0239363
    -141.7409674782441584     -0.0009310
    -141.1376655722214650      0.0035319
    -140.5343612369250934      0.0054333
    -139.9310544722218879     -0.0066992
    -139.3277452782117223      0.0083767
    -138.7244336547946943      0.0005133
    -138.1211196020374814      0.0018262
    -137.5178031199066879     -0.0107199
    -136.9144842083025253      0.0045075
    -136.3111628673248106      0.0101433
    -135.7078390968736983      0.0029003
    -135.1045128970157805      0.0089009
    -134.5011842676512117      0.0167607
    -133.8978532088132454     -0.0009376
    -133.2945197204685712     -0.0145742
    -132.6911838026172745     -0.0045666
    -132.0878454552592984     -0.0044235
    -131.4845046783280509     -0.0163367
    -130.8811614718568705      0.0219582
    -130.2778158358124472     -0.0217276
    -129.6744677702280626     -0.0143278
    -129.0711172749705895     -0.0185597
    -128.4677643501399018     -0.0354443
    -127.8644089956361114     -0.0011985
    -127.2610512115257961     -0.0032500
    -126.6576909977756742     -0.0052111
    -126.0543283543191819     -0.0322246
    -125.4509632811896012     -0.0376388
    -124.8475957783536501     -0.0113260
    -124.2442258458113002     -0.0097885
    -123.6408534835293267     -0.0178111
    -123.0374786914743908     -0.0354841
    -122.4341014696798027     -0.0210457
    -121.8307218180789988     -0.0041692
    -121.2273397367718104     -0.0020716
    -120.6239552255918426     -0.0055622
    -120.0205682846056447     -0.0152899
    -119.4171789137466533     -0.0121989
    -118.8137871130814460     -0.0182391
    -118.2103928825767269      0.0018888
    -117.6069962221326364      0.0137521
    -117.0035971318157664     -0.0021778
    -116.4001956115928209     -0.0139747
    -115.7967916614970676     -0.0279412
    -115.1933852813954076     -0.0223404
    -114.5899764713544045     -0.0359232
    -113.9865652313740156     -0.0265031
    -113.3831515613544241      0.0033793
    -112.7797354614287428     -0.0372523
    -112.1763169314306055     -0.0266648
    -111.5728959714265045     -0.0178371
    -110.9694725813499190     -0.0137789
    -110.3660467612674267     -0.0015709
    -109.7626185111124215     -0.0037560
    -109.1591878308183681     -0.0038256
    -108.5557547204518016      0.0037361
    -107.9523191799794830      0.0067497
    -107.3488812094013696     -0.0091174
    -106.7454408086509261     -0.0212862
    -106.1419979777281242     -0.0204927
    -105.5385527166329780     -0.0194548
    -104.9351050253655160     -0.0315751
    -104.3316549039589631     -0.0211489
    -103.7282023522469387     -0.0090755
    -103.1247473703292883      0.0040605
    -102.5212899581727299     -0.0206398
    -101.9178301157772495     -0.0139805
    -101.3143678430762975     -0.0111996
    -100.7109031400698598     -0.0241126
    -100.1074360067912323     -0.0159425
     -99.5039664431738515     -0.0066638
     -98.9004944492509850     -0.0063675
     -98.2970200249560548     -0.0215956
     -97.6935431702891037     -0.0087684
     -97.0900638852501032     -0.0337082
     -96.4865821698723209     -0.0307622
     -95.8830980240226438     -0.0059197
     -95.2796114477676639     -0.0114799
     -94.6761224410407607     -0.0033265
     -94.0726310039085405     -0.0159525
     -93.4691371363376931      0.0041356
     -92.8656408382284013     -0.0122409
     -92.2621421096472005      0.0089322
     -91.6586409505275412     -0.0141630
     -91.0551373609026911     -0.0166961
     -90.4516313407726642     -0.0189331
     -89.8481228900708970      0.0041670
     -89.2446120087640935     -0.0320750
     -88.6410986968855497     -0.0114322
     -88.0375829544685189      0.0185946
     -87.4340647813799023     -0.0154316
     -86.8305441776529818     -0.0385565
     -86.2270211433210108     -0.0149636
     -85.6234956782841579     -0.0340203
     -85.0199677826422828     -0.0361251
     -84.4164374562955260     -0.0195937
     -83.8129046992106055     -0.0134920
     -83.2093695114207890      0.0107260
     -82.6058318929593867     -0.0118807
     -82.0022918436932429     -0.0370546
     -81.3987493636556394     -0.0400818
     -80.7952044528798865     -0.0344208
     -80.1916571112661103     -0.0375030
     -79.5881073389474523     -0.0257348
     -78.9845551357242073     -0.0231103
     -78.3810005016962350     -0.0242876
     -77.7774434367969576     -0.0377486
     -77.1738839410263751     -0.0426095
     -76.5703220144510652     -0.0170903
     -75.9667576569378866     -0.0523196
     -75.3631908684868392      0.0030007
     -74.7596216491644867      0.0074459
     -74.1560499989042796     -0.0146543
     -73.5524759176728935     -0.0118473
     -72.9488994054703852      0.0021412
     -72.3453204622966979     -0.0059460
     -71.7417390881186066     -0.0326868
     -71.1381552829693362      0.0280591
     -70.5345690467490698      0.0213602
     -69.9309803795243710      0.0228872
     -69.3273892811953800      0.0184634
     -68.7237957518952527      0.0546302
     -68.1201997914242554      0.0475563
     -67.5166013998822621      0.0712771
     -66.9130005772026948      0.0921920
     -66.3093973234188496      0.0716653
     -65.7057916385307124      0.0927441
     -65.1021835224384375      0.0851188
     -64.4985729752085888      0.1064959
     -63.8949599967413207      0.1104902
     -63.2913445871364928      0.1193038
     -62.6877267462942314      0.1248158
     -62.0841064742145505      0.1382697
     -61.4804837708641685      0.1597171
     -60.8768586362763671      0.1632813
     -60.2732310704511463      0.1616209
     -59.6696010732886464      0.1694506
     -59.0659686448221635      0.1700198
     -58.4623337850516904      0.1823500
     -57.8586964939439454      0.1839016
     -57.2550567715322103      0.1985365
     -56.6514146177166396      0.1945326
     -56.0477700325305150      0.2269808
     -55.4441230159405407      0.2126984
     -54.8404735679800197      0.2182090
     -54.2368216885823742      0.2464438
     -53.6331673777143152      0.2683423
     -53.0295106354424277      0.2499400
     -52.4258514616668378      0.2466395
     -51.8221898564541377      0.2557828
     -51.2185258197377422      0.2586182
     -50.6148593514843768      0.2549465
     -50.0111904517273160      0.2653411
     -49.4075191204665600      0.2766330
     -48.8038453576022633      0.2891608
     -48.2001691631677147      0.2991433
     -47.5964905371629143      0.3002658
     -46.9928094795545590      0.2955903
     -46.3891259903759661      0.3099407
     -45.7854400695272474      0.2850675
     -45.1817517170417062      0.2941733
     -44.5780609328860606      0.2829082
     -43.9743677170935925      0.2827270
     -43.3706720696310057      0.2817405
     -42.7669739904317510      0.2744776
     -42.1632734795291029      0.2656970
     -41.5595705368897796      0.2625820
     -40.9558651625470560      0.2557291
     -40.3521573564011078      0.2700892
     -39.7484471184851884      0.2408864
     -39.1447344487660231      0.2554030
     -38.5410193472769009      0.2554382
     -37.9373018139845399      0.2389818
     -37.3335818488223623      0.2215067
     -36.7298594518236570      0.2159854
     -36.1261346229551492      0.1916603
     -35.5224073622501066      0.1973459
     -34.9186776696419798      0.2001522
     -34.3149455450974656      0.1850498
     -33.7112109886165783      0.1668063
     -33.1074740002325925      0.1750255
     -32.5037345799455153      0.1763195
     -31.8999927276222124      0.1595657
     -31.2962484433292438      0.1481216
     -30.6925017270666167      0.1561538
     -30.0887525787677639      0.1760081
     -29.4850009984992418      0.1832347
     -28.8812469861612122      0.1451322
     -28.2774905417536715      0.1557536
     -27.6737316652766161      0.1746851
     -27.0699703567966168      0.2003519
     -26.4662066161472538      0.2003576
     -25.8624404433618125      0.1834447
     -25.2586718385068565      0.1910755
     -24.6549008014492586      0.2068980
     -24.0511273323221424      0.2359612
     -23.4473514309923807      0.2466032
     -22.8435730974599736      0.2728680
     -22.2397923317249173      0.2909444
     -21.6360091338205009      0.3283451
     -21.0322235036135865      0.3518670
     -20.4284354412040230      0.3722471
     -19.8246449465252468      0.3856214
     -19.2208520195772579      0.4739100
     -18.6170566603933381      0.5595875
     -18.0132588688403494      0.6321085
     -17.4094586449848663      0.7192861
     -16.8056559887935997      0.8083315
     -16.2018509002998350      0.9341428
     -15.5980433794037232      1.1505216
     -14.9942334261052626      1.3864119
     -14.3904210404710184      1.7463444
     -13.7866062223678618      2.2157295
     -13.1827889719289217      2.8748755
     -12.5789692890210638      3.8003502
     -11.9751471736442934      5.0380387
     -11.3713226257986051      6.3972096
     -10.7674956454840007      7.7821746
     -10.1636662327337639      9.1504517
      -9.5598343874147602     10.6599102
      -8.9560001095602733     12.4540854
      -8.3521633991703013     14.5211926
      -7.7483242563114150     16.7995529
      -7.1444826808171946     19.2514553
      -6.5406386727209229     21.6728725
      -5.9367922320558844     23.0538712
      -5.3329433587555117     22.8879814
      -4.7290920528863714     22.2778568
      -4.1252383143486142     22.0463543
      -3.5213821431422381     21.5178165
      -2.9175235392672443     20.0793438
      -2.3136625027236324     17.5079632
      -1.7097990334781190     14.4081888
      -1.1059331314974203     11.3439951
      -0.5020647967815365      8.6959429
       0.1018059706695327      6.6482911
       0.7056791707892198      5.2715807
       1.3095548038105105      4.3052359
       1.9134328695337026      3.5838869
       2.5173133680919313      2.9968917
       3.1211962994851961      2.6045492
       3.7250816636469293      2.2559638
       4.3289694607102662      1.9266931
       4.9328596906752074      1.6824145
       5.5367523534751832      1.4455438
       6.1406474491101974      1.2745227
       6.7445449777133808      1.1182117
       7.3484449392181679      0.9986691
       7.9523473336245587      0.8413209
       8.5562521610656876      0.7390762
       9.1601594213418540      0.6510043
       9.7640691147193230      0.5599364
      10.3679812410649639      0.5163681
      10.9718958003787783      0.4506270
      11.5758127926607592      0.3967363
      12.1797322181106153      0.3483616
      12.7836540765286433      0.3153228
      13.3875783680479739      0.2821839
      13.9915050926686106      0.2469254
      14.5954342503239864      0.2439731
      15.1993658411472357      0.2058880
      15.8032998650717893      0.2018209
      16.4072363220976492      0.1998139
      17.0111752123579478      0.1669278
      17.6151165357195509      0.1435762
      18.2190602923155929      0.1427443
      18.8230064820795135      0.1239811
      19.4269551050778695      0.1109263
      20.0309061612440971      0.0953761
      20.6348596507113378      0.0642686
      21.2388155734130137      0.0671110
      21.8427739294156957      0.0733344
      22.4467347187193873      0.0577913
      23.0506979412575213      0.0532033
      23.6546635971632249      0.0444385
      24.2586316863699381      0.0328001
      24.8626022090107952      0.0370076
      25.4665751648860912      0.0445074
      26.0705505541955276      0.0280825
      26.6745283768725372      0.0453938
      27.2785086329836908      0.0334859
      27.8824913225289883      0.0333963
      28.4864764454418591      0.0298588
      29.0904640018554375      0.0340114
      29.6944539917697270      0.0015791
      30.2984464151181569      0.0240459
      30.9024412719007309      0.0025309
      31.5064385622505760      0.0062388
      32.1104382861677067      0.0322769
      32.7144404435855378      0.0328630
      33.3184450345706509      0.0148917
      33.9224520590564751      0.0098047
      34.5264615171761307      0.0173856
      35.1304734088630752      0.0073769
      35.7344877341838583      0.0083422
      36.3385044931384869      0.0040938
      36.9425236857269539      0.0213160
      37.5465453119492736      0.0412114
      38.1505693718720025      0.0111414
      38.7545958654951406      0.0022446
      39.3586247926855535     -0.0070747
      39.9626561537095100     -0.0029810
      40.5666899485004464      0.0016607
      41.1707261769252284      0.0072007
      41.7747648391835611     -0.0181153
      42.3788059351423030     -0.0199435
      42.9828494650011521     -0.0020348
      43.5868954285604104      0.0135322
      44.1909438260197831      0.0109469
      44.7949946571795721      0.0016167
      45.3990479223060390      0.0103906
      46.0031036212660567     -0.0099745
      46.6071617541261816     -0.0053524
      47.2112223208198571      0.0298792
      47.8152853214136329      0.0225686
      48.4193507559741079      0.0214884
      49.0234186244346759      0.0206422
      49.6274889268619361     -0.0027230
      50.2315616632558744     -0.0051920
      50.8356368336164977      0.0034452
      51.4397144380103626     -0.0051287
      52.0437944763709126     -0.0071193
      52.6478769487646971     -0.0190774
      53.2519618551251739     -0.0031397
      53.8560491956520337      0.0067913
      54.4601389702121352      0.0169323
      55.0642311788720562      0.0145972
      55.6683258215652259     -0.0135624
      56.2724228983582009     -0.0011898
      56.8765224093841297      0.0158273
      57.4806243544433073      0.0077876
      58.0847287337354459      0.0083481
      58.6888355471273826     -0.0042844
      59.2929447947522732     -0.0028455
      59.8970564765435469      0.0027535
      60.5011705926343453      0.0048682
      61.1052871428915196      0.0436588
      61.7094061273150629      0.0049533
      62.3135275461047087     -0.0147053
      62.9176513991272941      0.0162101
      63.5217776864494041      0.0014403
      64.1259064080710175     -0.0017967
      64.7300375639921555      0.0013102
      65.3341711542793888      0.0383864
      65.9383071788661397      0.0443728
      66.5424456378855211      0.0021355
      67.1465865312044343      0.0161716
      67.7507298589559923      0.0042244
      68.3548756210736315      0.0021427
      68.9590238176904933      0.0169959
      69.5631744486734362      0.0144216
      70.1673275140890382      0.0155448
      70.7714830140038487     -0.0004712
      71.3756409484178818     -0.0189452
      71.9798013173311517     -0.0089033
      72.5839641206770523      0.0010118
      73.1881293585887391      0.0202035
      73.7922970310662265      0.0364445
      74.3964671381094860      0.0187135
      75.0006396796519539     -0.0009805
      75.6048146557602365     -0.0053380
      76.2089920665674185     -0.0098295
      76.8131719119403868      0.0085929
      77.4173541919457193      0.0060081
      78.0215389065834017     -0.0053619
      78.6257260557868563     -0.0134018
      79.2299156397558164     -0.0042519
      79.8341076584236902     -0.0042217
      80.4383021117904917     -0.0081529
      81.0424989997896290     -0.0060332
      81.6466983226208356      0.0111742
      82.2509000801509700      0.0066002
      82.8551042724465816     -0.0003881
      83.4593108995076705      0.0136211
      84.0635199613342650     -0.0071819
      84.6677314579929146      0.0223324
      85.2719453894170414      0.0048178
      85.8761617557398012     -0.0030451
      86.4803805568280382     -0.0035030
      87.0846017928814717      0.0251978
      87.6888254637669462      0.0245409
      88.2930515695510536     -0.0076685
      88.8972801102337797      0.0110844
      89.5015110858151388     -0.0037271
      90.1057444963616803      0.0119250
      90.7099803418734183      0.0100165
      91.3142186222837751      0.0207699
      91.9184593376593284      0.0170834
      92.5227024881331914     -0.0316786
      93.1269480735722510     -0.0229806
      93.7311960940430566     -0.0207927
      94.3354465495456367     -0.0080059
      94.9396994400133991      0.0060937
      95.5439547656460491     -0.0076883
      96.1482125263770229      0.0030257
      96.7524727221397569      0.0010762
      97.3567353530674069     -0.0088560
      97.9610004190933523      0.0027448
      98.5652679202841995     -0.0262743
      99.1695378565733563      0.0074306
      99.7738102280939927     -0.0061314
     100.3780850347129388     -0.0035977
     100.9823622766299280      0.0020091
     101.5866419537117906     -0.0087889
     102.1909240660916822      0.0111667
     102.7952086136364613     -0.0078217
     103.3994955964792695     -0.0000925
     104.0037850145535430      0.0096218
     104.6080768679924233     -0.0000699
     105.2123711566627406      0.0117661
     105.8166678806311012      0.0245500
     106.4209670400306038     -0.0040962
     107.0252686347281355     -0.0102562
     107.6295726647902740     -0.0288907
     108.2338791302170051     -0.0111961
     108.8381880310083147     -0.0117175
     109.4424993672307949      0.0039956
     110.0468131388844313      0.0071694
     110.6511293459692382     -0.0124366
     111.2554479885517651     -0.0090257
     111.8597690664988846      0.0030410
     112.4640925800103162      0.0018358
     113.0684185289528898      0.0056314
     113.6727469134597612     -0.0144738
     114.2770777333977890      0.0047175
     114.8814109889666923     -0.0086587
     115.4857466800998793      0.0190034
     116.0900848067973641     -0.0111667
     116.6944253689925972     -0.0073907
     117.2987683668186634     -0.0039768
     117.9031138002756194     -0.0005449
     118.5074616694299863      0.0086074
     119.1118119741486652      0.0063420
     119.7161647144981771      0.0315716
     120.3205198905451425     -0.0048668
     120.9248775022895472      0.0009876
     121.5292375497313628      0.0172204
     122.1336000329371814     -0.0198044
     122.7379649517738613     -0.0080826
     123.3423323063745300     -0.0093585
     123.9467020968057795     -0.0156432
     124.5510743230010178     -0.0042933
     125.1554489849602589     -0.0076318
     125.7598260826834888     -0.0047282
     126.3642056162372853      0.0142112
     126.9685875856882262     -0.0132901
     127.5729719909031417     -0.0157554
     128.1773588320152157     -0.0029902
     128.7817481090243916     -0.0058677
     129.3861398219307262      0.0085886
     129.9905339707341909     -0.0103828
     130.5949305554347575     -0.0014490
     131.1993295760324827     -0.0006802
     131.8037310326604654      0.0021768
     132.4081349252521420      0.0066414
     133.0125412538075409      0.0117499
     133.6169500183266337      0.0084247
     134.2213612188759839     -0.0057003
     134.8257748554555917     -0.0234051
     135.4301909281320491     -0.0210967
     136.0346094367721719     -0.0082609
     136.6390303815091727      0.0020398
     137.2434537623429662      0.0097811
     137.8478795792736378      0.0042980
     138.4523078323011305     -0.0205938
     139.0567385214254728     -0.0196046
     139.6611716467131714      0.0011068
     140.2656072082308469     -0.0044475
     140.8700452058453720     -0.0010520
     141.4744856396898740      0.0138542
     142.0789285096977608      0.0244961
     142.6833738159356244     -0.0120598
     143.2878215584034649     -0.0059163
     143.8922717371012538      0.0001761
     144.4967243520955549      0.0050099
     145.1011794033198612      0.0134686
     145.7056368908407080     -0.0075582
     146.3100968147246590     -0.0012033
     146.9145591749051221     -0.0070673
     147.5190239713155620     -0.0241398
     148.1234912042222618     -0.0069838
     148.7279608734254737     -0.0068782
     149.3324329789917897      0.0008123
     149.9369075209878019     -0.0200363
     150.5413844993468615     -0.0009545
     151.1458639142022093     -0.0005866
     151.7503457654206329      0.0035874
     152.3548300531353163      0.0199226
     152.9593167772796676     -0.0165630
     153.5638059379202218     -0.0170357
     154.1682975350570644     -0.0114448
     154.7727915686901099     -0.0095980
     155.3772880388859789     -0.0055425
     155.9817869455780510      0.0022881
     156.5862882888329750      0.0043591
     157.1907920687172577      0.0111358
     157.7952982851643071     -0.0014376
     158.3998069381742084      0.0043669
     159.0043180278134400     -0.0039964
     159.6088315540820872     -0.0110356
     160.2133475169800931      0.0097553
     160.8178659165740214      0.0005104
     161.4223867527307732      0.0025889
     162.0269100257165746     -0.0054966
     162.6314357353317916     -0.0150535
     163.2359638817094662      0.0012981
     163.8404944647831201     -0.0092086
     164.4450274845526963      0.0075585
     165.0495629411513505      0.0103767
     165.6541008345124908     -0.0040844
     166.2586411647027376      0.0021349
     166.8631839315889067     -0.0131610
     167.4677291353707176     -0.0094081
     168.0722767759816065      0.0250082
     168.6768268534881372      0.0268063
     169.2813793678237460      0.0220439
     169.8859343189884044      0.0181591
     170.4904917070487329     -0.0034638
     171.0950515320712668      0.0050097
     171.6996137940560061      0.0041478
     172.3041784929363587      0.0037459
     172.9087456287123814     -0.0155082
     173.5133152015172016      0.0104718
     174.1178872112841987      0.0123393
     174.7224616580134011      0.0036874
     175.3270385417713726     -0.0175367
     175.9316178625581415      0.0039880
     176.5361996204402431      0.0080359
     177.1407838153511420     -0.0068989
     177.7453704473573737      0.0102371
     178.3499595163257823      0.0136210
     178.9545510225227076      0.0052375
     179.5591449658149372      0.0064197
     180.1637413462025563      0.0100876
     180.7683401636855081     -0.0030599
     181.3729414183969197     -0.0020125
     181.9775451102702561      0.0150252
     182.5821512393720525      0.0054633
     183.1867598056357735     -0.0011569
     183.7913708091279830     -0.0030685
     184.3959842498486523      0.0088185
     185.0006001277978100      0.0058414
     185.6052184430420198      0.0085725
     186.2098391955146894      0.0149375
     186.8144623852823827      0.0127255
     187.4190880124117200      0.0079095
     188.0237160768361093     -0.0004970
     188.6283465786220859     -0.0061771
     189.2329795177031428     -0.0133154
     189.8376148941457870      0.0006014
     190.4422527080166105      0.0149895
     191.0468929593156133      0.0207069
     191.6515356479762318      0.0072667
     192.2561807739984658      0.0220195
     192.8608283375154713     -0.0237324
     193.4654783385271628     -0.0280298
     194.0701307769670905     -0.0187983
     194.6747856528351974     -0.0003111
     195.2794429662645825     -0.0030746
     195.8841027172553027     -0.0078989
     196.4887649056741736      0.0052842
     197.0934295317209717      0.0009015
     197.6980965952624842     -0.0024194
     198.3027660963653318      0.0140112
     198.9074380350960496     -0.0097286
     199.5121124114546376     -0.0010793
     200.1167892253079970      0.0055115
     200.7214684769223538     -0.0070808
     201.3261501661646093     -0.0057655
     201.9308342930347351      0.0056031
     202.5355208575992947     -0.0112373
     203.1402098597917529      0.0009091
     203.7449012997452655     -0.0159821
     204.3495951773931836     -0.0253388
     204.9542914928021276     -0.0211846
     205.5589902459720690     -0.0023609
     206.1636914368364728     -0.0141770
     206.7683950655284661      0.0026979
     207.3731011319814854     -0.0063944
     207.9778096362620659      0.0084642
     208.5825205783702359     -0.0011068
     209.1872339583059954      0.0077154
     209.7919497761358798      0.0016354
     210.3966680317933822      0.0241063
     211.0013887253450093      0.0094772
     211.6061118567242545      0.0108217
     212.2108374260641881     -0.0116626
     212.8155654333648670     -0.0084094
     213.4202958785596707      0.0020070
     214.0250287617151912     -0.0014158
     214.6297640828314570      0.0133152
     215.2345018419749749     -0.0003979
     215.8392420391457733      0.0128318
     216.4439846742773454     -0.0166628
     217.0487297473696060     -0.0116562
     217.6534772586222743     -0.0112253
     218.2582272079022232      0.0035423
     218.8629795952094810     -0.0295675
     219.4677344206771181     -0.0117160
     220.0724916841720926      0.0039930
     220.6772513857609113      0.0049237
     221.2820135255766729      0.0042871
     221.8867781034863356      0.0033993
     222.4915451195564060      0.0001465
     223.0963145738534479     -0.0081432
     223.7010864663109260      0.0072528
     224.3058607969288119     -0.0102425
     224.9106375658402612      0.0152082
     225.5154167729121184      0.0158033
     226.1201984182775391      0.0106182
     226.7249825019365232      0.0225135
     227.3297690238224789     -0.0064775
     227.9345579840019980      0.0005023
     228.5393493824750806      0.0093629
     229.1441432193082619     -0.0083550
     229.7489394945015988      0.0251829
     230.3537382080550344      0.0112417
     230.9585393599020335      0.0244886
     231.5633429501756950      0.0182035
     232.1681489788095121      0.0129591
     232.7729574459365551      0.0190321
     233.3777683514237538      0.0100510
     233.9825816953376432     -0.0328683
     234.5873974777447586      0.0171374
     235.1922156986451284      0.0011007
     235.7970363580387811     -0.0101648
     236.4018594558591246      0.0182905
     237.0066849922392578      0.0079342
     237.6115129671126738      0.0131729
     238.2163433806124715     -0.0042284
     238.8211762326055236      0.0258102
     239.4260115231583939      0.0000459
     240.0308492523376742      0.0033682
     240.6356894201433363      0.0062995
     241.2405320265088449      0.0058132
     241.8453770715007352     -0.0123678
     242.4502245551855708     -0.0117056
     243.0550744775633518     -0.0053321
     243.6599268385675430      0.0111516
     244.2647816382646795     -0.0043146
     244.8696388766547898     -0.0064326
     245.4744985538044091      0.0072645
     246.0793606697135942      0.0103500
     246.6842252243156963      0.0170720
     247.2890922176773358      0.0244051
     247.8939616498650480     -0.0001074
     248.4988335208123260      0.0014586
     249.1037078305856767      0.0088159
     249.7085845792517205      0.0080676
     250.3134637666106528      0.0020608
     250.9183453929288703      0.0171316
     251.5232294580731605      0.0056122
     252.1281159621766790      0.0143159
     252.7330049051062986     -0.0139244
     253.3378962869285544      0.0079983
     253.9427901077100671     -0.0094229
     254.5476863674507797     -0.0009333
     255.1525850661507206      0.0063173
     255.7574862038099184     -0.0000989
     256.3623897804283160      0.0102413
     256.9672957960725626      0.0011333
     257.5722042507425158      0.0075668
     258.1771151445049099     -0.0072252
     258.7820284771598836      0.0086376
     259.3869442489738617     -0.0070869
     259.9918624598801671     -0.0060487
     260.5967831098788565      0.0014883
     261.2017061989033095     -0.0000352
     261.8066317270867103      0.0042660
     262.4115596944290587      0.0201962
     263.0164901009303549      0.0083322
     263.6214229465905419      0.0173063
     264.2263582313431129      0.0306119
     264.8312959553877022     -0.0034908
     265.4362361185912391      0.0078111
     266.0411787210867942      0.0168146
     266.6461237627414107      0.0312479
     267.2510712436879885      0.0308008
     267.8560211638600776     -0.0017526
     268.4609735233908054      0.0127879
     269.0659283221470446     -0.0196430
     269.6708855601953019     -0.0061664
     270.2758452376688183      0.0126530
     270.8808073544344097      0.0111370
     271.4857719105585829      0.0329724
     272.0907389060413948     -0.0057473
     272.6957083408828453      0.0073915
     273.3006802151494981      0.0016045
     273.9056545288412963     -0.0051229
     274.5106312819583536      0.0050234
     275.1156104745006132      0.0046312
     275.7205921065346388      0.0056548
     276.3255761780603734      0.0260896
     276.9305626890779308      0.0074115
     277.5355516395206905     -0.0015998
     278.1405430295217798     -0.0019402
     278.7455368590811986      0.0000910
     279.3505331281323265     -0.0070182
     279.9555318368084045      0.0137242
     280.5605329850428120      0.0334933
     281.1655365728356060      0.0094805
     281.7705426002531794      0.0150582
     282.3755510672957598      0.0112716
     282.9805619740297402      0.0040121
     283.5855753203221070     -0.0017860
     284.1905911063058738      0.0014283
     284.7956093320477748      0.0120481
     285.4006299974144554      0.0039634
     286.0056531024727065      0.0036734
     286.6106786472889780      0.0083868
     287.2157066317966496     -0.0094102
     287.8207370561290190     -0.0186288
     288.4257699202193521     -0.0241340
     289.0308052240677625     -0.0129663
     289.6358429677407003     -0.0209029
     290.2408831511717722      0.0004825
     290.8459257744939350     -0.0031030
     291.4509708376407389     -0.0135278
     292.0560183406121837     -0.0359758
     292.6610682834747763     -0.0207377
     293.2661206662284599      0.0052350
     293.8711754889399685      0.0130805
     294.4762327514760614      0.0109421
     295.0812924539698656      0.0066682
     295.6863545964214381     -0.0023866
     296.2914191788972857      0.0056514
     296.8964862012643380     -0.0074439
     297.5015556635891016     -0.0173716
     298.1066275660047609      0.0099538
     298.7117019084446952      0.0033818
     299.3167786908423409     -0.0137003
     299.9218579133975027      0.0027991
     300.5269395759103190      0.0176962
     301.1320236785140310      0.0138180
     301.7371102212752589      0.0072153
     302.3421992041272688      0.0227535
     302.9472906270036106     -0.0070451
     303.5523844901039183      0.0027074
     304.1574807933617421      0.0047376
     304.7625795368435320      0.0038371
     305.3676807204161605      0.0089172
     305.9727843442128687      0.0042451
     306.5778904082335430     -0.0030504
     307.1829989124782401     -0.0302158
     307.7881098569469032     -0.0185743
     308.3932232416395891     -0.0206911
     308.9983390666229184     -0.0180863
     309.6034573319632841     -0.0085447
     310.2085780375277295      0.0058636
     310.8137011834493251     -0.0025363
     311.4188267696614503      0.0078640
     312.0239547962307256      0.0106155
     312.6290852631570942     -0.0229572
     313.2342181705072335     -0.0056666
     313.8393535182144660      0.0036491
     314.4444913062789055     -0.0141016
     315.0496315348335656     -0.0019069
     315.6547742038119964     -0.0029688
     316.2599193132140840     -0.0064653
     316.8650668630398854     -0.0125129
     317.4702168534225279      0.0003216
     318.0753692842288842     -0.0112396
     318.6805241555920816     -0.0064100
     319.2856814674455563     -0.0077657
     319.8908412198558722     -0.0155950
     320.4960034128230291     -0.0117571
     321.1011680463470270      0.0129701
     321.7063351204278661      0.0101561
     322.3115046351321666     -0.0139283
     322.9166765903932514      0.0120324
     323.5218509863443046      0.0078080
     324.1270278229187625      0.0263073
     324.7322071001832455      0.0106694
     325.3373888180711333     -0.0208821
     325.9425729766489894      0.0017292
     326.5477595759168139      0.0187992
     327.1529486159411704      0.0117960
     327.7581400966554952      0.0362356
     328.3633340180598452     -0.0080890
     328.9685303803538545     -0.0031318
     329.5737291833378322      0.0096004
     330.1789304271449055     -0.0096510
     330.7841341116420040     -0.0014152
     331.3893402370953254     -0.0151357
     331.9945488033051788      0.0020506
     332.5997598104047484     -0.0207342
     333.2049732583939203      0.0056867
     333.8101891471397380      0.0016886
     334.4154074769082854      0.0301159
     335.0206282474999853     -0.0072943
     335.6258514590479081     -0.0100777
     336.2310771114855470      0.0012366
     336.8363052049459725      0.0006496
     337.4415357392961141      0.0205955
     338.0467687146690423     -0.0289864
     338.6520041310647571     -0.0393172
     339.2572419884167516     -0.0089080
     339.8624822867915327      0.0051608
     340.4677250262557209     -0.0078212
     341.0729702067427525     -0.0065185
     341.6782178282525138     -0.0284177
     342.2834678909183026     -0.0321679
     342.8887203946733848      0.0054013
     343.4939753395179309      0.0101239
     344.0992327255183909     -0.0114339
     344.7044925526082579      0.0036464
     345.3097548208540388      0.0165928
     345.9150195303224109      0.0097323
     346.5202866809466400      0.0095485
     347.1255562727934603     -0.0001975
     347.7308283057961376     -0.0076329
     348.3361027800879697      0.0052877
     348.9413796956688998      0.0000021
     349.5466590524056869      0.0036902
     350.1519408504316289     -0.0049970
     350.7572250898131756     -0.0051110
     351.3625117704838772      0.0487680
     351.9678008924435630      0.0120303
     352.5730924557589674     -0.0000021
     353.1783864604299765     -0.0106576
     353.7836829064567041     -0.0081388
     354.3889817938390365      0.0287240
     354.9942831226435942     -0.0059709
     355.5995868928038135     -0.0159810
     356.2048931044528217      0.0154964
     356.8102017575240552      0.0079377
     357.4155128520174571      0.0147857
     358.0208263879996480      0.0073525
     358.6261423654041209     -0.0009115
     359.2314607844304533      0.0124532
     359.8367816448790109     -0.0178106
     360.4421049468829210     -0.0151434
     361.0474306904421837      0.0101555
     361.6527588754902922      0.0011691
     362.2580895021602601     -0.0089149
     362.8634225703855805      0.0009842
     363.4687580802328171     -0.0210309
     364.0740960317020267     -0.0087693
     364.6794364247930957     -0.0167746
     365.2847792595060810      0.0084116
     365.8901245359076029      0.0263799
     366.4954722539976046      0.0197319
     367.1008224137094658      0.0234109
     367.7061750151764272      0.0007094
     368.3115300583984322     -0.0022339
     368.9168875433089738     -0.0005753
     369.5222474699079385      0.0080901
     370.1276098383285102     -0.0242227
     370.7329746485707460     -0.0092936
     371.3383419005680253     -0.0143668
     371.9437115943869685     -0.0043010
     372.5490837299608984     -0.0090254
     373.1544583074230559     -0.0333605
     373.7598353267068205     -0.0134916
     374.3652147878787559     -0.0288549
     374.9705966909389190     -0.0044309
     375.5759810358872528     -0.0222925
     376.1813678227237574     -0.0030183
     376.7867570515150533     -0.0146478
     377.3921487222610835     -0.0128955
     377.9975428348953415     -0.0159226
     378.6029393895508406     -0.0216528
     379.2083383861611310     -0.0292135
     379.8137398247927763     -0.0024242
     380.4191437054456628     -0.0160399
     381.0245500281200179     -0.0120240
     381.6299587928155574      0.0078224
     382.2353699995990723      0.0044244
     382.8407836484703921     -0.0023705
     383.4461997393631805      0.0012654
     384.0516182724102805      0.0105270
     384.6570392475453559      0.0133741
     385.2624626648348567      0.0028984
     385.8678885242788397     -0.0273002
     386.4733168258106275     -0.0128650
     387.0787475696300817      0.0124386
     387.6841807556040180     -0.0007770
     388.2896163837323797     -0.0051507
     388.8950544541483509      0.0090575
     389.5004949667186906      0.0037412
     390.1059379215767535      0.0157634
     390.7113833187223690     -0.0134531
     391.3168311581555372      0.0077299
     391.9222814398097512      0.0047019
     392.5277341638181383     -0.0009227
     393.1331893301806417     -0.0097558
     393.7386469388973751      0.0164832
     394.3441069899016043      0.0032295
     394.9495694832601203     -0.0097196
     395.5550344191058798     -0.0017729
     396.1605017973056988      0.0461739
     396.7659716178598046      0.0001981
     397.3714438808345335      0.0005726
     397.9769185862966765      0.0079025
     398.5823957342460631      0.0009207
     399.1878753246827500      0.0196164
     399.7933573575401169     -0.0042074
     400.3988418328848411      0.0343377
     401.0043287507833725      0.0368620
     401.6098181112358247      0.0191754
     402.2153099141754637      0.0224858
     402.8208041596690805      0.0216904
     403.4263008477830681      0.0226743
     404.0317999785175402      0.0009722
     404.6373015518058196     -0.0071149
     405.2428055677810903     -0.0111594
     405.8483120263102251     -0.0362872
     406.4538209275264080     -0.0264648
     407.0593322713629618     -0.0159197
     407.6648460579530706     -0.0175569
     408.2703622871636640     -0.0036229
     408.8758809590611918      0.0112870
     409.4814020737788951      0.0195708
     410.0869256311835898     -0.0152255
     410.6924516313418962     -0.0090212
     411.2979800742537009     -0.0097789
     411.9035109599856810     -0.0251446
     412.5090442884711592      0.0014770
     413.1145800598433766      0.0213763
     413.7201182739691490      0.0563663
     414.3256589309150399      0.0393988
     414.9312020307476701     -0.0004401
     415.5367475734669824     -0.0198063
     416.1422955590729202     -0.0173861
     416.7478459875656540     -0.0084528
     417.3533988590115769     -0.0047644
     417.9589541733442957      0.0003073
     418.5645119306302036      0.0050860
     419.1700721308693574      0.0174041
     419.7756347740618708     -0.0076645
     420.3811998602741369      0.0065206
     420.9867673895062694     -0.0030262
     421.5923373617582115     -0.0068211
     422.1979097770300200     -0.0024565
     422.8034846353216381      0.0009624
     423.4090619366996862      0.0006677
     424.0146416811641075      0.0090614
     424.6202238687149588     -0.0031930
     425.2258084993521265     -0.0270350
     425.8313955731423448      0.0067422
     426.4369850900854999      0.0150723
     427.0425770501150282     -0.0278202
     427.6481714533641139     -0.0187532
     428.2537682997661932     -0.0095124
     428.8593675893878299     -0.0207488
     429.4649693222289102     -0.0287580
     430.0705734982230410     -0.0082700
     430.6761801175032360     -0.0047417
     431.2817891800694952     -0.0210306
     431.8874006858553685     -0.0273227
     432.4930146349938695     -0.0035531
     433.0986310274184916      0.0206858
     433.7042498630626142     -0.0173305
     434.3098711421259850     -0.0117629
     434.9154948644754199      0.0160432
     435.5211210302441600      0.0081021
     436.1267496393655847     -0.0104962
     436.7323806918396372     -0.0059535
     437.3380141877329379     -0.0047140
     437.9436501271119937     -0.0026610
     438.5492885098437341      0.0211025
     439.1549293359947796      0.0055413
     439.7605726056981439      0.0197413
     440.3662183188207564      0.0408414
     440.9718664754957445      0.0114406
     441.5775170756564876      0.0111892
     442.1831701192365927      0.0167350
     442.7888256065020869     -0.0061181
     443.3944835372533930      0.0056322
     444.0001439115570747      0.0171212
     444.6058067294131888      0.0122511
     445.2114719908881852     -0.0174631
     445.8171396960486845     -0.0066177
     446.4228098447616162     -0.0260192
     447.0284824371599939     -0.0257764
     447.6341574731107471     -0.0093081
     448.2398349528135668      0.0188993
     448.8455148762019462     -0.0156723
     449.4511972432758284     -0.0050748
     450.0568820540351567     -0.0092302
     450.6625693085465514     -0.0258830
     451.2682590068100694     -0.0144171
     451.8739511488256539     -0.0143425
     452.4796457346598686     -0.0071564
     453.0853427641795861     -0.0197423
     453.6910422375845542      0.0164565
     454.2967441547415319     -0.0009360
     454.9024485157837034     -0.0007598
     455.5081553207111256      0.0140806
     456.1138645693906710      0.0168176
     456.7195762620219170     -0.0112905
     457.3252903985383568     -0.0175417
     457.9310069789400472     -0.0092904
     458.5367260032269314     -0.0045095
     459.1424474714656299     -0.0146425
     459.7481713837226494     -0.0114311
     460.3538977398648058     -0.0084083
     460.9596265400919606     -0.0017937
     461.5653577842043092      0.0021218
     462.1710914723349219     -0.0140989
     462.7768276045505331      0.0167352
     463.3825661807844085      0.0126152
     463.9883072010367187      0.0098530
     464.5940506653739135      0.0059609
     465.1997965737959362     -0.0021120
     465.8055449263695778     -0.0346100
     466.4112957230279903     -0.0260547
     467.0170489637048377     -0.0070623
     467.6228046486662606      0.0045307
     468.2285627777125683      0.0310094
     468.8343233509770016      0.0235754
     469.4400863684593901      0.0117026
     470.0458518300267201      0.0206164
     470.6516197358786826      0.0102874
     471.2573900859486571      0.0082845
     471.8631628803032640      0.0164686
     472.4689381188093193      0.0099649
     473.0747158017331344     -0.0076718
     473.6804959288750752      0.0006175
     474.2862785003015347      0.0102571
     474.8920635161457540      0.0129303
     475.4978509762079852      0.0016252
     476.1036408806880331     -0.0034743
     476.7094332295192203     -0.0271324
     477.3152280227015467      0.0033554
     477.9210252602351261     -0.0102995
     478.5268249422530289     -0.0221162
     479.1326270686886346     -0.0107023
     479.7384316396085069     -0.0030002
     480.3442386549461958      0.0100337
     480.9500481147016444     -0.0036743
     481.5558600189413596      0.0101205
     482.1616743677319619      0.0234452
     482.7674911610068307      0.0043378
     483.3733103988326434     -0.0044131
     483.9791320811427795     -0.0222397
     484.5849562080703663      0.0205660
     485.1907827795487833      0.0226755
     485.7966117956447079     -0.0001829
     486.4024432562915194      0.0038765
     487.0082771615557249     -0.0021429
     487.6141135115039447      0.0125795
     488.2199523060696151     -0.0134321
     488.8257935452527363     -0.0036897
