Scan:     15   RXJ0028.1+3103 2015-10-21 +01 04 31.0
         OPTICAL                 Tb    
        km/s-LSR                 XX
    -522.5247816208694758     -0.0023791
    -521.9230324101507676     -0.0022747
    -521.3212807794776609     -0.0114362
    -520.7195267289501999     -0.0062069
    -520.1177702584684539     -0.0162609
    -519.5160113680325367     -0.0126336
    -518.9142500576089105      0.0004546
    -518.3124863272311131      0.0068970
    -517.7107201768324103      0.0014992
    -517.1089516064795362     -0.0069503
    -516.5071806160059396     -0.0026890
    -515.9054072055780580     -0.0124056
    -515.3036313750628779     -0.0068406
    -514.7018531244934820     -0.0105684
    -514.1000724538034774     -0.0053515
    -513.4982893630592571     -0.0054478
    -512.8965038521944280     -0.0062272
    -512.2947159212088764     -0.0028727
    -511.6929255700028421     -0.0030982
    -511.0911327987425921     -0.0260198
    -510.4893376072619731     -0.0220235
    -509.8875399956272645      0.0031692
    -509.2857399638053266      0.0047118
    -508.6839375116962856     -0.0060365
    -508.0821326394000153     -0.0069112
    -507.4803253468832054      0.0024682
    -506.8785156340792923     -0.0045620
    -506.2767035009883330     -0.0025174
    -505.6748889476434670     -0.0033187
    -505.0730719739782444     -0.0103885
    -504.4712525800259186     -0.0050593
    -503.8694307656533624     -0.0074033
    -503.2676065310270133     -0.0125383
    -502.6657798760136870      0.0013786
    -502.0639508006466940      0.0075466
    -501.4621193048262171      0.0020000
    -500.8602853886520165      0.0037184
    -500.2584490520576423      0.0004448
    -499.6566102950429809      0.0075679
    -499.0547691175082718      0.0146884
    -498.4529255195865289      0.0092524
    -497.8510795011447954     -0.0078722
    -497.2492310622495211     -0.0036569
    -496.6473802028341424     -0.0096380
    -496.0455269228654060     -0.0088023
    -495.4436712223765653     -0.0036593
    -494.8418131013676771     -0.0106360
    -494.2399525597721208     -0.0113964
    -493.6380895975898397     -0.0087055
    -493.0362242148210044      0.0018754
    -492.4343564114655010      0.0042491
    -491.8324861874567091     -0.0108499
    -491.2306135427947993     -0.0029981
    -490.6287384775128544      0.0181246
    -490.0268609915444245      0.0072612
    -489.4249810849228197      0.0158708
    -488.8230987575481095     -0.0005105
    -488.2212140095201676      0.0058347
    -487.6193268407391770      0.0101386
    -487.0174372512383911      0.0180362
    -486.4155452409513032      0.0109972
    -485.8136508099110529      0.0096153
    -485.2117539581178107     -0.0051689
    -484.6098546855048426     -0.0034319
    -484.0079529920723189     -0.0047119
    -483.4060488777868727      0.0060633
    -482.8041423426817005      0.0002355
    -482.2022333867236625     -0.0108198
    -481.6003220099127020     -0.0075558
    -480.9984082121489450     -0.0039712
    -480.3964919935655757     -0.0058798
    -479.7945733540294668      0.0002224
    -479.1926522935737580     -0.0007398
    -478.5907288121321130      0.0034596
    -477.9888029097709250     -0.0078282
    -477.3868745864569405     -0.0028841
    -476.7849438421235959     -0.0032870
    -476.1830106767376947      0.0062861
    -475.5810750903989970     -0.0040967
    -474.9791370830409392      0.0026967
    -474.3771966546303247     -0.0116306
    -473.7752538051004763     -0.0130644
    -473.1733085345179575     -0.0157897
    -472.5713608428828252     -0.0118845
    -471.9694107301285158      0.0024330
    -471.3674581962550292     -0.0097795
    -470.7655032411958018     -0.0153766
    -470.1635458650506507      0.0005180
    -469.5615860677197588     -0.0036016
    -468.9596238492363227     -0.0230343
    -468.3576592095006390     -0.0103224
    -467.7556921485791577     -0.0025918
    -467.1537226664718787     -0.0100016
    -466.5517507631123522      0.0039411
    -465.9497764384671541     -0.0062688
    -465.3477996925696516      0.0011118
    -464.7458205254198447      0.0032766
    -464.1438389369844231      0.0058954
    -463.5418549271635129     -0.0093157
    -462.9398684960902983      0.0032330
    -462.3378796436648486     -0.0055379
    -461.7358883698873342      0.0100887
    -461.1338946746909642     -0.0031942
    -460.5318985581424727      0.0094259
    -459.9299000202418028     -0.0109236
    -459.3278990608890808      0.0055804
    -458.7258956801176737      0.0171088
    -458.1238898778609041      0.0087760
    -457.5218816542186460      0.0184925
    -456.9198710090578288      0.0043154
    -456.3178579424450163      0.0022871
    -455.7158424542802777     -0.0010570
    -455.1138245446635437      0.0143993
    -454.5118042134948837     -0.0051006
    -453.9097814608076646     -0.0103491
    -453.3077562864687025     -0.0049303
    -452.7057286906444347      0.0175247
    -452.1036986732350442     -0.0099981
    -451.5016662342071072      0.0074567
    -450.8996313734942305      0.0039973
    -450.2975940912294277      0.0170632
    -449.6955543873129386     -0.0031946
    -449.0935122617447064     -0.0057930
    -448.4914677144248571     -0.0015036
    -447.8894207454866319      0.0195040
    -447.2873713548300998      0.0032509
    -446.6853195424885143     -0.0004720
    -446.0832653083953687     -0.0193921
    -445.4812086524840424     -0.0162911
    -444.8791495748877196     -0.0080743
    -444.2770880754732730     -0.0136794
    -443.6750241543072093     -0.0185191
    -443.0729578112564582     -0.0086901
    -442.4708890464540900      0.0047886
    -441.8688178598003446      0.0020786
    -441.2667442513284186      0.0035769
    -440.6646682209052415      0.0095048
    -440.0625897686638837      0.0150467
    -439.4605088945377815      0.0005463
    -438.8584255984937386     -0.0012056
    -438.2563398804983308     -0.0086859
    -437.6542517405850390      0.0015054
    -437.0521611787203824      0.0129383
    -436.4500681949044747     -0.0030771
    -435.8479727890373852      0.0043705
    -435.2458749612523548     -0.0062041
    -434.6437747114494528     -0.0069533
    -434.0416720395954258      0.0075385
    -433.4395669457235272      0.0049757
    -432.8374594297339968      0.0049282
    -432.2353494917264811      0.0018620
    -431.6332371316346439      0.0095667
    -431.0311223494583714      0.0132603
    -430.4290051450978467      0.0133826
    -429.8268855186861401     -0.0003594
    -429.2247634700902381     -0.0202108
    -428.6226389993765906     -0.0033302
    -428.0205121064120704      0.0151570
    -427.4183827913299183      0.0110168
    -426.8162510540635139      0.0145446
    -426.2141168945461800      0.0011220
    -425.6119803127780301     -0.0126036
    -425.0098413087924314      0.0082656
    -424.4076998825558462      0.0161771
    -423.8055560340352486      0.0064959
    -423.2034097631972145     -0.0053661
    -422.6012610700750542     -0.0096317
    -421.9991099546687678     -0.0071594
    -421.3969564169118485     -0.0102125
    -420.7948004568041824      0.0011352
    -420.1926420742793198     -0.0162318
    -419.5904812694370207      0.0035261
    -418.9883180422107216     -0.0001352
    -418.3861523925671690      0.0001374
    -417.7839843204731096     -0.0044486
    -417.1818138259617967      0.0011399
    -416.5796409090332304      0.0049253
    -415.9774655696208470      0.0064474
    -415.3752878076913362      0.0084224
    -414.7731076233112617      0.0097242
    -414.1709250164141167     -0.0075485
    -413.5687399869999012     -0.0015962
    -412.9665525350019948     -0.0043344
    -412.3643626605202712      0.0131267
    -411.7621703634548567      0.0010593
    -411.1599756438057511     -0.0011554
    -410.5577785015064478     -0.0056502
    -409.9555789366567069     -0.0109308
    -409.3533769491567682      0.0061166
    -408.7511725390398851     -0.0075225
    -408.1489657062726906      0.0091557
    -407.5467564507887346      0.0134312
    -406.9445447726545240     -0.0059728
    -406.3423306718368622     -0.0046639
    -405.7401141483022684      0.0119206
    -405.1378952019844064      0.0069392
    -404.5356738329829795      0.0070158
    -403.9334500411981708      0.0156340
    -403.3312238266632903     -0.0026604
    -402.7289951893117177      0.0038634
    -402.1267641291768768     -0.0245554
    -401.5245306462585404     -0.0077016
    -400.9222947404903152     -0.0141318
    -400.3200564118388343     -0.0120916
    -399.7178156603706611     -0.0171568
    -399.1155724860193459     -0.0083421
    -398.5133268887848317     -0.0035408
    -397.9110788686004412     -0.0108135
    -397.3088284255661620     -0.0008795
    -396.7065755595820633      0.0169194
    -396.1043202706481452     -0.0028444
    -395.5020625586979008      0.0069145
    -394.8998024238311473      0.0056908
    -394.2975398659813209     -0.0101196
    -393.6952748851151114     -0.0105063
    -393.0930074812325756      0.0074634
    -392.4907376542670931      0.0002910
    -391.8884654043185378     -0.0069019
    -391.2861907312870358      0.0136233
    -390.6839136351726438     -0.0035823
    -390.0816341159087415      0.0051017
    -389.4793521736284561      0.0065452
    -388.8770678081987171     -0.0003326
    -388.2747810196194109     -0.0072805
    -387.6724918078573978      0.0002183
    -387.0702001729791846      0.0213247
    -386.4679061148848973      0.0070387
    -385.8656096336410997     -0.0020165
    -385.2633107291146644      0.0135469
    -384.6610094014387755      0.0128560
    -384.0587056504801922     -0.0075260
    -383.4563994763055916      0.0098801
    -382.8540908787817330     -0.0044582
    -382.2517798580419139     -0.0053869
    -381.6494664140194004     -0.0114222
    -381.0471505466809958     -0.0114440
    -380.4448322559933899      0.0064488
    -379.8425115419232725     -0.0003182
    -379.2401884045705742      0.0032049
    -378.6378628438020542      0.0149324
    -378.0355348596843896      0.0091129
    -377.4332044521177068      0.0004168
    -376.8308716211685123     -0.0164656
    -376.2285363667702995     -0.0126554
    -375.6261986889562081     -0.0058281
    -375.0238585876265915      0.0004218
    -374.4215160628812100      0.0018922
    -373.8191711146534431      0.0147665
    -373.2168237429101509      0.0211661
    -372.6144739476179097      0.0183877
    -372.0121217288100866      0.0124572
    -371.4097670864866245      0.0045007
    -370.8074100205809600      0.0036217
    -370.2050505310598396      0.0010916
    -369.6026886180231372      0.0024530
    -369.0003242813376687     -0.0044021
    -368.3979575210699977     -0.0045139
    -367.7955883371536174     -0.0172855
    -367.1932167295218505     -0.0109627
    -366.5908426982746278      0.0134372
    -365.9884662433787526      0.0026506
    -365.3860873647674907     -0.0007728
    -364.7837060624076457      0.0088306
    -364.1813223363990346      0.0158893
    -363.5789361866085869      0.0033915
    -362.9765476131026958      0.0025559
    -362.3741566157817715     -0.0135374
    -361.7717631947121504      0.0088810
    -361.1693673498274961      0.0049150
    -360.5669690811608348      0.0027632
    -359.9645683886457732     -0.0101183
    -359.3621652723155080     -0.0106027
    -358.7597597321035323     -0.0046764
    -358.1573517680764098     -0.0095897
    -357.5549413800676462     -0.0016206
    -356.9525285682437925      0.0012265
    -356.3501133325048613      0.0035599
    -355.7476956728176560      0.0080173
    -355.1452755892154300     -0.0093346
    -354.5428530815983663     -0.0024031
    -353.9404281500662250      0.0010265
    -353.3380007945191892     -0.0130263
    -352.7355710149906258      0.0023971
    -352.1331388114139145      0.0003866
    -351.5307041838556188      0.0077763
    -350.9282671322158649     -0.0094068
    -350.3258276565612164     -0.0064394
    -349.7233857567586028      0.0101883
    -349.1209414329410947     -0.0029193
    -348.5184946850088750      0.0002143
    -347.9160455129620004     -0.0025749
    -347.3135939167337369     -0.0074753
    -346.7111398963907618     -0.0069884
    -346.1086834518998785      0.0055616
    -345.5062245832609165     -0.0098374
    -344.9037632903408621     -0.0208034
    -344.3012995732727859      0.0012157
    -343.6988334319900673      0.0087001
    -343.0963648664928769     -0.0100294
    -342.4938938767477339     -0.0006343
    -341.8914204626549349      0.0113256
    -341.2889446243476073     -0.0083658
    -340.6864663617591305      0.0058134
    -340.0839856748561942      0.0001361
    -339.4815025636055452      0.0008085
    -338.8790170280404936      0.0162531
    -338.2765290681277293      0.0200826
    -337.6740386838672521     -0.0055424
    -337.0715458751592450     -0.0004406
    -336.4690506421035252     -0.0106617
    -335.8665529846335289     -0.0152963
    -335.2640529027491993      0.0017201
    -334.6615503963841434      0.0251170
    -334.0590454656047541      0.0068459
    -333.4565381103777781     -0.0257255
    -332.8540283306367087     -0.0067041
    -332.2515161263815457     -0.0099842
    -331.6490014976454859     -0.0018164
    -331.0464844443953325      0.0105011
    -330.4439649665645220      0.0057878
    -329.8414430642195612      0.0100456
    -329.2389187372273227     -0.0235337
    -328.6363919857209339     -0.0038514
    -328.0338628096006346      0.0038109
    -327.4313312088996213      0.0011954
    -326.8287971834847667     -0.0129741
    -326.2262607334892550     -0.0037238
    -325.6237218588131554     -0.0082493
    -325.0211805594898351      0.0205512
    -324.4186368354193633      0.0080260
    -323.8160906867016706      0.0103698
    -323.2135421132701367      0.0035871
    -322.6109911150915082     -0.0075806
    -322.0084376921324747     -0.0030513
    -321.4058818444596000      0.0032608
    -320.8033235720063772     -0.0038816
    -320.2007628747726926     -0.0008457
    -319.5981997526588430      0.0053420
    -318.9956342057977849      0.0051460
    -318.3930662340898152     -0.0005594
    -317.7904958375349338     -0.0029860
    -317.1879230161330838     -0.0106397
    -316.5853477697843346     -0.0215283
    -315.9827700986220407     -0.0135725
    -315.3801900025461009      0.0032498
    -314.7776074815233756      0.0024845
    -314.1750225355206112      0.0042901
    -313.5724351646375112     -0.0078823
    -312.9698453687743722     -0.0135328
    -312.3672531479311374     -0.0008847
    -311.7646585020412431      0.0032579
    -311.1620614311712529      0.0027277
    -310.5594619353211669      0.0079959
    -309.9568600143911112     -0.0075885
    -309.3542556683811426      0.0004031
    -308.7516488973578248      0.0052700
    -308.1490397012545372      0.0064025
    -307.5464280800379129     -0.0083229
    -306.9438140336416154      0.0013379
    -306.3411975621986016     -0.0082106
    -305.7385786656091113      0.0055832
    -305.1359573438730877     -0.0081880
    -304.5333335969572772      0.0014192
    -303.9307074247950595     -0.0105648
    -303.3280788274863653      0.0004163
    -302.7254478049646309     -0.0038701
    -302.1228143572297427     -0.0097898
    -301.5201784841819972     -0.0139934
    -300.9175401859210410      0.0035008
    -300.3148994624138481      0.0142266
    -299.7122563135936844      0.0037962
    -299.1096107394273531      0.0012197
    -298.5069627400146146     -0.0020500
    -297.9043123152556518     -0.0041396
    -297.3016594651504647      0.0012290
    -296.6990041896324897      0.0028687
    -296.0963464887682903      0.0010205
    -295.4936863625579235      0.0027935
    -294.8910238109014585      0.0183615
    -294.2883588337989522      0.0005627
    -293.6856914313169113      0.0030976
    -293.0830216033555189      0.0099199
    -292.4803493499480851      0.0035967
    -291.8776746710946099     -0.0011658
    -291.2749975666619093      0.0016327
    -290.6723180367831105     -0.0000372
    -290.0696360813584533     -0.0012762
    -289.4669517004211343     -0.0074074
    -288.8642648938713364     -0.0010502
    -288.2615756618421869     -0.0029097
    -287.6588840042005017      0.0101978
    -287.0561899209464514     -0.0002059
    -286.4534934120464982     -0.0091537
    -285.8507944776007434      0.0095273
    -285.2480931174758325      0.0011426
    -284.6453893317384995      0.0031590
    -284.0426831202555604      0.0060594
    -283.4399744831268322     -0.0076941
    -282.8372634203190614      0.0183434
    -282.2345499317989379      0.0031893
    -281.6318340174999548     -0.0004154
    -281.0291156775218724      0.0054717
    -280.4263949117648735      0.0071365
    -279.8236717202622685      0.0132641
    -279.2209461029474369      0.0113147
    -278.6182180597872389     -0.0004165
    -278.0154875908813779     -0.0014654
    -277.4127546961300368     -0.0023074
    -276.8100193755332157      0.0171167
    -276.2072816290243509      0.0093554
    -275.6045414567033163      0.0042239
    -275.0017988585036051      0.0003740
    -274.3990538343917365     -0.0072107
    -273.7963063843013174      0.0025098
    -273.1935565083321649      0.0115692
    -272.5908042064176584     -0.0014018
    -271.9880494785578549      0.0045969
    -271.3852923246528235     -0.0015624
    -270.7825327448024950      0.0047971
    -270.1797707389735592      0.0159642
    -269.5770063070994524     -0.0097007
    -268.9742394491469781      0.0000504
    -268.3714701652157828      0.0083278
    -267.7686984552061631     -0.0089854
    -267.1659243191181190     -0.0006665
    -266.5631477569183403      0.0189879
    -265.9603687685735167      0.0038090
    -265.3575873541834653      0.0112539
    -264.7548035136152293     -0.0004629
    -264.1520172469351451     -0.0051986
    -263.5492285540101989     -0.0120541
    -262.9464374349735749     -0.0284291
    -262.3436438897253424      0.0077744
    -261.7408479182655014     -0.0028006
    -261.1380495205274883     -0.0078645
    -260.5352486966111769     -0.0062157
    -259.9324454464500036     -0.0092901
    -259.3296397700107150     -0.0061373
    -258.7268316672266337      0.0203758
    -258.1240211381977474      0.0035663
    -257.5212081828573787     -0.0027030
    -256.9183928012055276     -0.0062946
    -256.3155749931424339     -0.0121378
    -255.7127547587678862      0.0070565
    -255.1099320980486311     -0.0031638
    -254.5071070109180766      0.0049152
    -253.9042794974095045      0.0170438
    -253.3014495574230693      0.0048953
    -252.6986171910586449     -0.0003533
    -252.0957823982163291     -0.0062016
    -251.4929451789627706     -0.0104409
    -250.8901055331647569     -0.0025826
    -250.2872634609221620     -0.0135106
    -249.6844189622017041     -0.0122945
    -249.0815720369368478      0.0015068
    -248.4787226850942545      0.0100003
    -247.8758709067737982      0.0063483
    -247.2730167018756617     -0.0063832
    -246.6701600703997883     -0.0100264
    -246.0673010122796427      0.0076765
    -245.4644395276150988     -0.0007338
    -244.8615756163395076     -0.0003647
    -244.2587092784196727      0.0012463
    -243.6558405137890020      0.0017294
    -243.0529693225473125      0.0119107
    -242.4500957046280689     -0.0087228
    -241.8472196599979895     -0.0047350
    -241.2443411886903277     -0.0035001
    -240.6414602906052949     -0.0090793
    -240.0385769658093977     -0.0099455
    -239.4356912142693545     -0.0147118
    -238.8328030359851937      0.0054460
    -238.2299124308570413      0.0093464
    -237.6270193989847996     -0.0025974
    -237.0241239402685380     -0.0059049
    -236.4212260547748770     -0.0042355
    -235.8183257423706891     -0.0005931
    -235.2154230031557631     -0.0011413
    -234.6125178370636206     -0.0170400
    -234.0096102440941763     -0.0042214
    -233.4067002241809519      0.0084699
    -232.8037877774236790     -0.0040593
    -232.2008729037226260     -0.0083700
    -231.5979556030777076     -0.0143890
    -230.9950358754224169     -0.0103890
    -230.3921137208233176     -0.0143795
    -229.7891891392803529      0.0007756
    -229.1862621306937058     -0.0109812
    -228.5833326951299682     -0.0076549
    -227.9804008324559561     -0.0126872
    -227.3774665428048536     -0.0137091
    -226.7745298260767584     -0.0022019
    -226.1715906823049806      0.0278740
    -225.5686491113564216     -0.0066847
    -224.9657051133641801      0.0006252
    -224.3627586882616640      0.0036030
    -223.7598098360489018      0.0071923
    -223.1568585565927663      0.0092994
    -222.5539048500596664     -0.0003869
    -221.9509487163164465      0.0011227
    -221.3479901553964453      0.0000301
    -220.7450291672330422      0.0014196
    -220.1420657518928294     -0.0096431
    -219.5390999093092432     -0.0100995
    -218.9361316394822552     -0.0088541
    -218.3331609423453017     -0.0121210
    -217.7301878179650032     -0.0110178
    -217.1272122662747392      0.0090319
    -216.5242342873077916     -0.0156040
    -215.9212538809976252      0.0080550
    -215.3182710473109296     -0.0014033
    -214.7152857863142970      0.0004532
    -214.1122980979411636     -0.0152654
    -213.5093079821914728     -0.0024299
    -212.9063154389987176     -0.0046635
    -212.3033204684627151     -0.0020914
    -211.7003230704503665     -0.0094611
    -211.0973232450282069     -0.0038059
    -210.4943209921296443     -0.0021639
    -209.8913163117547640      0.0004005
    -209.2883092039367625     -0.0022596
    -208.6852996686091331      0.0055638
    -208.0822877057052835      0.0028093
    -207.4792733153250595      0.0059565
    -206.8762564974018971     -0.0054507
    -206.2732372519025148      0.0068371
    -205.6702155788269408     -0.0090839
    -205.0671914781751184      0.0114628
    -204.4641649499470759     -0.0074003
    -203.8611359940762213     -0.0077864
    -203.2581046105959217     -0.0155247
    -202.6550707994062179     -0.0047785
    -202.0520345606070123      0.0017821
    -201.4489958941317695     -0.0028072
    -200.8459547999471511      0.0002686
    -200.2429112780199034     -0.0087271
    -199.6398653284498721      0.0082198
    -199.0368169511039298      0.0139959
    -198.4337661460485833     -0.0097645
    -197.8307129131507907     -0.0120334
    -197.2276572525436222      0.0049656
    -196.6245991641272894      0.0020452
    -196.0215386479349888      0.0115536
    -195.4184757038336500      0.0011924
    -194.8154103319564001      0.0026978
    -194.2123425322366472      0.0096071
    -193.6092723046411095      0.0061398
    -193.0061996491032517      0.0031437
    -192.4031245657561726      0.0034416
    -191.8000470544668019     -0.0071659
    -191.1969671152683077     -0.0030220
    -190.5938847481275218      0.0078012
    -189.9907999529777953     -0.0071364
    -189.3877127299190306     -0.0066348
    -188.7846230788513537     -0.0234745
    -188.1815309998080465      0.0103981
    -187.5784364926892920      0.0090727
    -186.9753395575948787     -0.0015272
    -186.3722401944916101      0.0120403
    -185.7691384032795270      0.0002011
    -185.1660341839919965      0.0136169
    -184.5629275366289903      0.0073773
    -183.9598184611905083     -0.0151573
    -183.3567069576099868     -0.0026322
    -182.7535930258874259      0.0023287
    -182.1504766660560790      0.0046367
    -181.5473578780494393     -0.0070308
    -180.9442366618674782      0.0168753
    -180.3411130174768857      0.0007443
    -179.7379869449109435      0.0011380
    -179.1348584441364551      0.0110923
    -178.5317275151200249      0.0124890
    -177.9285941577951462      0.0202372
    -177.3254583722616928     -0.0045041
    -176.7223201584863261     -0.0024598
    -176.1191795163691722     -0.0039311
    -175.5160364459769085     -0.0010698
    -174.9128909472095756     -0.0022403
    -174.3097430201670761      0.0011984
    -173.7065926647495644     -0.0067745
    -173.1034398809902655     -0.0046238
    -172.5002846687894191     -0.0133145
    -171.8971270282468140      0.0078150
    -171.2939669592959149      0.0040591
    -170.6908044619034115     -0.0137975
    -170.0876395360359936      0.0028684
    -169.4844721817935920      0.0063014
    -168.8813023990430224     -0.0003569
    -168.2781301878508202      0.0014698
    -167.6749555480839433     -0.0058180
    -167.0717784798421519     -0.0024443
    -166.4685989830921926     -0.0007938
    -165.8654170578008404      0.0136146
    -165.2622327039014181      0.0029817
    -164.6590459214938562      0.0010139
    -164.0558567104782810      0.0050855
    -163.4526650708879743      0.0161993
    -162.8494710026896541      0.0064161
    -162.2462745057834752      0.0016340
    -161.6430755803025647      0.0099153
    -161.0398742261470773      0.0032614
    -160.4366704433170128      0.0035237
    -159.8334642317790610     -0.0044125
    -159.2302555915665607      0.0049849
    -158.6270445226461732      0.0118918
    -158.0238310249846450      0.0094379
    -157.4206150985486943      0.0128729
    -156.8173967433715745      0.0094467
    -156.2141759594200607      0.0037158
    -155.6109527466940960     -0.0000337
    -155.0077271051271168     -0.0061754
    -154.4044990347524617     -0.0127541
    -153.8012685355700739      0.0007401
    -153.1980356075466716     -0.0062905
    -152.5948002505824377     -0.0067872
    -151.9915624648104711     -0.0050525
    -151.3883222501309547      0.0083310
    -150.7850796065771419     -0.0040832
    -150.1818345340824976      0.0047511
    -149.5785870325804296      0.0124564
    -148.9753371022040653      0.0202546
    -148.3720847428535876      0.0125365
    -147.7688299544956863      0.0168802
    -147.1655727371303612      0.0080299
    -146.5623130907909228     -0.0077105
    -145.9590510154107790      0.0064232
    -145.3557865110232115      0.0013919
    -144.7525195774950930      0.0049102
    -144.1492502149595509      0.0059268
    -143.5459784233500216      0.0106886
    -142.9427042026332231     -0.0017426
    -142.3394275527759305     -0.0030219
    -141.7361484738113120     -0.0083944
    -141.1328669657394244      0.0018986
    -140.5295830284604506      0.0071272
    -139.9262966620076156      0.0154530
    -139.3230078663809763      0.0071057
    -138.7197166415804475      0.0096145
    -138.1164229875728608     -0.0020738
    -137.5131269042915392      0.0058543
    -136.9098283917698495      0.0112574
    -136.3065274500077351      0.0062379
    -135.7032240789719424      0.0044794
    -135.0999182786291897      0.0152964
    -134.4966100489794485      0.0154200
    -133.8932993900227473      0.0025803
    -133.2899863017258042      0.0094366
    -132.6866707841219011      0.0068289
    -132.0833528370778538      0.0178552
    -131.4800324607268749      0.0051342
    -130.8767096549690621      0.0119951
    -130.2733844198044153      0.0129481
    -129.6700567551663994      0.0121255
    -129.0667266611548598      0.0294120
    -128.4633941376698942      0.0194741
    -127.8600591847448555      0.0013267
    -127.2567218022798414      0.0045226
    -126.6533819903747400      0.0056601
    -126.0500397489629592      0.0051869
    -125.4466950780112171     -0.0049362
    -124.8433479775195281     -0.0013106
    -124.2399984474545960      0.0076138
    -123.6366464878497027      0.0044568
    -123.0332920986715948      0.0005727
    -122.4299352798869478      0.0049800
    -121.8265760314292123      0.0259839
    -121.2232143534315298      0.0054118
    -120.6198502457607447     -0.0091092
    -120.0164837084501528      0.0128939
    -119.4131147413999088      0.0253969
    -118.8097433447431541      0.0076412
    -118.2063695183467189      0.0078114
    -117.6029932622772236     -0.0002038
    -116.9996145764014841      0.0155411
    -116.3962334608526561      0.0199805
    -115.7928499155308941      0.0209469
    -115.1894639404361840      0.0067242
    -114.5860755355019762     -0.0110887
    -113.9826847008281021      0.0113741
    -113.3792914363480122      0.0197728
    -112.7758957419951145      0.0105520
    -112.1724976178360151      0.0138591
    -111.5690970637375443      0.0067629
    -110.9656940798328577      0.0253263
    -110.3622886660220814      0.0234268
    -109.7588808223052297      0.0270973
    -109.1554705486157530     -0.0035387
    -108.5520578450534828      0.0058804
    -107.9486427115518410      0.0142968
    -107.3452251480775601      0.0263383
    -106.7418051545640765      0.0189157
    -106.1383827311112213      0.0136840
    -105.5349578776524595      0.0323948
    -104.9315305941877625      0.0130157
    -104.3281008806172707      0.0168367
    -103.7246687370408722      0.0092789
    -103.1212341633919891      0.0079855
    -102.5177971596705930      0.0209977
    -101.9143577258101487      0.0048430
    -101.3109158618772057     -0.0040682
    -100.7074715678384820      0.0129730
    -100.1040248436607101      0.0193032
     -99.5005756893105797      0.0068926
     -98.8971241047215415      0.0186771
     -98.2936700900267368      0.0065756
     -97.6902136451262919      0.0104360
     -97.0867547700202209      0.0283391
     -96.4832934646419602      0.0253588
     -95.8798297290580734      0.0260962
     -95.2763635632019827      0.0252714
     -94.6728949671069842      0.0250024
     -94.0694239406399362      0.0330303
     -93.4659504839339803      0.0327690
     -92.8624745969225529      0.0259243
     -92.2589962795723437      0.0336500
     -91.6555155318168318      0.0404424
     -91.0520323537558198      0.0463841
     -90.4485467453227585      0.0497759
     -89.8450587065176620      0.0600310
     -89.2415682372406565      0.0460127
     -88.6380753375916299      0.0393354
     -88.0345800075039620      0.0486813
     -87.4310822469776951      0.0599155
     -86.8275820560128153      0.0613441
     -86.2240794344761809      0.0432500
     -85.6205743825342154      0.0452157
     -85.0170669000537913      0.0563581
     -84.4135569870681906      0.0680072
     -83.8100446434775534      0.0743963
     -83.2065298694150073      0.0832428
     -82.6030126647807350      0.0799658
     -81.9994930295414264      0.0828848
     -81.3959709636970814      0.0628677
     -80.7924464672476859      0.0790163
     -80.1889195401932824      0.0837952
     -79.5853901825005607      0.0755685
     -78.9818583941029431      0.0845437
     -78.3783241751003033      0.1074031
     -77.7747875253927958      0.0877471
     -77.1712484449803924      0.0954682
     -76.5677069338298111      0.1034000
     -75.9641629920076440      0.1104270
     -75.3606166194140172      0.1128844
     -74.7570678160822411      0.1110276
     -74.1535165819790052      0.1128414
     -73.5499629170377460      0.1281944
     -72.9464068213250414      0.1404150
     -72.3428482948408913      0.1379910
     -71.7392873374854361      0.1390056
     -71.1357239492586757      0.1537263
     -70.5321581301939062      0.1640446
     -69.9285898802911134      0.1750873
     -69.3250191994837337      0.1677080
     -68.7214460877052176      0.1701470
     -68.1178705450886639      0.1989891
     -67.5142925715342557      0.2140381
     -66.9107121670086968      0.2209931
     -66.3071293314786914      0.2439947
     -65.7035440650440989      0.2454894
     -65.0999563675718065      0.2510042
     -64.4963662391283492      0.2740079
     -63.8927736796138959      0.2953798
     -63.2891786891282848      0.3032875
     -62.6855812675716635      0.3423634
     -62.0819814149440603      0.3376886
     -61.4783791312454326      0.3510443
     -60.8747744163759634      0.3782910
     -60.2711672704687729      0.4067962
     -59.6675576934572973      0.3920701
     -59.0639456852749660      0.4127971
     -58.4603312459217790      0.4375016
     -57.8567143754310251      0.4409383
     -57.2530950737361266      0.4743184
     -56.6494733408703866      0.4959866
     -56.0458491767339311      0.4918593
     -55.4422225814266270      0.4993505
     -54.8385935548819035      0.5110370
     -54.2349620970664716      0.5170987
     -53.6313282079470497      0.5260525
     -53.0276918875902155      0.5525946
     -52.4240531359293840      0.5430436
     -51.8204119529312806      0.5505995
     -51.2167683385959123      0.5617655
     -50.6131222929232649      0.5607397
     -50.0094738159133456      0.5654464
     -49.4058229075328796      0.5777008
     -48.8021695677485638      0.5731634
     -48.1985137965271306      0.5701207
     -47.5948555939351436      0.5737473
     -46.9911949599060250      0.5832148
     -46.3875318944397890      0.6030723
     -45.7838663974698648      0.5848430
     -45.1801984690295271      0.5997899
     -44.5765281091520720      0.5936977
     -43.9728553177376469      0.6012662
     -43.3691800947529629      0.6204863
     -42.7655024402978654      0.6151410
     -42.1618223542725161      0.6225864
     -41.5581398366769079      0.6211971
     -40.9544548874777519      0.6156510
     -40.3507675067416258      0.6285701
     -39.7470776943686772      0.6400287
     -39.1433854503921879      0.6488578
     -38.5396907747123123      0.6490423
     -37.9359936674288818      0.6418196
     -37.3322941284753540      0.6480313
     -36.7285921578517147      0.6802780
     -36.1248877555246821      0.6636518
     -35.5211809214609744      0.6881030
     -34.9174716556938733      0.7086332
     -34.3137599581900972      0.7429550
     -33.7100458289163569      0.7634528
     -33.1063292678393779      0.7910429
     -32.5026102750257238      0.8198158
     -31.8988888504421126      0.8375735
     -31.2951649939886885      0.8854285
     -30.6914387056987366      0.9412304
     -30.0877099856055423      0.9978144
     -29.4839788336425386      1.0453564
     -28.8802452498097217      1.0993198
     -28.2765092340405282      1.1546336
     -27.6727707864015251      1.2278894
     -27.0690299068594271      1.3163092
     -26.4652865954142378      1.3701518
     -25.8615408519328192      1.4468454
     -25.2577926765483021      1.5211600
     -24.6540420691941300      1.5971055
     -24.0502890298702923      1.6692398
     -23.4465335585102252      1.7774279
     -22.8427756550806471      1.8551322
     -22.2390153196814104      1.9207605
     -21.6352525522126591      2.0083961
     -21.0314873527076784      2.1060879
     -20.4277197210333377      2.2093060
     -19.8239496573560494      2.3111489
     -19.2201771615426793      2.3998594
     -18.6164022336265198      2.4700327
     -18.0126248735077077      2.5603409
     -17.4088450813193845      2.6599123
     -16.8050628569284157      2.7611516
     -16.2012782003680833      2.8618422
     -15.5974911115385346      3.0125804
     -14.9937015905729076      3.1857748
     -14.3899096373713515      3.3549840
     -13.7861152519338628      3.5322785
     -13.1823184341938777      3.7541027
     -12.5785191842512472      4.0179381
     -11.9747175020061150      4.3111334
     -11.3709133874584882      4.6508904
     -10.7671068405750781      5.0442824
     -10.1632978613558880      5.5242090
      -9.5594864498009162      6.0403771
      -8.9556726059101628      6.5759845
      -8.3518563296503423      7.1398573
      -7.7480376209548902      7.7597532
      -7.1442164798903738      8.4802475
      -6.5403929064235093      9.4443130
      -5.9365669005210115     10.8647890
      -5.3327384621163141     13.2328119
      -4.7289075913092677     17.6736679
      -4.1250742880333053     25.1346035
      -3.5212385522551433     33.6948662
      -2.9174003839414975     38.6257782
      -2.3135597831256529     37.2038231
      -1.7097167497743242     30.9361420
      -1.1058712838875124     23.5346527
      -0.5020233853986500     17.7213917
       0.1018269456256959     13.9395981
       0.7056797092520924     11.6683464
       1.3095349054472560     10.2784252
       1.9133925343443212      9.4502811
       2.5172525958767205      8.9007511
       3.1211150899778874      8.4832516
       3.7249800167809552      8.1127243
       4.3288473762859248      7.7503724
       4.9327171685593640      7.4660621
       5.5365893934015693      7.4459233
       6.1404640510788111      8.2533350
       6.7443411413913870     10.4533434
       7.3482206646055674     12.2721195
       7.9521026204550811     11.6177168
       8.5559870091396313      8.7712135
       9.1598738305926517      5.5069575
       9.7637630849472732      3.2803748
      10.3676547720703631      2.1561866
      10.9715488920284923      1.5967480
      11.5754454448216570      1.2780159
      12.1793444305829901      1.0335064
      12.7832458491127952      0.8596813
      13.3871497006107685      0.7121385
      13.9910559850103464      0.6044543
      14.5949647023115290      0.5244448
      15.1988758526474488      0.4477223
      15.8027894358849714      0.3979503
      16.4067054520906623      0.3442549
      17.0106239012645304      0.3093484
      17.6145447835396993      0.2787537
      18.2184680987830383      0.2439308
      18.8223938469945544      0.2037538
      19.4263220283073714      0.1643016
      20.0302526427214929      0.1712957
      20.6341856901703551      0.1519332
      21.2381211707205182      0.1264373
      21.8420590843719893      0.1094424
      22.4459994311913356      0.0904711
      23.0499422111119863      0.0926513
      23.6538874242005086      0.0919228
      24.2578350703903354      0.0907640
      24.8617851498811682      0.0778941
      25.4657376624733089      0.0677517
      26.0696926082998921      0.0591248
      26.6736499873609105      0.0530554
      27.2776097995898006      0.0333180
      27.8815720451862710      0.0541673
      28.4855367240171802      0.0482849
      29.0895038360825282      0.0231266
      29.6934733815154459      0.0209431
      30.2974453602493767      0.0174584
      30.9014197722843136      0.0211427
      31.5053966176202600      0.0253740
      32.1093758963903468      0.0345648
      32.7133576085280069      0.0216402
      33.3173417540332366      0.0195800
      33.9213283329060502      0.0204528
      34.5253173452129971      0.0135664
      35.1293087910206623      0.0195928
      35.7333026701958971      0.0078956
      36.3372989828718431      0.0028714
      36.9412977289819295      0.0127950
      37.5452989086592908      0.0061946
      38.1493025217707995      0.0261984
      38.7533085683830123      0.0183125
      39.3573170485624999      0.0153592
      39.9613279623092694      0.0162289
      40.5653413096233137      0.0078401
      41.1693570905046258     -0.0007546
      41.7733753049532339      0.0051222
      42.3773959530356663     -0.0089485
      42.9814190347519514      0.0064587
      43.5854445501020820      0.0105518
      44.1894724990860581      0.0213950
      44.7935028817038727      0.0041088
      45.3975356980886673      0.0159031
      46.0015709481073003      0.0138616
      46.6056086318263496     -0.0000607
      47.2096487493123789     -0.0124055
      47.8136913005653739      0.0002343
      48.4177362855187994      0.0126075
      49.0217837042391906      0.0184583
      49.6258335567265689      0.0146244
      50.2298858431140545      0.0017642
      50.8339405632019492      0.0111518
      51.4379977171899583      0.0064874
      52.0420573049449473      0.0161385
      52.6461193266666143     -0.0021148
      53.2501837822218320     -0.0034415
      53.8542506716105933      0.0137954
      54.4583199948994690      0.0075632
      55.0623917521550155     -0.0101646
      55.6664659433772542     -0.0133430
      56.2705425684330365      0.0017370
      56.8746216275220604      0.0072207
      57.4787031205777694      0.0155111
      58.0827870476667201      0.0088510
      58.6868734087223558      0.0140143
      59.2909622037446766      0.0147556
      59.8950534328668027      0.0029444
      60.4991470960221775      0.0055704
      61.1032431932773790      0.0208954
      61.7073417245658149      0.0046778
      62.3114426898874996      0.0037465
      62.9155460894421381     -0.0187247
      63.5196519230300254     -0.0130611
      64.1237601907842958     -0.0215095
      64.7278708927049422     -0.0134631
      65.3319840287919789      0.0030866
      65.9360995990453773      0.0037725
      66.5402176035317581     -0.0101882
      67.1443380421844864      0.0044277
      67.7484609150701829      0.0089368
      68.3525862221888332     -0.0017597
      68.9567139636069868     -0.0000104
      69.5608441392580943     -0.0032565
      70.1649767491421699     -0.0063400
      70.7691117934588760     -0.0123112
      71.3732492720085219     -0.0115423
      71.9773891848577136      0.0035847
      72.5815315320729724      0.0066228
      73.1856763137208901      0.0172663
      73.7898235296683112     -0.0005154
      74.3939731799818276      0.0000361
      74.9981252647279888      0.0012737
      75.6022797839068090     -0.0050111
      76.2064367375182741     -0.0010242
      76.8105961254958345      0.0082100
      77.4147579480391670      0.0122092
      78.0189222050151585     -0.0007121
      78.6230888964903727      0.0163341
      79.2272580224647953      0.0090411
      79.8314295829384406      0.0275783
      80.4356035779778722      0.0221401
      81.0397800075830901      0.0181316
      81.6439588716875164      0.0152790
      82.2481401704243211     -0.0027588
      82.8523239037268837      0.0024826
      83.4565100716618247     -0.0054874
      84.0606986742290871     -0.0030224
      84.6648897113621643     -0.0001803
      85.2690831831941409      0.0043175
      85.8732790897250595      0.0126876
      86.4774774309548917      0.0382842
      87.0816782068170738      0.0163809
      87.6858814173781695      0.0007552
      88.2900870627713346      0.0024681
      88.8942951427968353     -0.0104494
      89.4985056575878417     -0.0094705
      90.1027186071443253     -0.0062232
      90.7069339915994419      0.0096802
      91.3111518107534579      0.0059387
      91.9153720647395573     -0.0142813
      92.5195947534911198     -0.0002041
      93.1238198771413153     -0.0156094
      93.7280474356901436     -0.0210819
      94.3322774290710129      0.0094375
      94.9365098573505151      0.0036845
      95.5407447205286360      0.0045404
      96.1449820186719251     -0.0052047
      96.7492217516472834     -0.0038905
      97.3534639196544163     -0.0063491
      97.9577085225601678     -0.0067087
      98.5619555604976654     -0.0020241
      99.1662050334003453     -0.0092640
      99.7704569413347997      0.0076069
     100.3747112842344222     -0.0031565
     100.9789680622323971     -0.0068017
     101.5832272752621037     -0.0041100
     102.1874889233235706     -0.0008139
     102.7917530064833898     -0.0048434
     103.3960195247414902     -0.0058919
     104.0002884780979571     -0.0055320
     104.6045598665527194     -0.0201314
     105.2088336901723835      0.0052102
     105.8131099489569351      0.0108438
     106.4173886429063884      0.0081327
     107.0216697720207151     -0.0028544
     107.6259533363665213     -0.0082951
     108.2302393358772150     -0.0167556
     108.8345277706859235      0.0129313
     109.4388186406595338      0.0031833
     110.0431119459311589      0.0019282
     110.6474076864342493      0.0089052
     111.2517058623019466      0.0162159
     111.8560064734010808     -0.0011872
     112.4603095197982441      0.0000977
     113.0646150015600142      0.0016564
     113.6689229186863770     -0.0046826
     114.2732332711107546     -0.0037076
     114.8775460589663027      0.0127057
     115.4818612821864434      0.0157995
     116.0861789408377405     -0.0015205
     116.6904990348536444      0.0079670
     117.2948215643006904     -0.0057103
     117.8991465292454706     -0.0176156
     118.5034739296214070     -0.0070152
     119.1078037654950776      0.0165513
     119.7121360368664824      0.0077940
     120.3164707437355929      0.0072213
     120.9208078861024518      0.0090585
     121.5251474640336085      0.0182293
     122.1294894774624851     -0.0020439
     122.7338339265222373     -0.0125470
     123.3381808110796953     -0.0087764
     123.9425301313345926     -0.0090885
     124.5468818871538019     -0.0010386
     125.1512360786038442      0.0067271
     125.7555927056181986     -0.0017401
     126.3599517683965558     -0.0050418
     126.9643132668057603     -0.0075642
     127.5686772008458405      0.0038138
     128.1730435706499236      0.0072198
     128.7774123761514318     -0.0050700
     129.3817836173503508      0.0087077
     129.9861572943132728     -0.0024024
     130.5905334070401977      0.0026009
     131.1949119555311256     -0.0065244
     131.7992929398525916      0.0140886
     132.4036763598715538      0.0129555
     133.0080622157875894     -0.0021759
     133.6124505074676279     -0.0105884
     134.2168412351113886     -0.0073163
     134.8212343985191239     -0.0051913
     135.4256299977574258      0.0025503
     136.0300280329594500     -0.0007128
     136.6344285040586044      0.0047877
     137.2388314110548606      0.0039843
     137.8432367540148391      0.0068492
     138.4476445328719194     -0.0034976
     139.0520547477593141     -0.0038671
     139.6564673986103742      0.0027114
     140.2608824854251566      0.0038790
     140.8653000082036044      0.0127861
     141.4697199671454655     -0.0144510
     142.0741423619844852     -0.0214148
     142.6785671929202977     -0.0281125
     143.2829944599529881     -0.0045862
     143.8874241630159077     -0.0024202
     144.4918563022422688     -0.0111509
     145.0962908774988591     -0.0228457
     145.7007278889188626     -0.0247051
     146.3051673364356873     -0.0063960
     146.9096092201825172     -0.0035033
     147.5140535400261683      0.0036772
     148.1185002960997394     -0.0063476
     148.7229494883367806     -0.0043060
     149.3274011168703055     -0.0002472
     149.9318551815672436      0.0041521
     150.5363116824941869     -0.0018924
     151.1407706196510787      0.0052759
     151.7452319931710463      0.0051631
     152.3496958029209907      0.0072365
     152.9541620489675040      0.0093676
     153.5586307313105294      0.0085809
     154.1631018500832226      0.0048987
     154.7675754050858643      0.0074610
     155.3720513965182306     -0.0032743
     155.9765298242470806      0.0014600
     156.5810106884056268      0.0065931
     157.1854939890604044      0.0071179
     157.7899797260117225     -0.0028847
     158.3944678994592721      0.0108504
     158.9989585093364894      0.0079963
     159.6034515557099382      0.0114993
     160.2079470385130833     -0.0063124
     160.8124449578124313      0.0054633
     161.4169453136746029     -0.0015996
     162.0214481060330343      0.0078811
     162.6259533348876687     -0.0045589
     163.2304610003051266      0.0182853
     163.8349711022853796      0.0095707
     164.4394836409615834     -0.0083588
     165.0439986161340187      0.0077406
     165.6485160278692490      0.0060410
     166.2530358763004301     -0.0085985
     166.8575581613609700     -0.0016538
     167.4620828830508970      0.0017919
     168.0666100414367747     -0.0016863
     168.6711396365185749      0.0064249
     169.2756716682297338     -0.0012545
     169.8802061367699991     -0.0007879
     170.4847430419396233      0.0070003
     171.0892823838717334     -0.0016277
     171.6938241625663579      0.0135032
     172.2983683780900890     -0.0103653
     172.9029150303762776     -0.0124546
     173.5074641194250091     -0.0144096
     174.1120156453027903     -0.0015926
     174.7165696080762416     -0.0128750
     175.3211260076121789     -0.0111273
     175.9256848440437864      0.0038166
     176.5302461173044151      0.0089180
     177.1348098275273344      0.0119727
     177.7393759746458102     -0.0100489
     178.3439445585934209      0.0166881
     178.9485155795697722      0.0134584
     179.5530890375083288     -0.0020710
     180.1576649323425272      0.0121742
     180.7622432642055230      0.0077243
     181.3668240330307242     -0.0053839
     181.9714072388846944     -0.0117533
     182.5759928817674336     -0.0061932
     183.1805809616789702      0.0084485
     183.7851714786192474      0.0061446
     184.3897644326548857     -0.0002478
     184.9943598237858851     -0.0083903
     185.5989576519456534      0.0020159
     186.2035579172673181      0.0218372
     186.8081606196843154     -0.0011882
     187.4127657593298295      0.0025091
     188.0173733360706478     -0.0030683
     188.6219833499733909      0.0193369
     189.2265958010380587      0.0133155
     189.8312106893977500     -0.0101829
     190.4358280149193945     -0.0085847
     191.0404477776029069     -0.0026429
     191.6450699775814712      0.0000275
     192.2496946148550876     -0.0042472
     192.8543216894237275     -0.0068957
     193.4589512012208843     -0.0004447
     194.0635831503130646     -0.0029773
     194.6682175367002685      0.0005896
     195.2728543605156801     -0.0022329
     195.8774936216261437     -0.0026175
     196.4821353200316310     -0.0031916
     197.0867794559318895      0.0027621
     197.6914260291937353      0.0101934
     198.2960750398172252      0.0125474
     198.9007264878688659     -0.0129872
     199.5053803733486859     -0.0000571
     200.1100366963232489     -0.0121708
     200.7146954567926116     -0.0029856
     201.3193566546235331     -0.0030291
     201.9240202900157612     -0.0060784
     202.5286863629693528     -0.0085331
     203.1333548734176304      0.0107124
     203.7380258213607078      0.0123446
     204.3426992068650634     -0.0083769
     204.9473750299973176     -0.0103319
     205.5520532906243432     -0.0101290
     206.1567339888792105     -0.0060608
     206.7614171247619765     -0.0002729
     207.3661026982726128     -0.0011690
     207.9707907094777397     -0.0049453
     208.5754811582441448     -0.0207027
     209.1801740447049838     -0.0091124
     209.7848693689268487     -0.0025910
     210.3895671307766122      0.0084276
     210.9942673303874017      0.0000103
     211.5989699676926250     -0.0019614
     212.2036750427588458     -0.0043467
     212.8083825555861210      0.0066706
     213.4130925061743653     -0.0151380
     214.0178048945236640     -0.0055771
     214.6225197207005522     -0.0151605
     215.2272369847715652     -0.0058935
     215.8319566866035757      0.0054058
     216.4366788262632042      0.0010569
     217.0414034038169859      0.0021891
     217.6461304193314561      0.0004343
     218.2508598726069806      0.0030476
     218.8555917638431936     -0.0082038
     219.4603260929735882      0.0111030
     220.0650628600646712     -0.0104112
     220.6698020651164711     -0.0031517
     221.2745437081289879     -0.0129385
     221.8792877891022783      0.0059469
     222.4840343081027925      0.0096296
     223.0887832651305871     -0.0023914
     223.6935346601857191     -0.0034876
     224.2982884932015395      0.0129599
     224.9030447643112041     -0.0036794
     225.5078034735147412      0.0060940
     226.1125646208120941      0.0049205
     226.7173282061367843     -0.0048982
     227.3220942296218823      0.0003126
     227.9268626912673597      0.0131438
     228.5316335910733017     -0.0023331
     229.1364069289730594     -0.0032742
     229.7411827050332818      0.0040088
     230.3459609193204756      0.0021903
     230.9507415718346408     -0.0023582
     231.5555246625092423     -0.0053939
     232.1603101914107867      0.0081905
     232.7650981586059515      0.0083140
     233.3698885640946514      0.0138956
     233.9746814077437307      0.0231403
     234.5794766897529655      0.0198360
     235.1842744100557638      0.0035683
     235.7890745687186609     -0.0159468
     236.3938771656751214     -0.0099884
     236.9986822009917091      0.0077418
     237.6034896746684524      0.0111522
     238.2082995867718012      0.0101674
     238.8131119371687703      0.0124524
     239.4179267260589654     -0.0123476
     240.0227439533093161     -0.0106662
     240.6275636190528928     -0.0119617
     241.2323857232231887      0.0042417
     241.8372102658867107     -0.0078842
     242.4420372469769234     -0.0127960
     243.0468666666935178     -0.0183577
     243.6516985247702678     -0.0109340
     244.2565328214733995      0.0039349
     244.8613695566031936      0.0137972
     245.4662087303594262     -0.0029442
     246.0710503427420122      0.0027432
     246.6758943936844162     -0.0139031
     247.2807408831866667      0.0062162
     247.8855898113153273      0.0012855
     248.4904411780703128      0.0140771
     249.0952949835183006     -0.0022566
     249.7001512275261348      0.0071918
     250.3050099102934780      0.0177132
     250.9098710317537382      0.0092702
     251.5147345919070005      0.0040718
     252.1196005907532367     -0.0068402
     252.7244690282923898     -0.0015791
     253.3293399046576440      0.0082653
     253.9342132197824355      0.0052452
     254.5390889736667361     -0.0108302
     255.1439671663105742     -0.0033758
     255.7488477977805132     -0.0057397
     256.3537308680765250      0.0051531
     256.9586163771986662      0.0084504
     257.5635043252134437     -0.0026724
     258.1683947120542939     -0.0150395
     258.7732875377878372     -0.0167107
     259.3781828024140168      0.0049237
     259.9830805059328895     -0.0132494
     260.5879806484109622     -0.0090544
     261.1928832298482348     -0.0024265
     261.7977882501782574     -0.0146435
     262.4026957095339867     -0.0042241
     263.0076056077824092      0.0099372
     263.6125179451232157      0.0072517
     264.2174327214897858      0.0152244
     264.8223499368155558      0.0141680
     265.4272695911671462      0.0065465
     266.0321916846777413      0.0086750
     266.6371162172140430     -0.0170694
     267.2420431887761652     -0.0001665
     267.8469725994972350      0.0004209
     268.4519044493771958     -0.0105022
     269.0568387383495406     -0.0029485
     269.6617754664142126      0.0108249
     270.2667146337044528      0.0196655
     270.8716562401535839      0.0300524
     271.4766002857616627     -0.0120090
     272.0815467705951960      0.0113369
     272.6864956946542407      0.0025414
     273.2914470579387967      0.0197410
     273.8964008605154277      0.0120408
     274.5013571023175132      0.0004160
     275.1063157834117305      0.0073476
     275.7112769037979092     -0.0078091
     276.3162404635427833     -0.0057357
     276.9212064625131688      0.0040949
     277.5261749008421930      0.0175814
     278.1311457785297989      0.0098040
     278.7361190956426640      0.0127775
     279.3410948521141108     -0.0060566
     279.9460730479442532      0.0085720
     280.5510536831994841      0.0169945
     281.1560367579465378      0.0057253
     281.7610222720522302     -0.0024450
     282.3660102256496884      0.0105919
     282.9710006186723490      0.0020768
     283.5759934512533391     -0.0119182
     284.1809887233260952     -0.0044125
     284.7859864348906171     -0.0022220
     285.3909865859468482      0.0080074
     285.9959891765615225      0.0109187
     286.6009942068010332     -0.0057906
     287.2060016765988735      0.0220165
     287.8110115858885365      0.0128032
     288.4160239348695427      0.0030503
     289.0210387234756126     -0.0014563
     289.6260559517064621      0.0078568
     290.2310756195622616      0.0088826
     290.8360977270428975     -0.0044026
     291.4411222742816108      0.0045779
     292.0461492612118377      0.0040118
     292.6511786877669579     -0.0032561
     293.2562105540800985      0.0096156
     293.8612448601512597     -0.0114012
     294.4662816059804413     -0.0058076
     295.0713207915677003      0.0002327
     295.6763624169129230     -0.0035689
     296.2814064820827866      0.0044650
     296.8864529870107276      0.0002207
     297.4915019318297595      0.0063972
     298.0965533164069257     -0.0118795
     298.7016071408751827     -0.0288700
     299.3066634053011512      0.0059073
     299.9117221095518175      0.0138189
     300.5167832536270112     -0.0039441
     301.1218468376600299     -0.0004839
     301.7269128617172100      0.0116379
     302.3319813255991448     -0.0097148
     302.9370522295052410     -0.0120460
     303.5421255733025987     -0.0041890
     304.1472013571908519      0.0152986
     304.7522795810367597      0.0000141
     305.3573602448404927      0.0063297
     305.9624433487350643      0.0049180
     306.5675288927204747      0.0009690
     307.1726168767301601      0.0107022
     307.7777073007642343      0.0046159
     308.3828001648891473     -0.0016528
     308.9878954692380262      0.0017690
     309.5929932136112939      0.0008029
     310.1980933981419639     -0.0118104
     310.8031960227634727      0.0039987
     311.4083010876090043     -0.0010966
     312.0134085926785588     -0.0013549
     312.6185185378390088     -0.0161068
     313.2236309232899885      0.0005149
     313.8287457488983705     -0.0037686
     314.4338630147973959      0.0087492
     315.0389827209203872      0.0075844
     315.6441048673340219      0.0105838
     316.2492294540381295      0.0080022
     316.8543564810328803      0.0085020
     317.4594859483181608      0.0020233
     318.0646178559605914      0.0095879
     318.6697522038936086      0.0122059
     319.2748889922503963     -0.0008994
     319.8800282208976569      0.0108640
     320.4851698899686312      0.0056549
     321.0903139994633761      0.0008173
     321.6954605493817780     -0.0113299
     322.3006095397239505     -0.0019131
     322.9057609704897800      0.0155568
     323.5109148416793232      0.0065953
     324.1160711533591439      0.0166755
     324.7212299055958056     -0.0002771
     325.3263910982561811      0.0002820
     325.9315547314733976     -0.0004007
     326.5367208052474552     -0.0079486
     327.1418893195783539      0.0013578
     327.7470602743995300      0.0031463
     328.3522336698441109     -0.0076938
     328.9574095058455896     -0.0017281
     329.5625877825369798      0.0055648
     330.1677684997852111     -0.0111302
     330.7729516576568471      0.0010885
     331.3781372562185084      0.0053487
     331.9833252954701379     -0.0005675
     332.5885157753451722     -0.0023989
     333.1937086959101748      0.0116495
     333.7989040572317094     -0.0040231
     334.4041018593097760     -0.0128294
     335.0093021020113042      0.0084643
     335.6145047855359280     -0.0082899
     336.2197099098170838     -0.0039840
     336.8249174749213353      0.0084255
     337.4301274808487392      0.0056770
     338.0353399274660546     -0.0032572
     338.6405548149731430      0.0049287
     339.2457721433698339      0.0109329
     339.8509919125896772     -0.0079380
     340.4562141226991798     -0.0208952
     341.0614387736983417     -0.0070253
     341.6666658655206561     -0.0007071
     342.2718953983658139     -0.0117425
     342.8771273721005741     -0.0039953
     343.4823617867916710      0.0165167
     344.0875986424389339      0.0022919
     344.6928379391090402      0.0011768
     345.2980796766688059     -0.0074476
     345.9033238553179785     -0.0143300
     346.5085704749233741     -0.0076606
     347.1138195356181768     -0.0055343
     347.7190710373357092      0.0001547
     348.3243249801427623     -0.0136507
     348.9295813639725452     -0.0120329
     349.5348401889582988     -0.0065929
     350.1401014550334025     -0.0023182
     350.7453651621979134     -0.0153955
     351.3506313105849586      0.0027022
     351.9558999000613539     -0.0023357
     352.5611709307602837     -0.0131950
     353.1664444025486205      0.0015818
     353.7717203155594348     -0.0118398
     354.3769986698592902     -0.0248279
     354.9822794653816800     -0.0042868
     355.5875627020600973     -0.0168188
     356.1928483800274989      0.0009420
     356.7981364992840554     -0.0086279
     357.4034270598297098      0.0013596
     358.0087200616643486     -0.0037010
     358.6140155048547058      0.0067495
     359.2193133893341042     -0.0007394
     359.8246137151692778      0.0039665
     360.4299164823599995      0.0030293
     361.0352216909063259      0.0171305
     361.6405293408749344     -0.0009918
     362.2458394321992046     -0.0052387
     362.8511519650122636     -0.0133098
     363.4564669392474912     -0.0134502
     364.0617843549049439      0.0027005
     364.6671042119846788     -0.0058555
     365.2724265106862163     -0.0066234
     365.8777512507435290      0.0004292
     366.4830784323561375      0.0018046
     367.0884080554575348     -0.0044784
     367.6937401201808484     -0.0013725
     368.2990746263928941     -0.0163558
     368.9044115741604060     -0.0007418
     369.5097509635497772     -0.0041501
     370.1150927945610647      0.0036682
     370.7204370671276479      0.0017792
     371.3257837813162610     -0.0111895
     371.9311329371267334     -0.0108290
     372.5364845346922493     -0.0113603
     373.1418385738797383      0.0077273
     373.7471950546890866      0.0154322
     374.3525539772535353     -0.0122678
     374.9579153415064070     -0.0145865
     375.5632791475809427     -0.0048288
     376.1686453953440150      0.0110091
     376.7740140847955672      0.0089515
     377.3793852160686697      0.0117183
     377.9847587892299430     -0.0151381
     378.5901348040797529     -0.0055991
     379.1955132607512269     -0.0134444
     379.8008941592442511     -0.0183473
     380.4062774996920666     -0.0121945
     381.0116632818949256     -0.0116241
     381.6170515059859554     -0.0145852
     382.2224421720317764      0.0169613
     382.8278352799657682     -0.0097776
     383.4332308297879877      0.0002881
     384.0386288215648847     -0.0019319
     384.6440292552966298     -0.0000135
     385.2494321309830525      0.0060930
     385.8548374486908301      0.0051713
     386.4602452083533990      0.0009092
     387.0656554099706455     -0.0007222
     387.6710680536758105     -0.0130341
     388.2764831394688940     -0.0120069
     388.8819006672832757     -0.0072586
     389.4873206371190122     -0.0047897
     390.0927430490426104     -0.0050743
     390.6981679031206909      0.0109924
     391.3035951992866330      0.0066667
     391.9090249376070574      0.0059677
     392.5144571180153434      0.0052499
     393.1198917406446185      0.0061804
     393.7253288054284894     -0.0074299
     394.3307683123666720     -0.0044428
     394.9362102615259573     -0.0013574
     395.5416546529062316     -0.0050764
     396.1471014865075517     -0.0049595
     396.7525507623964813     -0.0026976
     397.3580024804398363      0.0101555
     397.9634566409039280      0.0030464
     398.5689132435890656     -0.0090794
     399.1743722885617558     -0.0069608
     399.7798337758886760      0.0013756
     400.3852977055031488     -0.0039493
     400.9907640775383584     -0.0213538
     401.5962328918611206     -0.0164903
     402.2017041486046764      0.0084439
     402.8071778477688554      0.0012978
     403.4126539893538848      0.0067877
     404.0181325732929167     -0.0017117
     404.6236135997193628      0.0116778
     405.2290970685665457      0.0193922
     405.8345829799009721     -0.0025678
     406.4400713337227558     -0.0082762
     407.0455621300317830     -0.0057176
     407.6510553688280538     -0.0052698
     408.2565510502448092      0.0017823
     408.8620491741488649     -0.0114542
     409.4675497406067848     -0.0167075
     410.0730527496185118     -0.0128278
     410.6785582012507234     -0.0111388
     411.2840660954367991     -0.0016510
     411.8895764322433592     -0.0006154
     412.4950892117367971     -0.0221905
     413.1006044338507195     -0.0051743
     413.7061220986516332      0.0017123
     414.3116422060729747      0.0058976
     414.9171647561813074      0.0018804
     415.5226897490432520      0.0190545
     416.1282171845921312      0.0094437
     416.7337470628945653      0.0101962
     417.3392793839506112      0.0160552
     417.9448141477602121      0.0091319
     418.5503513543899317      0.0130880
     419.1558910037066426     -0.0020381
     419.7614330959100357      0.0011760
     420.3669776309336044     -0.0046607
     420.9725246087772916      0.0116782
     421.5780740295077180      0.0105857
     422.1836258930582062      0.0004941
     422.7891801994953767     -0.0164919
     423.3947369488858499     -0.0124117
     424.0002961411630622     -0.0081248
     424.6058577763269000     -0.0057819
     425.2114218544440405     -0.0137680
     425.8169883755143701     -0.0062985
     426.4225573396046798      0.0069946
     427.0281287466481217     -0.0017314
     427.6337025967114869     -0.0004515
     428.2392788897280980      0.0195141
     428.8448576258976459     -0.0150420
     429.4504388050204966     -0.0125500
     430.0560224271631569      0.0016410
     430.6616084924587540      0.0131792
     431.2671970008407811      0.0030909
     431.8727879523091815      0.0008851
     432.4783813468640687      0.0042587
     433.0839771845718360      0.0040820
     433.6895754654991606      0.0088313
     434.2951761895129152     -0.0113649
     434.9007793566796067     -0.0195661
     435.5063849670657987     -0.0047370
     436.1119930207381117     -0.0056329
     436.7176035175634183     -0.0068981
     437.3232164576082823     -0.0109355
     437.9288318409392105     -0.0058284
     438.5344496674896959      0.0008642
     439.1400699373928092     -0.0101384
     439.7456926505820434     -0.0010922
     440.3513178070573986     -0.0009702
     440.9569454068188747     -0.0039168
     441.5625754499995423     -0.0123760
     442.1682079364663309      0.0080471
     442.7738428663523678      0.0052381
     443.3794802395910324      0.0066836
     443.9851200563155658     -0.0018370
     444.5907623163261633     -0.0023420
     445.1964070198225727      0.0025893
     445.8020541667381735     -0.0188778
     446.4077037572062068     -0.0037576
     447.0133557910934314     -0.0026451
     447.6190102683999612     -0.0026065
     448.2246671892588097     -0.0070670
     448.8303265536700337     -0.0175308
     449.4359883616336333      0.0046346
     450.0416526130830448      0.0014989
     450.6473193080847750     -0.0012156
     451.2529884467055012     -0.0004416
     451.8586600289451098     -0.0048107
     452.4643340547371508     -0.0116956
     453.0700105241481310      0.0011840
     453.6756894371779936      0.0053292
     454.2813707939599794     -0.0127642
     454.8870545942943409      0.0042771
     455.4927408383807688     -0.0123145
     456.0984295260860790     -0.0138526
     456.7041206576100763      0.0067863
     457.3098142328195763      0.0090022
     457.9155102517146361      0.0026049
     458.5212087143616486      0.0270913
     459.1269096208939686      0.0027023
     459.7326129711117346      0.0056360
     460.3383187651481876     -0.0070209
     460.9440270030032138      0.0073576
     461.5497376846769271      0.0000603
     462.1554508102358909      0.0026256
     462.7611663796134280      0.0178288
     463.3668843928762158      0.0035932
     463.9726048499576336     -0.0124736
     464.5783277510573726      0.0079799
     465.1840530960423052      0.0158965
     465.7897808849124885     -0.0067244
     466.3955111177344293      0.0105523
     467.0012437945746910      0.0257943
     467.6069789153667671      0.0039134
     468.2127164801106005     -0.0076968
     468.8184564889393755     -0.0064705
     469.4241989417199079      0.0087368
     470.0299438385852682     -0.0107527
     470.6356911794690632      0.0071347
     471.2414409643711792      0.0207492
     471.8471931934913073      0.0210023
     472.4529478666298132      0.0170237
     473.0587049838532039     -0.0053365
     473.6644645451615361      0.0014159
     474.2702265507544439      0.0033959
     474.8759910003657296      0.0103547
     475.4817578941950273      0.0105210
     476.0875272321758871      0.0078458
     476.6932990143746451      0.0021094
     477.2990732408581493     -0.0032725
     477.9048499114931019     -0.0088265
     478.5106290263460096     -0.0097228
     479.1164105854836066      0.0105769
     479.7221945889723997      0.0111388
     480.3279810366792049      0.0025849
     480.9337699286705856      0.0076051
     481.5395612650131625     -0.0001956
     482.1453550457069923     -0.0035032
     482.7511512706852841     -0.0037280
     483.3569499400814493      0.0138861
     483.9627510537621902     -0.0038462
     484.5685546119938181      0.0177054
     485.1743606145100784      0.0108315
     485.7801690614439849     -0.0063060
     486.3859799528623284      0.0022342
     486.9917932886983749      0.0055401
     487.5976090690186879      0.0080706
     488.2034272938233812     -0.0023198
     488.8092479631123979      0.0018027
