Scan:     29   RXJ0053.7+2232 2015-10-21 +03 41 32.0
         OPTICAL                 Tb    
        km/s-LSR                 XX
    -549.0045374277401606     -0.0203044
    -548.4028890069331510     -0.0107971
    -547.8012381668377202      0.0106968
    -547.1995849073870204      0.0122247
    -546.5979292285811653      0.0067398
    -545.9962711304534650     -0.0036933
    -545.3946106129372993     -0.0147949
    -544.7929476760326679      0.0056638
    -544.1912823197396847     -0.0014808
    -543.5896145440582359      0.0100433
    -542.9879443489217010      0.0074831
    -542.3862717343301938      0.0072092
    -541.7845967002837142      0.0065585
    -541.1829192467489520      0.0023204
    -540.5812393737256798      0.0052508
    -539.9795570812476626      0.0287169
    -539.3778723692479389      0.0190995
    -538.7761852376935394     -0.0040945
    -538.1744956866173197      0.0054399
    -537.5728037159530004      0.0004834
    -536.9711093257340053      0.0072441
    -536.3694125159266832     -0.0068344
    -535.7677132865312615      0.0031389
    -535.1660116374811196     -0.0188036
    -534.5643075688428780      0.0134823
    -533.9626010805166061     -0.0089142
    -533.3608921725023038     -0.0081126
    -532.7591808448667052      0.0172288
    -532.1574670975096524      0.0054134
    -531.5557509304646828     -0.0061563
    -530.9540323436986000     -0.0104822
    -530.3523113372109492      0.0067825
    -529.7505879109688749     -0.0026931
    -529.1488620649389532     -0.0049515
    -528.5471337991544942      0.0192327
    -527.9454031135821879     -0.0037338
    -527.3436700081887238     -0.0220391
    -526.7419344829741021      0.0009580
    -526.1401965379384364     -0.0105930
    -525.5384561729817960     -0.0142064
    -524.9367133882038843      0.0072229
    -524.3349681835716183      0.0016776
    -523.7332205590183776     -0.0033885
    -523.1314705145774724     -0.0071624
    -522.5297180501822822     -0.0177824
    -521.9279631658661174     -0.0018237
    -521.3262058615957812     -0.0023326
    -520.7244461373710465      0.0007921
    -520.1226839931588302      0.0002316
    -519.5209194289257084     -0.0059155
    -518.9191524447051052      0.0104015
    -518.3173830404303999     -0.0158785
    -517.7156112161014789      0.0052490
    -517.1138369717517662     -0.0028341
    -516.5120603073147549     -0.0149220
    -515.9102812228235280     -0.0053236
    -515.3084997182116922     -0.0080510
    -514.7067157934791339     -0.0103761
    -514.1049294486258532     -0.0085591
    -513.5031406836519636     -0.0108729
    -512.9013494984908448      0.0034379
    -512.2995558931756932      0.0022912
    -511.6977598676400021      0.0021319
    -511.0959614219503919     -0.0028357
    -510.4941605560068751     -0.0006101
    -509.8923572698429325      0.0098517
    -509.2905515633918299      0.0099233
    -508.6887434367202445      0.0112528
    -508.0869328897614423      0.0094894
    -507.4851199225489609      0.0129104
    -506.8833045350160091      0.0067910
    -506.2814867271627577      0.0120572
    -505.6796664989557257     -0.0072651
    -505.0778438504283372     -0.0052894
    -504.4760187815473387     -0.0033807
    -503.8741912922793631     -0.0012746
    -503.2723613825911571      0.0111781
    -502.6705290525159739      0.0088626
    -502.0686943020206172      0.0150585
    -501.4668571310716629     -0.0017812
    -500.8650175396692248      0.0103632
    -500.2631755278465562     -0.0047705
    -499.6613310955038401     -0.0039467
    -499.0594842427074695     -0.0000979
    -498.4576349693911652      0.0014951
    -497.8557832755214463     -0.0007932
    -497.2539291611316230      0.0103494
    -496.6520726262216954      0.0061328
    -496.0502136706918463      0.0050398
    -495.4483522946086396     -0.0054343
    -494.8464884979387648      0.0017373
    -494.2446222806489686      0.0112048
    -493.6427536426726874     -0.0015393
    -493.0408825841429916     -0.0023563
    -492.4390091049267539     -0.0031247
    -491.8371332050241449      0.0097049
    -491.2352548844681905      0.0057299
    -490.6333741432258080      0.0124018
    -490.0314909812302631     -0.0048129
    -489.4296053985482899     -0.0051563
    -488.8277173950799579      0.0028494
    -488.2258269708918306      0.0080696
    -487.6239341259174012      0.0027072
    -487.0220388601564991      0.0026693
    -486.4201411736092950     -0.0194997
    -485.8182410661759150     -0.0120505
    -485.2163385379894294      0.0068016
    -484.6144335889167678     -0.0087501
    -484.0125262190244371     -0.0085146
    -483.4106164282459304     -0.0038823
    -482.8087042165811908      0.0000261
    -482.2067895839969651     -0.0021736
    -481.6048725305265634      0.0023925
    -481.0029530561033084     -0.0022642
    -480.4010311607273707     -0.0000625
    -479.7991068443985796      0.0059518
    -479.1971801071171058      0.0121180
    -478.5952509488162718     -0.0042696
    -477.9933193694960210     -0.0113553
    -477.3913853691564668     -0.0015159
    -476.7894489477976094     -0.0023865
    -476.1875101053860817     -0.0118630
    -475.5855688419219405      0.0016328
    -474.9836251573719323     -0.0039973
    -474.3816790517359436     -0.0072634
    -473.7797305250140880     -0.0008239
    -473.1777795771397450     -0.0117049
    -472.5758262081462249     -0.0059964
    -471.9738704180002173      0.0148927
    -471.3719122066684690     -0.0046157
    -470.7699515741842333     -0.0083338
    -470.1679885204809466     -0.0078923
    -469.5660230455253554     -0.0014951
    -468.9640551494172769      0.0036776
    -468.3620848320568371     -0.0027115
    -467.7601120934440928      0.0001017
    -467.1581369335457339      0.0019714
    -466.5561593523951274      0.0043155
    -465.9541793499255391      0.0050041
    -465.3521969261370828      0.0019769
    -464.7502120810297015      0.0204306
    -464.1482248146035090      0.0008840
    -463.5462351267918280      0.0014963
    -462.9442430176279117     -0.0030776
    -462.3422484870785638     -0.0026240
    -461.7402515350771637      0.0000221
    -461.1382521617236421     -0.0050995
    -460.5362503669180683      0.0020674
    -459.9342461506604423      0.0162940
    -459.3322395129841311      0.0027058
    -458.7302304538224575      0.0002781
    -458.1282189731422250      0.0001974
    -457.5262050710098833      0.0093171
    -456.9241887473257293      0.0014153
    -456.3221700021230163      0.0025844
    -455.7201488353683203     -0.0108143
    -455.1181252470618119      0.0007282
    -454.5160992371701241     -0.0029240
    -453.9140708056932567     -0.0018472
    -453.3120399525647031     -0.0013602
    -452.7100066778842802     -0.0069665
    -452.1079709815521142     -0.0116361
    -451.5059328635681482      0.0031896
    -450.9038923239324959     -0.0047995
    -450.3018493626118470      0.0057872
    -449.6998039796062017     -0.0034843
    -449.0977561748822495      0.0051688
    -448.4957059484732440     -0.0032718
    -447.8936533002793681      0.0018749
    -447.2915982303672422      0.0008262
    -446.6895407386701891      0.0089693
    -446.0874808252216326      0.0017181
    -445.4854184899215852      0.0036187
    -444.8833537328367242     -0.0057392
    -444.2812865539669360     -0.0072502
    -443.6792169532457706     -0.0000007
    -443.0771449306398608      0.0001005
    -442.4750704862158273     -0.0012987
    -441.8729936198737960      0.0001317
    -441.2709143316469635      0.0084957
    -440.6688326215022471      0.0003335
    -440.0667484894727863     -0.0036635
    -439.4646619354587074     -0.0004540
    -438.8625729594933773      0.0018676
    -438.2604815615767961      0.0011106
    -437.6583877416090331     -0.0060345
    -437.0562914997232724      0.0074057
    -436.4541928357863867     -0.0074698
    -435.8520917498649965     -0.0072572
    -435.2499882418590573     -0.0057282
    -434.6478823118020500      0.0023342
    -434.0457739596939746      0.0013030
    -433.4436631855014070      0.0111803
    -432.8415499891911509     -0.0042490
    -432.2394343707632061     -0.0025378
    -431.6373163302175158     -0.0002738
    -431.0351958675209403     -0.0053340
    -430.4330729826733091     -0.0034921
    -429.8309476756081153     -0.0011682
    -429.2288199463919796      0.0034338
    -428.6266897949582244     -0.0048958
    -428.0245572213402738      0.0071613
    -427.4224222254714505      0.0068439
    -426.8202848073517544     -0.0068942
    -426.2181449669812991     -0.0046869
    -425.6160027043267178      0.0081522
    -425.0138580193880102      0.0077953
    -424.4117109121318094      0.0129937
    -423.8095613825582859      0.0037973
    -423.2074094306673260     -0.0127509
    -422.6052550563924797      0.0056673
    -422.0030982598001970     -0.0041571
    -421.4009390407572937      0.0007166
    -420.7987773993637575      0.0120625
    -420.1966133355529678     -0.0016201
    -419.5944468493249246     -0.0133684
    -418.9922779406796280     -0.0023636
    -418.3901066095837677     -0.0018051
    -417.7879328560041472      0.0027693
    -417.1857566799406527     -0.0018676
    -416.5835780813933980      0.0138064
    -415.9813970603622124      0.0172143
    -415.3792136167807598      0.0067842
    -414.7770277506488696      0.0043474
    -414.1748394619665419      0.0069562
    -413.5726487506672697     -0.0005386
    -412.9704556168509839      0.0008205
    -412.3682600604176400      0.0052874
    -411.7660620813674086      0.0043042
    -411.1638616797334294     -0.0035376
    -410.5616588554159989     -0.0108923
    -409.9594536084483138      0.0131711
    -409.3572459388303741      0.0207281
    -408.7550358464956730      0.0104707
    -408.1528233314773502      0.0042722
    -407.5506083937423227      0.0037081
    -406.9483910332904202     -0.0093772
    -406.3461712500884460     -0.0092364
    -405.7439490440697796     -0.0136408
    -405.1417244153344086      0.0023624
    -404.5394973637822886      0.0050369
    -403.9372678894800970      0.0094513
    -403.3350359923280166     -0.0026814
    -402.7328016723592441     -0.0046442
    -402.1305649295072158      0.0010487
    -401.5283257638385521     -0.0020064
    -400.9260841752866327      0.0079616
    -400.3238401638182609      0.0015105
    -399.7215937294666332      0.0036633
    -399.1193448721984964      0.0059528
    -398.5170935919805970      0.0004643
    -397.9148398887795679      0.0009291
    -397.3125837626620864     -0.0057430
    -396.7103252135614753      0.0069915
    -396.1080642414777913      0.0101139
    -395.5058008463777810      0.0150909
    -394.9035350282614445      0.0005195
    -394.3012667871286112      0.0124077
    -393.6989961229129449      0.0013383
    -393.0967230356476421     -0.0053671
    -392.4944475252994494      0.0024284
    -391.8921695918349997     -0.0066015
    -391.2898892352876032     -0.0020667
    -390.6876064555907533     -0.0006765
    -390.0853212527776464      0.0047247
    -389.4830336267485222      0.0009456
    -388.8807435776364514     -0.0008209
    -388.2784511053083065     -0.0010601
    -387.6761562097641445      0.0043245
    -387.0738588910371050     -0.0032167
    -386.4715591490941051     -0.0115103
    -385.8692569839017210     -0.0021904
    -385.2669523954267561     -0.0027644
    -384.6646453837023500      0.0027524
    -384.0623359486953632     -0.0067732
    -383.4600240904057955     -0.0113869
    -382.8577098087669697     -0.0035520
    -382.2553931038122528      0.0001886
    -381.6530739754750243     -0.0114399
    -381.0507524238219617     -0.0076332
    -380.4484284487863306     -0.0003426
    -379.8461020503682448     -0.0078418
    -379.2437732285677612     -0.0030586
    -378.6414419833181455      0.0096670
    -378.0391083146527649     -0.0084172
    -377.4367722225716193     -0.0000133
    -376.8344337069748917     -0.0033177
    -376.2320927679623992      0.0060701
    -375.6297494054010144      0.0115031
    -375.0274036193572442      0.0106955
    -374.4250554098311454     -0.0049336
    -373.8227047766896476      0.0029878
    -373.2203517200325109      0.0009090
    -372.6179962398264252     -0.0047802
    -372.0156383360381938     -0.0112301
    -371.4132780086678167     -0.0126582
    -370.8109152577152372     -0.0011201
    -370.2085500831138916     -0.0025176
    -369.6061824848637798     -0.0000248
    -369.0038124629982690      0.0009575
    -368.4014400174173716     -0.0016300
    -367.7990651481878217     -0.0015896
    -367.1966878552760818      0.0007038
    -366.5943081386491258     -0.0074117
    -365.9919259982402764     -0.0047022
    -365.3895414341494075     -0.0006675
    -364.7871544462766451     -0.0009126
    -364.1847650346552996      0.0047720
    -363.5823731992853141      0.0052690
    -362.9799789400668715     -0.0029398
    -362.3775822570665923     -0.0031013
    -361.7751831502178561      0.0044114
    -361.1727816195539162      0.0084081
    -360.5703776650415193      0.0138271
    -359.9679712866142154     -0.0021102
    -359.3655624843383407      0.0008180
    -358.7631512581475022     -0.0004801
    -358.1607376080748395      0.0003705
    -357.5583215339873959      0.0045565
    -356.9559030360181850      0.0048187
    -356.3534821141007001     -0.0028092
    -355.7510587682016308     -0.0067616
    -355.1486329982876669     -0.0131996
    -354.5462048044254288     -0.0226933
    -353.9437741865150429     -0.0152316
    -353.3413411445564520     -0.0063129
    -352.7389056785830235      0.0034729
    -352.1364677885614469     -0.0117329
    -351.5340274744251587     -0.0060326
    -350.9315847362406657     -0.0060480
    -350.3291395739082645     -0.0003713
    -349.7266919874277846      0.0078706
    -349.1242419768658465      0.0013921
    -348.5217895421559433     -0.0155079
    -347.9193346832980183      0.0013002
    -347.3168774002588748      0.0168866
    -346.7144176930050321      0.0009240
    -346.1119555615700278      0.0060987
    -345.5094910058871278     -0.0027985
    -344.9070240259896423     -0.0011274
    -344.3045546218443178      0.0043960
    -343.7020827934178442      0.0047912
    -343.0996085407102214      0.0018056
    -342.4971318637214495      0.0018487
    -341.8946527623517113     -0.0044472
    -341.2921712367341343     -0.0027300
    -340.6896872867687875     -0.0103149
    -340.0872009124557849     -0.0010101
    -339.4847121137618160     -0.0026919
    -338.8822208906868241     -0.0021957
    -338.2797272432308660      0.0030847
    -337.6772311713605745     -0.0027010
    -337.0747326750428101      0.0015954
    -336.4722317543107124      0.0029848
    -335.8697284091311417     -0.0056105
    -335.2672226394373638      0.0143099
    -334.6647144452960561     -0.0099317
    -334.0622038266405980     -0.0054559
    -333.4596907834377362      0.0048621
    -332.8571753157540911      0.0080647
    -332.2546574234896752     -0.0138549
    -331.6521371067111659     -0.0087932
    -331.0496143653519425     -0.0172350
    -330.4470891993788086     -0.0116522
    -329.8445616088249608     -0.0011336
    -329.2420315936570887      0.0101471
    -328.6394991538753629      0.0038195
    -328.0369642894129356     -0.0062536
    -327.4344270003033444      0.0047521
    -326.8318872865132221      0.0087192
    -326.2293451480425119     -0.0028474
    -325.6268005848247071     -0.0115443
    -325.0242535969263145     -0.0079324
    -324.4217041843141942      0.0026934
    -323.8191523469216122      0.0011080
    -323.2165980847819355      0.0161678
    -322.6140413978619108      0.0052250
    -322.0114822861613675      0.0047665
    -321.4089207496473364      0.0085086
    -320.8063567883194764     -0.0087506
    -320.2037904021447048     -0.0013383
    -319.6012215911229646      0.0025027
    -318.9986503552542558      0.0065444
    -318.3960766944720717     -0.0107253
    -317.7935006087762986     -0.0030819
    -317.1909220982003035     -0.0055965
    -316.5883411627107193     -0.0008325
    -315.9857578022744065     -0.0043019
    -315.3831720168913080      0.0073547
    -314.7805838065280568      0.0105567
    -314.1779931712179632      0.0138006
    -313.5754001108612670      0.0034596
    -312.9728046255244180      0.0027580
    -312.3702067151742767      0.0144905
    -311.7676063797441088      0.0121328
    -311.1650036193005917      0.0083501
    -310.5623984337439083      0.0087965
    -309.9597908230739449      0.0093866
    -309.3571807873572652      0.0118504
    -308.7545683265274192     -0.0050019
    -308.1519534405842933     -0.0002275
    -307.5493361294614374     -0.0104411
    -306.9467163932253015      0.0034778
    -306.3440942317761255      0.0059640
    -305.7414696451471059      0.0007026
    -305.1388426333382995     -0.0046247
    -304.5362131962831427      0.0105798
    -303.9335813340148889      0.0074334
    -303.3309470465003415      0.0022199
    -302.7283103337393300      0.0022378
    -302.1256711956654044      0.0006954
    -301.5230296322786216     -0.0093036
    -300.9203856436454316      0.0125876
    -300.3177392296660173      0.0050112
    -299.7150903903736889      0.0063880
    -299.1124391257350794      0.0088494
    -298.5097854357170490      0.0104480
    -297.9071293203527375      0.0007676
    -297.3044707795756949      0.0132960
    -296.7018098133858643     -0.0018045
    -296.0991464217832458      0.0085843
    -295.4964806047345860     -0.0029850
    -294.8938123622398280      0.0056936
    -294.2911416942657183     -0.0017276
    -293.6884686007790037      0.0043617
    -293.0857930818461909      0.0031473
    -292.4831151374340266      0.0082699
    -291.8804347674426936     -0.0084667
    -291.2777519719386987      0.0029769
    -290.6750667508887886      0.0116933
    -290.0723791042597099     -0.0096150
    -289.4696890320513489     -0.0050318
    -288.8669965342638761     -0.0003922
    -288.2643016108306142      0.0083378
    -287.6616042617848734      0.0058421
    -287.0589044871265969      0.0008923
    -286.4562022867893347      0.0029523
    -285.8534976607064095      0.0070872
    -285.2507906090110055      0.0019059
    -284.6480811316365589     -0.0016023
    -284.0453692285164493      0.0072268
    -283.4426548996840438      0.0097640
    -282.8399381451060890     -0.0001432
    -282.2372189647491041      0.0090127
    -281.6344973586465699     -0.0035298
    -281.0317733267651761     -0.0055867
    -280.4290468690382454      0.0020417
    -279.8263179855324552      0.0088984
    -279.2235866761811280     -0.0014159
    -278.6208529409843777     -0.0032265
    -278.0181167798755837      0.0009113
    -277.4153781929545630      0.0039312
    -276.8126371801216123     -0.0057464
    -276.2098937414098145     -0.0137283
    -275.6071478767527196     -0.0026225
    -275.0043995861835811      0.0065966
    -274.4016488696691454      0.0013925
    -273.7988957271761024      0.0013251
    -273.1961401587044520     -0.0025051
    -272.5933821642208272     -0.0057133
    -271.9906217437587088      0.0046937
    -271.3878588972846728     -0.0010410
    -270.7850936247654658      0.0003846
    -270.1823259261677777      0.0076555
    -269.5795558014916651     -0.0034455
    -268.9767832507703815     -0.0006816
    -268.3740082739373065     -0.0116203
    -267.7712308710258640     -0.0073289
    -267.1684510419693765      0.0105571
    -266.5656687867677874      0.0112316
    -265.9628841054212671     -0.0011370
    -265.3600969979297020     -0.0079105
    -264.7573074642264714      0.0048354
    -264.1545155043116893      0.0024538
    -263.5517211182186657     -0.0010069
    -262.9489243058807233      0.0040625
    -262.3461250673311724      0.0036208
    -261.7433234024369426     -0.0038713
    -261.1405193113311043     -0.0126395
    -260.5377127939470938     -0.0086531
    -259.9349038502516578      0.0009940
    -259.3320924802447394     -0.0039648
    -258.7292786839263954     -0.0013080
    -258.1264624612633725      0.0007478
    -257.5236438122223035      0.0020975
    -256.9208227368032453     -0.0049927
    -256.3179992350394514      0.0031506
    -255.7151733068311046      0.0096877
    -255.1123449522114299      0.0011118
    -254.5095141711804558     -0.0038749
    -253.9066809636383937      0.0029324
    -253.3038453296850037     -0.0065145
    -252.7010072692537506      0.0046292
    -252.0981667823113810     -0.0062579
    -251.4953238688911199     -0.0102548
    -250.8924785289597139     -0.0024329
    -250.2896307624839096     -0.0118560
    -249.6867805694303399     -0.0138985
    -249.0839279498657106     -0.0240555
    -248.4810729036900341     -0.0132535
    -247.8782154309033672      0.0032497
    -247.2753555315390201     -0.0040021
    -246.6724932055636259     -0.0052413
    -246.0696284528774243     -0.0103234
    -245.4667612735802322     -0.0031036
    -244.8638916676387680     -0.0123686
    -244.2610196350197214     -0.0014907
    -243.6581451756898389     -0.0081945
    -243.0552682896490921     -0.0067232
    -242.4523889768975096     -0.0042194
    -241.8495072373685275     -0.0066507
    -241.2466230711287096      0.0042046
    -240.6437364781114354     -0.0014734
    -240.0408474582835083      0.0009624
    -239.4379560116781818     -0.0019980
    -238.8350621382621171      0.0064516
    -238.2321658380353711     -0.0009435
    -237.6292671108980699      0.0085014
    -237.0263659569500874      0.0026864
    -236.4234623761248315     -0.0101127
    -235.8205563684223591      0.0071652
    -235.2176479338093031      0.0004139
    -234.6147370723189738     -0.0080225
    -234.0118237838515256     -0.0039851
    -233.4089080684735507      0.0065577
    -232.8059899261184285     -0.0075297
    -232.2030693567862443      0.0045957
    -231.6001463604769128     -0.0045725
    -230.9972209371572092     -0.0005798
    -230.3942930868270764     -0.0066520
    -229.7913628093867260     -0.0044057
    -229.1884301049692283     -0.0102830
    -228.5854949735080481     -0.0055361
    -227.9825574149366503     -0.0057036
    -227.3796174292882881     -0.0147926
    -226.7766750165296514      0.0001907
    -226.1737301766607686     -0.0075719
    -225.5707829096483863     -0.0082132
    -224.9678332154924192     -0.0079505
    -224.3648810941929526      0.0085502
    -223.7619265456833944      0.0017070
    -223.1589695699969980     -0.0024399
    -222.5560101670672282     -0.0018680
    -221.9530483368940850     -0.0004578
    -221.3500840795441320      0.0058334
    -220.7471173949174670     -0.0017838
    -220.1441482830141751     -0.0056728
    -219.5411767438674815     -0.0028658
    -218.9382027774108508      0.0059761
    -218.3352263836109728     -0.0000796
    -217.7322475625344396     -0.0064692
    -217.1292663140813772     -0.0041656
    -216.5262826382850960      0.0006836
    -215.9232965351122857     -0.0106519
    -215.3203080045629747     -0.0081673
    -214.7173170466371346      0.0131562
    -214.1143236612682017      0.0126977
    -213.5113278484228942      0.0004311
    -212.9083296082010861     -0.0020568
    -212.3053289405029034     -0.0015975
    -211.7023258453283745     -0.0038969
    -211.0993203226774426      0.0015036
    -210.4963123725168828     -0.0108983
    -209.8933019948466381      0.0039710
    -209.2902891896667654      0.0054200
    -208.6872739569106727      0.0067562
    -208.0842562966116134     -0.0090188
    -207.4812362087363624     -0.0038466
    -206.8782136932516380     -0.0083155
    -206.2751887501906651      0.0016631
    -205.6721613794203165      0.0001710
    -205.0691315811070581     -0.0005553
    -204.4660993551177057     -0.0010816
    -203.8630647014855981     -0.0111699
    -203.2600276201773966     -0.0049371
    -202.6569881111598477      0.0039944
    -202.0539461744329515     -0.0049539
    -201.4509018099966795      0.0015048
    -200.8478550178510886      0.0013106
    -200.2448057979295584      0.0053792
    -199.6417541502320887     -0.0038056
    -199.0387000747587365     -0.0066170
    -198.4356435714761346     -0.0085242
    -197.8325846403510582     -0.0043248
    -197.2295232814833525     -0.0041392
    -196.6264594947398905     -0.0020993
    -196.0233932801539254     -0.0067222
    -195.4203246376921470     -0.0057193
    -194.8172535673546690     -0.0027777
    -194.2141800691080959     -0.0006525
    -193.6111041429524562     -0.0012382
    -193.0080257888544963      0.0021572
    -192.4049450068474698     -0.0073199
    -191.8018617968648414     -0.0030227
    -191.1987761589398360     -0.0028840
    -190.5956880930059469      0.0003797
    -189.9925975989965821     -0.0088720
    -189.3895046770781505     -0.0088098
    -188.7864093270842432     -0.0162710
    -188.1833115490814805     -0.0017794
    -187.5802113430031852     -0.0065847
    -186.9771087088494141      0.0084985
    -186.3740036465869139     -0.0027898
    -185.7708961562489378     -0.0003906
    -185.1677862378021757      0.0016171
    -184.5646738912134026     -0.0022481
    -183.9615591164493082     -0.0021552
    -183.3584419135431176     -0.0021548
    -182.7553222824949444     -0.0134300
    -182.1522002232048578     -0.0114094
    -181.5490757356728579      0.0065498
    -180.9459488199988471     -0.0076323
    -180.3428194760496694      0.0005974
    -179.7396877038918319      0.0041239
    -179.1365535034588561      0.0025926
    -178.5334168747174317     -0.0108141
    -177.9302778177007838     -0.0037941
    -177.3271363323757157      0.0005836
    -176.7239924187421991      0.0037661
    -176.1208460767668953      0.0059726
    -175.5176973064165793     -0.0032989
    -174.9145461077245329      0.0025750
    -174.3113924806574460      0.0003378
    -173.7082364251155013     -0.0053197
    -173.1050779412317695      0.0068306
    -172.5019170289064903      0.0175734
    -171.8987536881728602     -0.0046235
    -171.2955879189311190      0.0062786
    -170.6924197212810270     -0.0023640
    -170.0892490950895137     -0.0036861
    -169.4860760404563962      0.0050278
    -168.8829005572818289      0.0059320
    -168.2797226455658119     -0.0027236
    -167.6765423053083452     -0.0062118
    -167.0733595365094288     -0.0004150
    -166.4701743391358093     -0.0007790
    -165.8669867131208946      0.0037217
    -165.2637966585645017     -0.0195870
    -164.6606041754001239     -0.0067943
    -164.0574092635944226     -0.0038125
    -163.4542119231141726     -0.0076856
    -162.8510121539925990      0.0029708
    -162.2478099562297587      0.0081767
    -161.6446053297257492      0.0096539
    -161.0413982745471628     -0.0092615
    -160.4381887906607176     -0.0033176
    -159.8349768779998499     -0.0000008
    -159.2317625366311233      0.0034718
    -158.6285457664879175      0.0055217
    -158.0253265675037824      0.0079609
    -157.4221049398117316     -0.0026707
    -156.8188808832786663     -0.0036047
    -156.2156543979379251     -0.0052488
    -155.6124254837561978      0.0071958
    -155.0091941407334559      0.0190300
    -154.4059603688364177      0.0181680
    -153.8027241680318298      0.0034869
    -153.1994855383862557      0.0141426
    -152.5962444797997932     -0.0068598
    -151.9930009922725276      0.0015111
    -151.3897550758376553      0.0042530
    -150.7865067304619231      0.0118655
    -150.1832559560788241     -0.0019390
    -149.5800027526882729     -0.0015332
    -148.9767471203568903     -0.0085368
    -148.3734890589848305      0.0034486
    -147.7702285686052903     -0.0126556
    -147.1669656491851015      0.0012907
    -146.5637003006909254      0.0024401
    -145.9604325231227619     -0.0053195
    -145.3571623165138647     -0.0185224
    -144.7538896807644448      0.0078145
    -144.1506146159077559     -0.0046467
    -143.5473371219437979     -0.0042953
    -142.9440571988060071     -0.0097380
    -142.3407748465276654      0.0074934
    -141.7374900650089273      0.0056418
    -141.1342028543496383      0.0061978
    -140.5309132145164881     -0.0074677
    -139.9276211454429415      0.0021929
    -139.3243266471290269      0.0004433
    -138.7210297196079694     -0.0099555
    -138.1177303627799233      0.0009233
    -137.5144285767115093      0.0120168
    -136.9111243613361069      0.0118186
    -136.3078177166537444     -0.0018039
    -135.7045086426311116     -0.0100307
    -135.1011971393015472      0.0127300
    -134.4978832066316841      0.0017146
    -133.8945668445217621      0.0050833
    -133.2912480531048516      0.0012618
    -132.6879268322811072      0.0017874
    -132.0846031820505573     -0.0088226
    -131.4812771023798916     -0.0092454
    -130.8779485933024205      0.0018701
    -130.2746176547515233     -0.0034640
    -129.6712842867605673     -0.0093027
    -129.0679484892629318     -0.0071920
    -128.4646102622586170     -0.0085376
    -127.8612696057809046      0.0144282
    -127.2579265197299634      0.0044908
    -126.6545810041723570     -0.0155776
    -126.0512330590082257     -0.0190870
    -125.4478826843041332     -0.0214552
    -124.8445298800600938     -0.0176469
    -124.2411746461762334      0.0058288
    -123.6378169826858624      0.0028784
    -123.0344568895556847     -0.0014829
    -122.4310943668189822     -0.0142956
    -121.8277294144092053     -0.0198100
    -121.2243620322930298     -0.0188143
    -120.6209922205370617     -0.0012589
    -120.0176199790414415      0.0046192
    -119.4142453078727328      0.0022684
    -118.8108682069310760     -0.0081289
    -118.2074886762497670     -0.0203710
    -117.6041067157955098     -0.0117696
    -117.0007223255683186     -0.0252059
    -116.3973355055681793     -0.0213742
    -115.7939462557618242     -0.0058423
    -115.1905545761492391     -0.0200825
    -114.5871604666971564     -0.0187491
    -113.9837639274055476     -0.0087506
    -113.3803649582411595     -0.0160227
    -112.7769635592039918     -0.0102843
    -112.1735597302607204     -0.0021641
    -111.5701534714114018     -0.0183634
    -110.9667447826559794     -0.0284326
    -110.3633336639612281     -0.0013044
    -109.7599201152605275     -0.0035961
    -109.1565041366204838     -0.0187399
    -108.5530857280410686     -0.0119935
    -107.9496648894224506      0.0070529
    -107.3462416208311936     -0.0093319
    -106.7428159222007196     -0.0224576
    -106.1393877935310428     -0.0266618
    -105.5359572347888815     -0.0258723
    -104.9325242460074747     -0.0154855
    -104.3290888271536119     -0.0231159
    -103.7256509781606724     -0.0298867
    -103.1222106990952483     -0.0250655
    -102.5187679898574657     -0.0196232
    -101.9153228504473532     -0.0269090
    -101.3118752809647418     -0.0227959
    -100.7084252812764902     -0.0208539
    -100.1049728513826267     -0.0158345
     -99.5015179913164189     -0.0279803
     -98.8980607010445851     -0.0214335
     -98.2946009805338292     -0.0285755
     -97.6911388297508836     -0.0353490
     -97.0876742487290159     -0.0142651
     -96.4842072374349726     -0.0058977
     -95.8807377958687113     -0.0079416
     -95.2772659239636965     -0.0243469
     -94.6737916217532103     -0.0267659
     -94.0703148892372383     -0.0356887
     -93.4668357262826675     -0.0339339
     -92.8633541330558785     -0.0354496
     -92.2598701094237725     -0.0187242
     -91.6563836553863354     -0.0180642
     -91.0528947709768488     -0.0388348
     -90.4494034561287492     -0.0333469
     -89.8459097108420366     -0.0394688
     -89.2424135351167251     -0.0345719
     -88.6389149289194904     -0.0165462
     -88.0354138922503751     -0.0327149
     -87.4319104250760688     -0.0462355
     -86.8284045273965859     -0.0420872
     -86.2248961992119263     -0.0340594
     -85.6213854404222303     -0.0307841
     -85.0178722511273719     -0.0380649
     -84.4143566312607447     -0.0553394
     -83.8108385808223630     -0.0533059
     -83.2073180997789734     -0.0347006
     -82.6037951880972514     -0.0626198
     -82.0002698458437891     -0.0449502
     -81.3967420729187268     -0.0554198
     -80.7932118693220502     -0.0540032
     -80.1896792350870840     -0.0386264
     -79.5861441701472216     -0.0542090
     -78.9826066745024775     -0.0604520
     -78.3790667481528516     -0.0472691
     -77.7755243910317802     -0.0510846
     -77.1719796032058269     -0.0700189
     -76.5684323846416959     -0.0631443
     -75.9648827352728233     -0.0802455
     -75.3613306551325195     -0.0745398
     -74.7577761441874742     -0.0617071
     -74.1542192024377016     -0.0740393
     -73.5506598298166239     -0.0615383
     -72.9470980263908189     -0.0696233
     -72.3435337920937087     -0.0501978
     -71.7399671268920116     -0.0510642
     -71.1363980308190094     -0.0432999
     -70.5328265038747020     -0.0490012
     -69.9292525459259764     -0.0382582
     -69.3256761570726496     -0.0400103
     -68.7220973373147501     -0.0348862
     -68.1185160865524040     -0.0271436
     -67.5149324048189357     -0.0313473
     -66.9113462921142741     -0.0183041
     -66.3077577483719267     -0.0231415
     -65.7041667736251327     -0.0120791
     -65.1005733678406102     -0.0051535
     -64.4969775310183735      0.0043447
     -63.8933792630918447      0.0001938
     -63.2897785640943269      0.0006994
     -62.6861754340257988      0.0250665
     -62.0825698728197040      0.0334305
     -61.4789618804427533      0.0417495
     -60.8753514569947924      0.0293246
     -60.2717386023759900      0.0503743
     -59.6681233165863247      0.0622675
     -59.0645055996258108      0.0759755
     -58.4608854514278704      0.0964218
     -57.8572628720590814      0.0949271
     -57.2536378614195840      0.0872269
     -56.6500104195759562      0.1210261
     -56.0463805464616129      0.1432463
     -55.4427482420765827      0.1433876
     -54.8391135063875481      0.1566385
     -54.2354763394278123      0.1618271
     -53.6318367410642409      0.1858034
     -53.0281947114299612      0.2119286
     -52.4245502504584096      0.2343119
     -51.8209033581163041      0.2402810
     -51.2172540344036378      0.2535270
     -50.6136022793204248      0.2762958
     -50.0099480928000872      0.3178472
     -49.4062914748758999      0.3356308
     -48.8026324255145951      0.3588339
     -48.1989709447161729      0.3966633
     -47.5953070324473373      0.4240200
     -46.9916406887081024      0.4423467
     -46.3879719134651722      0.4491926
     -45.7843007066519831      0.4747601
     -45.1806270683683877      0.5130532
     -44.5769509985478223      0.5402856
     -43.9732724971902798      0.5733163
     -43.3695915642624854      0.6049364
     -42.7659081997644250      0.6163239
     -42.1622224036628310      0.6286423
     -41.5585341759244074      0.6599845
     -40.9548435165824429      0.6808327
     -40.3511504256036559      0.7011792
     -39.7474549029547575      0.7177025
     -39.1437569486690364      0.7454619
     -38.5400565626799221      0.7469121
     -37.9363537449208437      0.7542779
     -37.3326484955249498      0.7467162
     -36.7289408143923737      0.7559696
     -36.1252307015231295      0.7668141
     -35.5215181568839213      0.7458320
     -34.9178031804747420      0.7446527
     -34.3140857722956198      0.7333084
     -33.7103659322799629      0.7342023
     -33.1066436604610672      0.6998634
     -32.5029189568389256      0.7023773
     -31.8991918213469710      0.6675940
     -31.2954622539852103      0.6602043
     -30.6917302547869220      0.6334321
     -30.0879958236522569      0.6060315
     -29.4842589605812151      0.5958288
     -28.8805196656736420      0.5734665
     -28.2767779387964104      0.5423590
     -27.6730337799828021      0.5328696
     -27.0692871891995281      0.5049350
     -26.4655381664133138      0.4857888
     -25.8617867116907192      0.4566507
     -25.2580328249318953      0.4528620
     -24.6542765061368456      0.4376343
     -24.0505177553055667      0.4272227
     -23.4467565724380549      0.4191506
     -22.8429929575010355      0.4155321
     -22.2392269104945051      0.4270835
     -21.6354584313186074      0.4419921
     -21.0316875201064839      0.4522556
     -20.4279141767582786      0.4608231
     -19.8241384012739950      0.4880501
     -19.2203601936203441      0.5070571
     -18.6165795538306185      0.5741910
     -18.0127964818049620      0.6194481
     -17.4090109776099418      0.7009816
     -16.8052230412122725      0.7990216
     -16.2014326725786759      0.9019445
     -15.5976398717091467      1.0273447
     -14.9938446385704047      1.1556199
     -14.3900469731624483      1.3172023
     -13.7862468754187102      1.5064410
     -13.1824443454390394      1.7149906
     -12.5786393831235905      1.9866277
     -11.9748319884723582      2.2755623
     -11.3710221614853459      2.6276243
     -10.7672099021625503      3.0459292
     -10.1633952104374075      3.5187924
      -9.5595780863099158      4.0769930
      -8.9557585298133588      4.7530928
      -8.3519365408811677      5.5118942
      -7.7481121195133458      6.4174008
      -7.1442852656766069      7.3724394
      -6.5404559794042365      8.2840605
      -5.9366242606629491      9.1466055
      -5.3327901093528967      9.9350853
      -4.7289535256072091     10.7360620
      -4.1251145093260400     11.7009392
      -3.5212730605093872     12.8393116
      -2.9174291791572506     13.7910395
      -2.3135828652030637     14.2212601
      -1.7097341187133932     14.7209177
      -1.1058829395883887     15.9464998
      -0.5020293278946167     17.1302090
       0.1018267164344893     16.1419811
       0.7056851934654970     12.6648684
       1.3095461030652715      8.8629227
       1.9134094453669479      6.3271551
       2.5172752204370932      4.7973280
       3.1211434280760053      3.8342602
       3.7250140684833863      3.1485360
       4.3288871415926700      2.5809641
       4.9327626474704207      2.1753166
       5.5366405861166417      1.8190203
       6.1405209575313311      1.5393020
       6.7444037617144899      1.3266603
       7.3482889986661171      1.1314745
       7.9521766684527799      0.9980726
       8.5560667711410474      0.8625329
       9.1599593065977825      0.7542956
       9.7638542748895567      0.6805698
      10.3677516761494992      0.6005764
      10.9716515102444774      0.5259951
      11.5755537773076274      0.4653899
      12.1794584772058130      0.4348058
      12.7833656100721704      0.3989909
      13.3872751758401325      0.3479639
      13.9911871746428300      0.3035065
      14.5951016063471322      0.2847548
      15.1990184710861715      0.2666003
      15.8029377688599499      0.2280128
      16.4068594996018966      0.2198274
      17.0107836633785894      0.1958242
      17.6147102602565795      0.1830780
      18.2186392902358776      0.1635743
      18.8225707532499129      0.1496189
      19.4265046492986890      0.1257446
      20.0304409785153332      0.1264484
      20.6343797408332854      0.1046868
      21.2383209363191128      0.1023410
      21.8422645649062446      0.0967598
      22.4462106267278152      0.0935419
      23.0501591217172574      0.0758597
      23.6541100498745713      0.0675108
      24.2580634112663276      0.0680508
      24.8620192058259555      0.0590041
      25.4659774336865929      0.0486769
      26.0699380948482364      0.0379474
      26.6739011892443187      0.0476735
      27.2778667169414071      0.0424261
      27.8818346778729378      0.0313351
      28.4858050721720417      0.0238339
      29.0897778997721552      0.0245363
      29.6937531607398419      0.0186859
      30.2977308550751054      0.0384207
      30.9017109827779386      0.0266895
      31.5056935438483521      0.0312263
      32.1096785383529024      0.0031695
      32.7136659662250295      0.0274150
      33.3176558275978678      0.0286458
      33.9216481223382829      0.0123787
      34.5256428506459656      0.0184838
      35.1296400123877959      0.0111996
      35.7336396076303373      0.0120994
      36.3376416363070192      0.0113085
      36.9416460985509687      0.0100110
      37.5456529943622002      0.0231438
      38.1496623236741428      0.0211398
      38.7536740866199310      0.0002810
      39.3576882830664232      0.0191992
      39.9617049131467681      0.0119808
      40.5657239768609514      0.0122445
      41.1697454741424096      0.0203068
      41.7737694051242769      0.0240366
      42.3777957697399970      0.0036581
      42.9818245679895554      0.0048054
      43.5858558000060867      0.0115402
      44.1898894656564636     -0.0004781
      44.7939255650072568      0.0064163
      45.3979640980584662     -0.0039020
      46.0020050649432122     -0.0139746
      46.6060484655283744      0.0084757
      47.2100942998805095      0.0143485
      47.8141425679996246      0.0064317
      48.4181932699522903      0.0189652
      49.0222464057384926      0.0117467
      49.6263019753582455      0.0066591
      50.2303599788115491      0.0054734
      50.8344204161649529     -0.0024292
      51.4384832873519144      0.0071402
      52.0425485923724196      0.0100581
      52.6466163313596027     -0.0098423
      53.2506865042469002      0.0094949
      53.8547591111008757      0.0123228
      54.4588341518549655      0.0141205
      55.0629116265757332      0.0093291
      55.6669915352631861     -0.0047643
      56.2710738779838806      0.0033833
      56.8751586546712602      0.0071975
      57.4792458654584522     -0.0041668
      58.0833355102123221     -0.0065921
      58.6874275890660115      0.0040828
      59.2915221019529497      0.0058410
      59.8956190489397002     -0.0055261
      60.4997184299596995      0.0052976
      61.1038202451460748      0.0064206
      61.7079244944322696     -0.0060768
      62.3120311778848475     -0.0003293
      62.9161402955038085      0.0022480
      63.5202518472225890      0.0027988
      64.1243658331743092     -0.0038309
      64.7284822532924125      0.0080017
      65.3326011076434696     -0.0091745
      65.9367223962274664     -0.0010589
      66.5408461191109950     -0.0069119
      67.1449722762274632     -0.0003696
      67.7491008675768853     -0.0041145
      68.3532318932258249      0.0078869
      68.9573653531077184      0.0085520
      69.5615012473556789      0.0127181
      70.1656395759697347      0.0105782
      70.7697803388833080     -0.0057710
      71.3739235361629625     -0.0060751
      71.9780691678752760      0.0131836
      72.5822172338870928      0.0337404
      73.1863677343981465      0.0167934
      73.7905206692752671      0.0069890
      74.3946760385850325      0.0123477
      74.9988338423940490     -0.0046831
      75.6029940805691183      0.0013027
      76.2071567533099881      0.0023405
      76.8113218604835026      0.0098068
      77.4154894022228177      0.0135230
      78.0196593783947634     -0.0011877
      78.6238317891990732     -0.0097309
      79.2280066345026057     -0.0137108
      79.8321839143719103      0.0003094
      80.4363636288070154      0.0135502
      81.0405457778744562      0.0233712
      81.6447303615742754      0.0253426
      82.2489173799064304      0.0313708
      82.8531068328043716      0.0252562
      83.4572987204012264      0.0090256
      84.0614930426304454      0.0334615
      84.6656897995585922      0.0115287
      85.2698889911856526     -0.0087214
      85.8740906175782044      0.0031975
      86.4782946786030919     -0.0038804
      87.0825011744600630      0.0185352
      87.6867101050159334      0.0083922
      88.2909214704038590     -0.0000750
      88.8951352704907123      0.0148625
      89.4993515054096207      0.0040981
      90.1035701751605842      0.0227611
      90.7077912798101806      0.0157377
      91.3120148192252401      0.0060983
      91.9162407935389325      0.0039471
      92.5204692026846942     -0.0071145
      93.1247000467290604     -0.0090905
      93.7289333257386374      0.0023470
      94.3331690395802411      0.0085305
      94.9374071883870556      0.0133106
      95.5416477721590525     -0.0058351
      96.1458907908962317      0.0070459
      96.7501362445986217     -0.0068895
      97.3543841332661799     -0.0112305
      97.9586344569654983      0.0111122
      98.5628872157631406     -0.0035077
      99.1671424095259795      0.0078810
      99.7714000383205928      0.0093562
     100.3756601022135015      0.0184236
     100.9799226012047484     -0.0094968
     101.5841875352277413     -0.0086588
     102.1884549044156358     -0.0125588
     102.7927247087018543      0.0089871
     103.3969969481529603      0.0006150
     104.0012716227023901      0.0164092
     104.6055487324832853      0.0083813
     105.2098282774290681     -0.0020161
     105.8141102575397383     -0.0011052
     106.4183946729484518      0.0046372
     107.0226815235220243     -0.0020070
     107.6269708093936543      0.0025596
     108.2312625304301577      0.0068527
     108.8355566868312536     -0.0035160
     109.4398532784638292      0.0001526
     110.0441523053944053      0.0050678
     110.6484537676230246     -0.0204133
     111.2527576652162367     -0.0000368
     111.8570639981740413      0.0186400
     112.4613727664964387      0.0275947
     113.0656839701834286      0.0037507
     113.6699976092350113      0.0018537
     114.2743136837177644      0.0073629
     114.8786321936316597     -0.0000601
     115.4829531389767254     -0.0086314
     116.0872765197529475     -0.0128324
     116.6916023359603258      0.0088398
     117.2959305876654525     -0.0084693
     117.9002612748682850     -0.0128320
     118.5045943976354295      0.0021247
     119.1089299558337302     -0.0040099
     119.7132679496628924     -0.0145585
     120.3176083789897888     -0.0170572
     120.9219512438809545      0.0020706
     121.5262965443364465      0.0005707
     122.1306442804227999     -0.0063999
     122.7349944521400005     -0.0033100
     123.3393470594880625     -0.0047777
     123.9437021024004366      0.0001145
     124.5480595810102216     -0.0061044
     125.1524194953174600     -0.0119072
     125.7567818452555315      0.0027968
     126.3611466309576201      0.0080223
     126.9655138522905702      0.0096217
     127.5698835093875090     -0.0024151
     128.1742556022484507     -0.0024175
     128.7786301308734096     -0.0065698
     129.3830070952623430      0.0118927
     129.9873864954152793     -0.0125599
     130.5917683314653459     -0.0034629
     131.1961526032128234     -0.0048696
     131.8005393108574594      0.0109069
     132.4049284543326621      0.0114381
     133.0093200336384314      0.0036072
     133.6137140488413024     -0.0034417
     134.2181104999413037     -0.0038665
     134.8225093869384636      0.0107010
     135.4269107098993175      0.0035921
     136.0313144687573015      0.0017832
     136.6357206635789794      0.0050880
     137.2401292942978159      0.0039934
     137.8445403610468816      0.0050079
     138.4489538638927968     -0.0085458
     139.0533698026358707     -0.0052026
     139.6577881774091452      0.0110905
     140.2622089882127341      0.0211505
     140.8666322351131441     -0.0127435
     141.4710579180438401      0.0052460
     142.0754860370047936      0.0167328
     142.6799165921291319      0.0232863
     143.2843495833503198      0.0021106
     143.8887850107348925     -0.0006766
     144.4932228742163147      0.0009554
     145.0976631738611218      0.0187053
     145.7021059097359341      0.0073520
     146.3065510817075392      0.0093421
     146.9109986899757132      0.0155239
     147.5154487344072436      0.0101599
     148.1199012150687793      0.0019626
     148.7243561319602634     -0.0125265
     149.3288134850817528      0.0045623
     149.9332732744997259      0.0108688
     150.5377355002142679      0.0046063
     151.1422001622919140     -0.0064102
     151.7466672605995086     -0.0030963
     152.3511367952702358      0.0056266
     152.9556087663040387     -0.0024705
     153.5600831737009173      0.0060170
     154.1645600174609569      0.0039731
     154.7690392976506644      0.0108700
     155.3735210142034475      0.0077032
     155.9780051671858701     -0.0070758
     156.5824917565980172      0.0041229
     157.1869807824398038     -0.0075326
     157.7914722447778502      0.0027596
     158.3959661436121280     -0.0088639
     159.0004624788760736     -0.0083156
     159.6049612507028428      0.0002633
     160.2094624590258150     -0.0005007
     160.8139661039116390      0.0029104
     161.4184721853602014      0.0078299
     162.0229807033716440      0.0038575
     162.6274916580124170      0.0040556
     163.2320050491494214      0.0057458
     163.8365208769823766      0.0058164
     164.4410391413781269      0.0195327
     165.0455598424698280     -0.0075628
     165.6500829801908878      0.0072142
     166.2546085545413348      0.0083432
     166.8591365656542678      0.0109209
     167.4636670133965879     -0.0005265
     168.0681998979014509      0.0090888
     168.6727352191687714      0.0116430
     169.2772729771320428      0.0094214
     169.8818131718578286      0.0181728
     170.4863558034126640     -0.0106585
     171.0909008716634787     -0.0008613
     171.6954483768099067      0.0121125
     172.2999983187188491      0.0049571
     172.9045506974568696     -0.0145302
     173.5091055130239681      0.0137272
     174.1136627654866800      0.0059048
     174.7182224548450620     -0.0110369
     175.3227845810990857     -0.0146435
     175.9273491442487227     -0.0053241
     176.5319161442940299      0.0172902
     177.1364855813015424     -0.0034964
     177.7410574552712603      0.0034789
     178.3456317661366199      0.0042045
     178.9502085140973122     -0.0063626
     179.5547876990202099     -0.0026268
     180.1593693209053413      0.0076690
     180.7639533798192417      0.0038967
     181.3685398758284464      0.0004607
     181.9731288087998848     -0.0034679
     182.5777201789332480     -0.0012206
     183.1823139860954086     -0.0108755
     183.7869102303528734     -0.0063599
     184.3915089117722630      0.0033944
     184.9961100302869852      0.0091621
     185.6007135859636321      0.0121857
     186.2053195787355833      0.0069080
     186.8099280088026433      0.0114047
     187.4145388759650075     -0.0092088
     188.0191521803558601     -0.0073237
     188.6237679219751726      0.0017347
     189.2283861007564099     -0.0085046
     189.8330067168326991      0.0028010
     190.4376297702040119      0.0179936
     191.0422552608038131     -0.0042218
     191.6468831886986663     -0.0083455
     192.2515135538885716     -0.0039796
     192.8561463564400924     -0.0133842
     193.4607815962866368     -0.0141651
     194.0654192734947969      0.0063947
     194.6700593881311363      0.0100481
     195.2747019401290913     -0.0135174
     195.8793469294221268      0.0112256
     196.4839943562098483      0.0034057
     197.0886442203592139      0.0090881
     197.6932965220033225     -0.0087651
     198.2979512610756103     -0.0053236
     198.9026084375761059     -0.0141522
     199.5072680516378512      0.0127618
     200.1119301031278326      0.0144348
     200.7165945921791206      0.0031292
     201.3212615187251231      0.0003932
     201.9259308828324606      0.0058281
     202.5306026845011331     -0.0158557
     203.1352769237311122     -0.0083282
     203.7399536005223979      0.0060616
     204.3446327149415538     -0.0007813
     204.9493142669886083     -0.0093807
     205.5539982565969410     -0.0016200
     206.1586846838997644     -0.0041210
     206.7633735488970217     -0.0012232
     207.3680648515221492     -0.0100900
     207.9727585917751753     -0.0001452
     208.5774547698557626      0.0049483
     209.1821533855642770     -0.0076936
     209.7868544390337888      0.0214733
     210.3915579302642982     -0.0019843
     210.9962638592558335      0.0040866
     211.6009722260083663      0.0211506
     212.2056830305885171     -0.0006778
     212.8103962729296654      0.0076427
     213.4151119530983749     -0.0058247
     214.0198300710947024     -0.0034003
     214.6245506269851830      0.0087764
     215.2292736207032249      0.0094545
     215.8339990523154484      0.0024872
     216.4387269218217966     -0.0105636
     217.0434572292223265      0.0009717
     217.6481899745169528     -0.0012537
     218.2529251578389164     -0.0027742
     218.8576627791215685     -0.0134590
     219.4624028382983738     -0.0032214
     220.0671453354358960     -0.0001896
     220.6718902706672623     -0.0048981
     221.2766376438593738      0.0066388
     221.8813874550787659      0.0118919
     222.4861397043254385      0.0147855
     223.0908943915993916      0.0077030
     223.6956515170337809     -0.0012896
     224.3004110804954223     -0.0110675
     224.9051730820509647     -0.0044706
     225.5099375217668580      0.0131460
     226.1147043995766808      0.0118640
     226.7194737156134465      0.0190927
     227.3242454697440564      0.0106221
     227.9290196620351026      0.0026165
     228.5337962924865849     -0.0006724
     229.1385753612316023      0.0013565
     229.7433568681370559     -0.0075857
     230.3481408132694810      0.0033561
     230.9529271966954695     -0.0068415
     231.5577160183484295      0.0010381
     232.1625072782949530      0.0056054
     232.7673009764684480      0.0041148
     233.3720971130020985     -0.0207031
     233.9768956878958477      0.0011351
     234.5816967010831604      0.0167454
     235.1865001526971639     -0.0003375
     235.7913060426047309     -0.0060733
     236.3961143709389603     -0.0211346
     237.0009251376333452     -0.0120026
     237.6057383426878289     -0.0050355
     238.2105539862355670     -0.0011213
     238.8153720682100243     -0.0135939
     239.4201925886111155     -0.0005221
     240.0250155475054896      0.0026129
     240.6298409448931466     -0.0004055
     241.2346687807740295      0.0009467
     241.8394990552147590      0.0102638
     242.4443317680821508     -0.0116969
     243.0491669196425448     -0.0055005
     243.6540045096295728      0.0020057
     244.2588445382430109      0.0025629
     244.8636870054162955     -0.0028058
     245.4685319112159618      0.0071245
     246.0733792556420099     -0.0027844
     246.6782290386944396     -0.0216428
     247.2830812603732795      0.0012020
     247.8879359206785296     -0.0064967
     248.4927930197432602      0.0060057
     249.0976525574344009      0.0046157
     249.7025145338184871     -0.0104142
     250.3073789489621106     -0.0061873
     250.9122458029318352      0.0029608
     251.5171150955279700      0.0100803
     252.1219868269501490     -0.0020481
     252.7268609970653301      0.0054149
     253.3317376060731192      0.0107804
     253.9366166538404741     -0.0004495
     254.5414981404339301     -0.0134659
     255.1463820658534587      0.0044577
     255.7512684301656520      0.0161563
     256.3561572333039180      0.0041439
     256.9610484753349056     -0.0104427
     257.5659421562584726     -0.0057019
     258.1708382761412963     -0.0055799
     258.7757368349168132      0.0002852
     259.3806378326515301     -0.0058572
     259.9855412693455037      0.0042615
     260.5904471449986772      0.0072103
     261.1953554596110507      0.0012936
     261.8002662132492446     -0.0134533
     262.4051794059132590      0.0049199
     263.0100950375364732     -0.0018313
     263.6150131083186352      0.0085276
     264.2199336180599971     -0.0001138
     264.8248565668937431      0.0015908
     265.4297819548864368     -0.0023951
     266.0347097819048940      0.0015740
     266.6396400480822990      0.0007821
     267.2445727534186517      0.0011813
     267.8495078979138384     -0.0144755
     268.4544454815015229     -0.0123629
     269.0593855043146050     -0.0154408
     269.6643279662866348     -0.0214467
     270.2692728674841760      0.0003917
     270.8742202079072854      0.0069341
     271.4791699875557924      0.0117472
     272.0841222064297540     -0.0005057
     272.6890768645958474     -0.0066825
     273.2940339620540726     -0.0110750
     273.8989934988042592     -0.0034916
     274.5039554748465775      0.0050669
     275.1089198902474777      0.0027153
     275.7138867450070165     -0.0055274
     276.3188560390586304     -0.0029580
     276.9238277725354465     -0.0000497
     277.5288019453709012     -0.0161388
     278.1337785575649946      0.0148096
     278.7387576091842334      0.0215652
     279.3437391002952950      0.0191248
     279.9487230307649384      0.0150419
     280.5537094007929682     -0.0039090
     281.1586982102461434     -0.0018293
     281.7636894591245778      0.0026301
     282.3686831475613417      0.0090772
     282.9736792755564352      0.0011160
     283.5786778430432378      0.0053152
     284.1836788500883699      0.0081532
     284.7886822966918885      0.0073527
     285.3936881828537366     -0.0100214
     285.9986965086404780     -0.0125226
     286.6037072739855489     -0.0014795
     287.2087204789554562      0.0169530
     287.8137361236169340      0.0028044
     288.4187542078366846     -0.0072115
     289.0237747318145125     -0.0153488
     289.6287976954171768     -0.0056307
     290.2338230987113548     -0.0022183
     290.8388509417636101     -0.0115549
     291.4438812245072654     -0.0051051
     292.0489139470089981     -0.0145892
     292.6539491092021876     -0.0048233
     293.2589867112199613     -0.0028585
     293.8640267529958123     -0.0083068
     294.4690692345961907     -0.0073342
     295.0741141560212100      0.0063399
     295.6791615172042498      0.0203355
     296.2842113182784942     -0.0061626
     296.8892635591773228     -0.0028000
     297.4943182399673560      0.0001546
     298.0993753606484802     -0.0021032
     298.7044349212208090      0.0109274
     299.3094969217509629     -0.0033985
     299.9145613621722077     -0.0023527
     300.5196282425511640     -0.0041714
     301.1246975628878317      0.0006625
     301.7297693231823246      0.0024332
     302.3348435235010925      0.0136231
     302.9399201637775718      0.0111200
     303.5449992440784399      0.0121149
     304.1500807644700899     -0.0116427
     304.7551647248194513     -0.0114341
     305.3602511253263287      0.0061581
     305.9653399658574813     -0.0029334
     306.5704312464795294      0.0068261
     307.1755249672589798      0.0034174
     307.7806211281293258      0.0069602
     308.3857197290905106     -0.0003338
     308.9908207702757750     -0.0078068
     309.5959242515518781      0.0094157
     310.2010301730519473      0.0048942
     310.8061385347760393      0.0175114
     311.4112493366575904     -0.0044562
     312.0163625787631076     -0.0036499
     312.6214782611592682      0.0054575
     313.2265963837793947     -0.0130430
     313.8317169466900509      0.0030191
     314.4368399498247868      0.0034611
     315.0419653933831796      0.0001697
     315.6470932771655953     -0.0011951
     316.2522236013051611     -0.0011309
     316.8573563657353134     -0.0004816
     317.4624915705891226     -0.0059495
     318.0676292158001388     -0.0038972
     318.6727693013682483     -0.0206197
     319.2779118273601284     -0.0130680
     319.8830567937756655      0.0031953
     320.4882042005482958     -0.0133959
     321.0933540478778241      0.0008618
     321.6985063356310661      0.0024522
     322.3036610638080219     -0.0045203
     322.9088182326083825      0.0052885
     323.5139778418324568     -0.0031405
     324.1191398915467516     -0.0152243
     324.7243043818179444     -0.0016865
     325.3294713126459214     -0.0133066
     325.9346406840308532     -0.0060923
     326.5398124959725124     -0.0132395
     327.1449867485376330     -0.0275977
     327.7501634417261585     -0.0084861
     328.3553425755380886      0.0154433
     328.9605241499734234     -0.0165141
     329.5657081650322198     -0.0085737
     330.1708946208474913     -0.0057178
     330.7760835172862244     -0.0039414
     331.3812748544814326      0.0060860
     331.9864686323001592     -0.0011779
     332.5916648508753042     -0.0104908
     333.1968635102070948     -0.0029814
     333.8020646102954174     -0.0030394
     334.4072681511402720      0.0023720
     335.0124741327416018      0.0017070
     335.6176825552326477     -0.0032518
     336.2228934184802824     -0.0102462
     336.8281067225510697     -0.0032401
     337.4333224674448957      0.0050528
     338.0385406532949446      0.0018326
     338.6437612799015255     -0.0090789
     339.2489843475310067     -0.0151306
     339.8542098559835836     -0.0019272
     340.4594378053923833      0.0080673
     341.0646681956908424      0.0059909
     341.6699010269455812      0.0131320
     342.2751362991565429      0.0076460
     342.8803740123903481     -0.0005900
     343.4856141665803761     -0.0002305
     344.0908567617931908     -0.0078267
     344.6961017980288489     -0.0108256
     345.3013492752873503     -0.0197023
     345.9065991936352020     -0.0167509
     346.5118515530058403     -0.0089087
     347.1171063535324492      0.0027516
     347.7223635950819016      0.0040359
     348.3276232777207042      0.0084810
     348.9328854015820411      0.0047660
     349.5381499664661646      0.0057693
     350.1434169725728793      0.0047725
     350.7486864198355079     -0.0014741
     351.3539583083206139     -0.0148489
     351.9592326379616907      0.0105606
     352.5645094088252449      0.0051033
     353.1697886209113904     -0.0119068
     353.7750702742865769     -0.0100076
     354.3803543688842410     -0.0014715
     354.9856409047710599     -0.0018033
     355.5909298819468631      0.0115054
     356.1962213004118780     -0.0016386
     356.8015151602324408      0.0067321
     357.4068114613421017      0.0112089
     358.0121102038074810      0.0037095
     358.6174113876284082     -0.0070153
     359.2227150128716744      0.0091554
     359.8280210794705454     -0.0169423
     360.4333295874249643     -0.0048574
     361.0386405368682858     -0.0119511
     361.6439539277337758     -0.0162148
     362.2492697600880547      0.0000138
     362.8545880338645588     -0.0052431
     363.4599087491298519     -0.0098726
     364.0652319058839339     -0.0081651
     364.6705575041933685     -0.0124186
     365.2758855439915919     -0.0027328
     365.8812160252786043     -0.0048670
     366.4865489481874761     -0.0094892
     367.0918843126517572      0.0004412
     367.6972221186713909      0.0072978
     368.3025623663129409     -0.0058115
     368.9079050555764070     -0.0113159
     369.5132501864617893      0.0015935
     370.1185977589691447     -0.0077386
     370.7239477731649231     -0.0099912
     371.3293002290491813      0.0011837
     371.9346551265553558      0.0073733
     372.5400124658166305      0.0133145
     373.1453722467663283      0.0009771
     373.7507344694711264     -0.0035533
     374.3560991339309680     -0.0000644
     374.9614662401459100      0.0095181
     375.5668357881158386     -0.0090198
     376.1722077778408675     -0.0087493
     376.7775822094540104      0.0019138
     377.3829590828222535     -0.0130211
     377.9883383980787244     -0.0064595
     378.5937201551568023     -0.0066766
     379.1991043541229942     -0.0238916
     379.8044909949109069      0.0006296
     380.4098800776534972     -0.0029851
     381.0152716022843151     -0.0111135
     381.6206655688033038     -0.0042390
     382.2260619773437043     -0.0196585
     382.8314608277721618     -0.0142402
     383.4368621201554674      0.0055172
     384.0422658545600711      0.0071961
     384.6476720309194093      0.0181496
     385.2530806493666660      0.0012214
     385.8584917097686571      0.0125098
     386.4639052122585099      0.0030908
     387.0693211567697745      0.0174724
     387.6747395434354075      0.0275494
     388.2801603721223955      0.0088809
     388.8855836428972452      0.0039523
     389.4910093558265771      0.0094308
     390.0964375108438276     -0.0090152
     390.7018681080155602     -0.0058712
     391.3073011473416614      0.0130553
     391.9127366288888652      0.0001457
     392.5181745525904944     -0.0134583
     393.1236149184465489     -0.0063439
     393.7290577265902698     -0.0195413
     394.3345029769549797     -0.0160715
     394.9399506696072422      0.0084964
     395.5454008044806073     -0.0060065
     396.1508533816415252      0.0132822
     396.7563084010900525      0.0076947
     397.3617658628261324      0.0116169
     397.9672257669163287     -0.0122532
     398.5726881133607549      0.0015050
     399.1781529020927906     -0.0124838
     399.7836201332455630     -0.0038495
     400.3890898067524518     -0.0025880
     400.9945619226800773      0.0352809
     401.6000364810284395      0.0255579
     402.2055134817309181      0.0399653
     402.8109929249207539      0.0310548
     403.4164748106644538      0.0169609
     404.0219591387622700      0.0001042
     404.6274459093473865     -0.0034316
     405.2329351224863672      0.0080191
     405.8384267780460846      0.0085060
     406.4439208762262297     -0.0157881
     407.0494174168936183     -0.0142250
     407.6549164001815484      0.0069780
     408.2604178260232288     -0.0032103
     408.8659216944188302     -0.0105782
     409.4714280054348592     -0.0124513
     410.0769367590713159      0.0019781
     410.6824479553282004     -0.0198718
     411.2879615942720761     -0.0067486
     411.8934776759029432      0.0005856
     412.4989962001542381      0.0006083
     413.1045171670925242      0.0002565
     413.7100405767178017      0.0064748
     414.3155664290966911      0.0055225
     414.9210947242290786      0.0044902
     415.5266254621150210     -0.0093865
     416.1321586427545753      0.0101852
     416.7376942661477415      0.0080114
     417.3432323323609126     -0.0030780
     417.9487728413943728      0.0039130
     418.5543157932478380     -0.0132100
     419.1598611879214786     -0.0096920
     419.7654090254818016     -0.0086158
     420.3709593059288636      0.0025119
     420.9765120291959875      0.0049099
     421.5820671954164141      0.0125520
     422.1876248045235229      0.0101505
     422.7931848565173709     -0.0027836
     423.3987473515309716     -0.0025456
     424.0043122894313683     -0.0120996
     424.6098796703515177     -0.0112720
     425.2154494942249698      0.0014508
     425.8210217611848520      0.0062352
     426.4265964710979802      0.0019079
     427.0321736240309178     -0.0010743
     427.6377532200502287      0.0128449
     428.2433352591560265     -0.0031944
     428.8489197412815770     -0.0077484
     429.4545066664935575      0.0073376
     430.0600960348584749      0.0139624
     430.6656878463098792      0.0022849
     431.2712821009141635     -0.0113558
     431.8768787986048778      0.0092462
     432.4824779395151495     -0.0019155
     433.0880795236449217     -0.0118803
     433.6936835509276875      0.0103639
     434.2992900213633902     -0.0076061
     434.9048989350852139     -0.0154116
     435.5105102920931586     -0.0053305
     436.1161240923206037     -0.0071637
     436.7217403357676062      0.0067812
     437.3273590225672933     -0.0005830
     437.9329801525864809      0.0073727
     438.5386037259582963      0.0029661
     439.1442297426829100      0.0068442
     439.7498582027600946      0.0179940
     440.3554891061234002      0.0111106
     440.9611224529058973      0.0130713
     441.5667582430411926     -0.0011382
     442.1723964766621862     -0.0042077
     442.7780371536358643      0.0032045
     443.3836802740953544      0.0065387
     443.9893258379074723      0.0139796
     444.5949738452720226     -0.0063891
     445.2006242960558211      0.0096513
     445.8062771903253747      0.0012561
     446.4119325280807402      0.0028682
     447.0175903094550449     -0.0023908
     447.6232505342485979     -0.0098845
     448.2289132026610901      0.0095187
     448.8345783146259578     -0.0032361
     449.4402458701432010     -0.0014586
     450.0459158692793835     -0.0080997
     450.6515883120345052      0.0016967
     451.2572631984085092      0.0085718
     451.8629405284680729      0.0088620
     452.4686203020800122      0.0127347
     453.0743025194439610      0.0046345
     453.6799871804269628      0.0018402
     454.2856742851619742     -0.0112928
     454.8913638335824317     -0.0011495
     455.4970558256884487     -0.0066968
     456.1027502616130960     -0.0010436
     456.7084471412233029      0.0111657
     457.3141464646520831     -0.0019330
     457.9198482318329866      0.0047518
     458.5255524428325202      0.0135442
     459.1312590976506272      0.0198105
     459.7369681963540415      0.0186037
     460.3426797388760860      0.0133732
     460.9483937252167038     -0.0011149
     461.5541101554425722      0.0232051
     462.1598290295536344      0.0186621
     462.7655503476164540      0.0015248
     463.3712741095644674     -0.0056869
     463.9770003153977314      0.0123979
     464.5827289652493164      0.0121529
     465.1884600590527157      0.0025144
     465.7941935968078724      0.0079539
     466.3999295785813501      0.0019626
     467.0056680043732058     -0.0025078
     467.6114088741833825     -0.0006981
     468.2171521880118803      0.0098698
     468.8228979459253196      0.0129126
     469.4286461478570800      0.0046191
     470.0343967938737251      0.0059181
     470.6401498840419322      0.0081218
     471.2459054182949671      0.0121451
     471.8516633966329437      0.0088131
     472.4574238191889322      0.0234246
     473.0631866858298622      0.0219944
     473.6689519966888611      0.0140138
     474.2747197516993083     -0.0032164
     474.8804899509277675      0.0225884
     475.4862625943742955      0.0062630
     476.0920376821055129      0.0047319
     476.6978152139880649      0.0020682
     477.3035951901553062      0.0126840
     477.9093776106071800      0.0268709
     478.5151624753436295      0.0127935
     479.1209497844312750      0.0109818
     479.7267395377369326      0.0030866
     480.3325317354604067      0.0075068
     480.9383263775350201     -0.0013691
     481.5441234638942092      0.0181474
     482.1499229946711580     -0.0033709
     482.7557249698658666      0.0055027
     483.3615293894783349      0.0124400
     483.9673362535085062      0.0195012
     484.5731455619564940      0.0219704
     485.1789573148887484      0.0151373
     485.7847715122387626      0.0211208
     486.3905881540730434      0.0078595
     486.9964072403917044      0.0245442
     487.6022287712612524      0.0214458
     488.2080527466816307      0.0093210
     488.8138791665863323      0.0105831
