Scan:     22 RXSJ011848.2+383 2015-10-21 +02 22 53.0
         OPTICAL                 Tb    
        km/s-LSR                 XX
    -522.5164220905132879     -0.0091761
    -521.9146825123488043     -0.0069947
    -521.3129405142965425      0.0136380
    -520.7111960964565469      0.0086525
    -520.1094492587620834      0.0006449
    -519.5077000011798418     -0.0013465
    -518.9059483237100494      0.0062935
    -518.3041942263191686      0.0022536
    -517.7024377090406233      0.0011230
    -517.1006787718077931     -0.0066185
    -516.4989174146539881     -0.0028843
    -515.8971536374793914      0.0028973
    -515.2953874403838199     -0.0147134
    -514.6936188232673430     -0.0121462
    -514.0918477861633846      0.0016073
    -513.4900743290052105     -0.0034665
    -512.8882984518595549      0.0203309
    -512.2865201546597973     -0.0040617
    -511.6847394373726843     -0.0004075
    -511.0829562999981022     -0.0150910
    -510.4811707425361647      0.0126941
    -509.8793827650200683     -0.0048975
    -509.2775923673500529      0.0093174
    -508.6757995495260047     -0.0027660
    -508.0740043115147841     -0.0094660
    -507.4722066534161513     -0.0094206
    -506.8704065750969221     -0.0035120
    -506.2686040765905204      0.0047467
    -505.6667991578302690      0.0249837
    -505.0649918189160417      0.0068492
    -504.4631820597479646      0.0006853
    -503.8613698802928411     -0.0095046
    -503.2595552805506145      0.0027790
    -502.6577382605878483      0.0022148
    -502.0559188203046688      0.0107127
    -501.4540969597344429     -0.0138354
    -500.8522726788104933     -0.0192833
    -500.2504459774996235      0.0005393
    -499.6486168559016505      0.0075244
    -499.0467853139167573      0.0026095
    -498.4449513515448871     -0.0084929
    -497.8431149687194761     -0.0117386
    -497.2412761655404552     -0.0000884
    -496.6394349419410901     -0.0044018
    -496.0375912978882980      0.0119376
    -495.4357452333154015      0.0242914
    -494.8338967483222177      0.0096980
    -494.2320458428756069     -0.0090903
    -493.6301925168755815     -0.0174897
    -493.0283367703887620     -0.0086253
    -492.4264786033152745      0.0039699
    -491.8246180157549929      0.0186298
    -491.2227550076413536     -0.0102492
    -490.6208895789409894     -0.0140709
    -490.0190217295874504     -0.0142342
    -489.4171514596805537     -0.0080653
    -488.8152787691870458      0.0137948
    -488.2134036580402494     -0.0055678
    -487.6115261261736578      0.0009327
    -487.0096461737204550      0.0004488
    -486.4077638005807671     -0.0143414
    -485.8058790067545374     -0.0083034
    -485.2039917922418226     -0.0052107
    -484.6021021569094387     -0.0095819
    -484.0002101009238231     -0.0123067
    -483.3983156241852157     -0.0096090
    -482.7964187266935028     -0.0011360
    -482.1945194083488104     -0.0130938
    -481.5926176692843228     -0.0087405
    -480.9907135093670263     -0.0200818
    -480.3888069286632572     -0.0063364
    -479.7868979270733689     -0.0034964
    -479.1849865046637547     -0.0024003
    -478.5830726614012747     -0.0062268
    -477.9811563972526187      0.0176143
    -477.3792377122177299     -0.0002953
    -476.7773166061967345     -0.0097598
    -476.1753930793228733      0.0070210
    -475.5734671314962156     -0.0065641
    -474.9715387627168184      0.0034379
    -474.3696079729180042     -0.0100299
    -473.7676747621997606     -0.0054578
    -473.1657391304621569      0.0130389
    -472.5638010777052500      0.0225158
    -471.9618606038956727      0.0096787
    -471.3599177091000456      0.0121500
    -470.7579723932185516      0.0080226
    -470.1560246562843872     -0.0063010
    -469.5540744981977355      0.0007438
    -468.9521219190917805      0.0060058
    -468.3501669188333381     -0.0068892
    -467.7482094974556617     -0.0140001
    -467.1462496549588650     -0.0036816
    -466.5442873912097070     -0.0005433
    -465.9423227063746253      0.0054185
    -465.3403556003205495     -0.0050698
    -464.7383860730806759      0.0046011
    -464.1364141245884980     -0.0032225
    -463.5344397548772122      0.0092658
    -462.9324629639469890      0.0047956
    -462.3304837517643477     -0.0148055
    -461.7285021182295850     -0.0044905
    -461.1265180634757712      0.0029032
    -460.5245315874030325      0.0009525
    -459.9225426900114257      0.0095862
    -459.3205513712676407     -0.0035016
    -458.7185576311384239      0.0013366
    -458.1165614697235355      0.0052783
    -457.5145628868899621     -0.0071322
    -456.9125618826708433     -0.0127703
    -456.3105584570330961     -0.0001719
    -455.7085526099764934      0.0143027
    -455.1065443415012055      0.0209052
    -454.5045336515738654      0.0069630
    -453.9025205401279663      0.0213049
    -453.3005050072632685      0.0057807
    -452.6984870528800684      0.0103006
    -452.0964666770114491      0.0030981
    -451.4944438796243276      0.0066420
    -450.8924186606186595      0.0014377
    -450.2903910201277426      0.0079708
    -449.6883609580516463      0.0187849
    -449.0863284744236807      0.0217209
    -448.4842935691106618      0.0161780
    -447.8822562422791407      0.0051622
    -447.2802164937958196      0.0040292
    -446.6781743236608122      0.0102304
    -446.0761297318407514     -0.0030533
    -445.4740827183688907      0.0026070
    -444.8720332832454005      0.0141530
    -444.2699814264036036      0.0142426
    -443.6679271478434998      0.0152630
    -443.0658704475318359      0.0150149
    -442.4638113255018084      0.0062436
    -441.8617497817202775      0.0145937
    -441.2596858161871296      0.0074885
    -440.6576194287692374      0.0171700
    -440.0555506196330384      0.0115009
    -439.4534793886787156      0.0020515
    -438.8514057359063258      0.0073683
    -438.2493296612158247      0.0116016
    -437.6472511647072565      0.0130128
    -437.0451702463471975      0.0170823
    -436.4430869060691407     -0.0077370
    -435.8410011438731431     -0.0038979
    -435.2389129597923443      0.0104811
    -434.6368223537602944      0.0051740
    -434.0347293258102468      0.0000336
    -433.4326338758756947     -0.0111318
    -432.8305360039232141     -0.0008962
    -432.2284357100194825     -0.0006084
    -431.6263329940978792     -0.0117482
    -431.0242278561917715     -0.0141526
    -430.4221202961679182      0.0017796
    -429.8200103141595037     -0.0033946
    -429.2178979100999641     -0.0051959
    -428.6157830839226790      0.0028729
    -428.0136658356277053      0.0011766
    -427.4115461652816066     -0.0012868
    -426.8094240727845659      0.0042724
    -426.2072995581697796      0.0226889
    -425.6051726214039945     -0.0053850
    -425.0030432624207037     -0.0037965
    -424.4009114812864141     -0.0098283
    -423.7987772779678153     -0.0055133
    -423.1966406524317108     -0.0056525
    -422.5945016046114802      0.0031489
    -421.9923601346402506      0.0110010
    -421.3902162423848949      0.0093409
    -420.7880699278454131      0.0073949
    -420.1859211909885516      0.0136860
    -419.5837700318808743     -0.0086056
    -418.9816164504890139     -0.0013782
    -418.3794604467132672      0.0109026
    -417.7773020206533374      0.0071995
    -417.1751411721429008     -0.0020990
    -416.5729779013150278      0.0081646
    -415.9708122081364650      0.0127834
    -415.3686440925074521      0.0056533
    -414.7664735544278187     -0.0072276
    -414.1643005939975524      0.0089277
    -413.5621252110834121      0.0048659
    -412.9599474057187081      0.0035297
    -412.3577671778369904      0.0069184
    -411.7555845275379056      0.0076400
    -411.1533994547218072      0.0013240
    -410.5512119593552711     -0.0019371
    -409.9490220415049748      0.0002572
    -409.3468297010043671      0.0040822
    -408.7446349380199422      0.0000372
    -408.1424377524851934      0.0097738
    -407.5402381443335003      0.0207052
    -406.9380361134981854      0.0143382
    -406.3358316601458569     -0.0059587
    -405.7336247841099635      0.0084668
    -405.1314154854571257      0.0196478
    -404.5292037640874128      0.0252019
    -403.9269896200675021      0.0124884
    -403.3247730533641402     -0.0080966
    -402.7225540639771566     -0.0086465
    -402.1203326517735945     -0.0025212
    -401.5181088169197210     -0.0036077
    -400.9158825592825224      0.0067988
    -400.3136538788951952      0.0109314
    -399.7114227757578533      0.0015590
    -399.1091892497371987     -0.0132419
    -398.5069533009664724     -0.0001908
    -397.9047149293458006      0.0048152
    -397.3024741349085502     -0.0010168
    -396.7002309175546770      0.0069337
    -396.0979852774175356      0.0077486
    -395.4957372143638281     -0.0048894
    -394.8934867284268648     -0.0036737
    -394.2912338195068855      0.0114254
    -393.6889784877036504      0.0143655
    -393.0867207329839061      0.0106853
    -392.4844605553143992     -0.0025387
    -391.8821979546618195     -0.0000194
    -391.2799329309595464      0.0023464
    -390.6776654843075107      0.0091909
    -390.0753956146724022      0.0029891
    -389.4731233219876572     -0.0056941
    -388.8708486061866552      0.0100968
    -388.2685714674026372      0.0144693
    -387.6662919055356156      0.0105194
    -387.0640099205857041      0.0022159
    -386.4617255124862822     -0.0003304
    -385.8594386813039705      0.0156349
    -385.2571494270054586      0.0038717
    -384.6548577495574364      0.0074116
    -384.0525636489265935      0.0098401
    -383.4502671250797334      0.0092298
    -382.8479681781166732     -0.0022487
    -382.2456668079375390      0.0015433
    -381.6433630145090206      0.0045492
    -381.0410567978311747     -0.0009831
    -380.4387481579373116      0.0180821
    -379.8364370947941211      0.0090250
    -379.2341236083682361     -0.0012783
    -378.6318076985932066      0.0125978
    -378.0294893655354826      0.0069611
    -377.4271686091951779     -0.0103832
    -376.8248454295056149     -0.0006299
    -376.2225198264669075      0.0039832
    -375.6201917999791249     -0.0069048
    -375.0178613502087615     -0.0028710
    -374.4155284770225762      0.0054959
    -373.8131931804206829      0.0070167
    -373.2108554603364041      0.0149752
    -372.6085153169029809      0.0223049
    -372.0061727499872291      0.0033883
    -371.4038277595891486      0.0039158
    -370.8014803456754294      0.0114017
    -370.1991305083125781      0.0088083
    -369.5967782474342584      0.0113803
    -368.9944235630402432      0.0044645
    -368.3920664550973356     -0.0124065
    -367.7897069235389722      0.0001045
    -367.1873449684650268      0.0005488
    -366.5849805898088789      0.0177840
    -365.9826137875372751      0.0145415
    -365.3802445616168484      0.0149979
    -364.7778729121143328     -0.0026969
    -364.1754988389630512      0.0047815
    -363.5731223421630034     -0.0107862
    -362.9707434216475690     -0.0027449
    -362.3683620774834822     -0.0009411
    -361.7659783096040655      0.0073568
    -361.1635921180092623      0.0097080
    -360.5612035026659896     -0.0037315
    -359.9588124635740201     -0.0046589
    -359.3564190007667776     -0.0229854
    -358.7540231141442746      0.0032794
    -358.1516248037732453      0.0172411
    -357.5492240695205055      0.0186269
    -356.9468209115191257      0.0039949
    -356.3444153296360355     -0.0032821
    -355.7420073239377984     -0.0018401
    -355.1395968943244839     -0.0153938
    -354.5371840408960225     -0.0109676
    -353.9347687635525403      0.0059667
    -353.3323510623273478     -0.0193842
    -352.7299309371205140     -0.0054302
    -352.1275083879987164      0.0109766
    -351.5250834149618981      0.0076033
    -350.9226560179434387     -0.0105062
    -350.3202261969435085     -0.0031981
    -349.7177939518953167      0.0072426
    -349.1153592828989076      0.0163296
    -348.5129221898542369      0.0012737
    -347.9104826727947852     -0.0134304
    -347.3080407316205651      0.0032574
    -346.7055963664315072      0.0094031
    -346.1031495771609912      0.0000183
    -345.5007003638090737     -0.0102234
    -344.8982487262758809     -0.0076472
    -344.2957946646611731     -0.0202394
    -343.6933381788985002     -0.0098610
    -343.0908792690211158      0.0037417
    -342.4884179349291458     -0.0144798
    -341.8859541766225902      0.0071570
    -341.2834879941680697     -0.0006172
    -340.6810193874656534     -0.0112073
    -340.0785483565820186      0.0095669
    -339.4760749013838677      0.0047273
    -338.8735990219712448      0.0063329
    -338.2711207182774729      0.0132079
    -337.6686399903024949      0.0087581
    -337.0661568379798609     -0.0029802
    -336.4636712614093312     -0.0120191
    -335.8611832604911456     -0.0123442
    -335.2586928352251903     -0.0093693
    -334.6561999855783256      0.0152859
    -334.0537047115170708      0.0009472
    -333.4512070131414703      0.0101519
    -332.8487068903515933     -0.0034723
    -332.2462043431141865      0.0107343
    -331.6436993714291930     -0.0022803
    -331.0411919753299230     -0.0017407
    -330.4386821547498130     -0.0016154
    -329.8361699097221731      0.0021051
    -329.2336552401137624     -0.0022998
    -328.6311381460911889      0.0016439
    -328.0286186275211548      0.0093756
    -327.4260966844037171      0.0145832
    -326.8235723167056221     -0.0039062
    -326.2210455244933200     -0.0012569
    -325.6185163077003608      0.0107628
    -325.0159846662934910     -0.0009930
    -324.4134506003058505      0.0102016
    -323.8109141096376788      0.0059212
    -323.2083751943555399      0.0014323
    -322.6058338544261801      0.0116546
    -322.0032900898495427      0.0043734
    -321.4007439005258107     -0.0019613
    -320.7981952865547441      0.0160820
    -320.1956442478698932      0.0139893
    -319.5930907844712578      0.0037980
    -318.9905348962589073      0.0187994
    -318.3879765833660258      0.0035637
    -317.7854158456927394     -0.0005833
    -317.1828526832391049     -0.0031145
    -316.5802870959716984     -0.0003523
    -315.9777190838241268      0.0038431
    -315.3751486469294036      0.0022884
    -314.7725757851877688      0.0073318
    -314.1700004985658552     -0.0030781
    -313.5674227870304094     -0.0017066
    -312.9648426506813053      0.0208345
    -312.3622600893853587      0.0201697
    -311.7596751032091902      0.0254583
    -311.1570876920529258      0.0189845
    -310.5544978559831293      0.0174207
    -309.9519055949332369     -0.0016440
    -309.3493109089366158     -0.0113754
    -308.7467137979597851     -0.0027269
    -308.1441142619030416      0.0148726
    -307.5415123008662022      0.0094636
    -306.9389079148160135     -0.0003113
    -306.3363011037191654      0.0121356
    -305.7336918675090374      0.0388119
    -305.1310802062523067      0.0036808
    -304.5284661199155494      0.0114753
    -303.9258496084989360      0.0187691
    -303.3232306718691689      0.0012165
    -302.7206093101594320      0.0158444
    -302.1179855233032754      0.0175685
    -301.5153593113005854      0.0053745
    -300.9127306740847416     -0.0051078
    -300.3100996116559145     -0.0064157
    -299.7074661240472437      0.0046116
    -299.1048302112254760      0.0166241
    -298.5021918731573578     -0.0060339
    -297.8995511097763256      0.0066852
    -297.2969079211821395      0.0057574
    -296.6942623073084633      0.0164904
    -296.0916142681217025      0.0192320
    -295.4889638035887742      0.0028389
    -294.8863109137762422      0.0008346
    -294.2836555986507392      0.0037564
    -293.6809978581124483      0.0203060
    -293.0783376921946797     -0.0019064
    -292.4756751009306868      0.0037644
    -291.8730100842538491      0.0048568
    -291.2703426421975905     -0.0066421
    -290.6676727746619804     -0.0022279
    -290.0650004816802721     -0.0078566
    -289.4623257632525224     -0.0137891
    -288.8596486193786745      0.0014803
    -288.2569690499922217     -0.0069230
    -287.6542870550598536     -0.0074514
    -287.0516026346813874     -0.0039442
    -286.4489157887570059     -0.0024393
    -285.8462265172867660      0.0039083
    -285.2435348201707370      0.0022085
    -284.6408406975753564     -0.0003495
    -284.0381441493674401     -0.0092392
    -283.4354451755804121     -0.0030451
    -282.8327437761475380     -0.0077386
    -282.2300399510356215      0.0017526
    -281.6273337003112260      0.0010004
    -281.0246250239410983     -0.0058702
    -280.4219139218918713     -0.0180931
    -279.8192003940970949     -0.0007994
    -279.2164844406564725      0.0004741
    -278.6137660614702440     -0.0030581
    -278.0110452565717196     -0.0099927
    -277.4083220258610254      0.0002563
    -276.8055963694046113     -0.0120891
    -276.2028682872026479     -0.0089135
    -275.6001377791885147      0.0014484
    -274.9974048453954651     -0.0074198
    -274.3946694856903719     -0.0163067
    -273.7919317002063622     -0.0061627
    -273.1891914888768724      0.0059080
    -272.5864488516687061      0.0003907
    -271.9837037885151290     -0.0057066
    -271.3809562995493820      0.0190581
    -270.7782063846383380     -0.0025358
    -270.1754540438152503      0.0031034
    -269.5726992770135553      0.0164684
    -268.9699420842665631      0.0045521
    -268.3671824655742171      0.0053220
    -267.7644204209033205      0.0149607
    -267.1616559502204495      0.0109590
    -266.5588890534591542     -0.0128716
    -265.9561197307525617      0.0037411
    -265.3533479819674881      0.0052506
    -264.7505738071372434      0.0013134
    -264.1477972061953210      0.0072593
    -263.5450181791748605      0.0130720
    -262.9422367260759756      0.0120403
    -262.3394528468654130     -0.0001726
    -261.7366665414764952      0.0002602
    -261.1338778099757860      0.0019506
    -260.5310866523301456      0.0070268
    -259.9282930685060933     -0.0103398
    -259.3254970584372359      0.0088890
    -258.7226986221900802     -0.0113879
    -258.1198977597313160     -0.0056687
    -257.5170944710609433     -0.0106589
    -256.9142887561124553     -0.0095284
    -256.3114806148857951     -0.0026453
    -255.7086700474142162      0.0047356
    -255.1058570536312402      0.0124103
    -254.5030416335368386     -0.0013372
    -253.9002237870976728      0.0062179
    -253.2974035143471099      0.0139017
    -252.6945808152850645      0.0167012
    -252.0917556898117482      0.0127758
    -251.4889281379271040     -0.0052965
    -250.8860981596977808      0.0043631
    -250.2832657550571582      0.0028619
    -249.6804309239719259     -0.0036666
    -249.0775936664421408     -0.0270996
    -248.4747539824345210     -0.0025695
    -247.8719118720155734      0.0059958
    -247.2690673350855093      0.0005719
    -246.6662203716775821      0.0049870
    -246.0633709816919179      0.0100094
    -245.4605191652284191      0.0075001
    -244.8576649222204935      0.0052508
    -244.2548082526681128      0.0072957
    -243.6519491564714883      0.0066640
    -243.0490876337636905     -0.0101913
    -242.4462236844449308     -0.0075983
    -241.8433573085151806      0.0055828
    -241.2404885059411299      0.0070576
    -240.6376172766894967      0.0048758
    -240.0347436208269301     -0.0044225
    -239.4318675382534991     -0.0024396
    -238.8289890290357675     -0.0115685
    -238.2261080930406081     -0.0069629
    -237.6232247304012049     -0.0100146
    -237.0203389409844021     -0.0140895
    -236.4174507248567352     -0.0066903
    -235.8145600819183585      0.0116389
    -235.2116670122358357      0.0012699
    -234.6087715157759419      0.0160412
    -234.0058735925053384      0.0047192
    -233.4029732423907717      0.0004128
    -232.8000704653989317     -0.0027683
    -232.1971652616296637      0.0049837
    -231.5942576309831509     -0.0042062
    -230.9913475734593931     -0.0214815
    -230.3884350889917698     -0.0160279
    -229.7855201776469016     -0.0081713
    -229.1826028393914783      0.0110764
    -228.5796830742254997      0.0059384
    -227.9767608820158387      0.0107696
    -227.3738362628956509     -0.0033291
    -226.7709092168316261     -0.0045074
    -226.1679797437239188      0.0128757
    -225.5650478436390927     -0.0019639
    -224.9621135164440204      0.0153788
    -224.3591767622718578     -0.0109248
    -223.7562375810559843     -0.0179493
    -223.1532959727631464      0.0041347
    -222.5503519373267807     -0.0095239
    -221.9474054748467324     -0.0160374
    -221.3444565852564381      0.0036824
    -220.7415052685226158      0.0182386
    -220.1385515246119837      0.0106047
    -219.5355953535910771     -0.0048166
    -218.9326367553933892     -0.0095251
    -218.3296757300188631      0.0034185
    -217.7267122774009636      0.0008434
    -217.1237463975729440     -0.0078306
    -216.5207780905348613      0.0002351
    -215.9178073562866587     -0.0084292
    -215.3148341947284905     -0.0309719
    -214.7118586058603853     -0.0200904
    -214.1088805897489067     -0.0011572
    -213.5059001463607444      0.0120287
    -212.9029172756293633      0.0067364
    -212.2999319775214531     -0.0023054
    -211.6969442521036058     -0.0110470
    -211.0939540993425112     -0.0126421
    -210.4909615191716341     -0.0163920
    -209.8879665115909177      0.0126896
    -209.2849690766337289     -0.0074084
    -208.6819692142667293     -0.0169392
    -208.0789669244566085     -0.0025370
    -207.4759622071701415      0.0080495
    -206.8729550624072999      0.0100771
    -206.2699454902013940      0.0044187
    -205.6669334904858317     -0.0022983
    -205.0639190632938664      0.0180838
    -204.4609022084924277      0.0066752
    -203.8578829262146428     -0.0095370
    -203.2548612163938913      0.0048370
    -202.6518370789968913      0.0170103
    -202.0488105139571360     -0.0052282
    -201.4457815213744425      0.0034240
    -200.8427501011822471      0.0020214
    -200.2397162533805499     -0.0168805
    -199.6366799779027872     -0.0201388
    -199.0336412747489589      0.0028388
    -198.4306001439523186      0.0034873
    -197.8275565854796127     -0.0113148
    -197.2245105992975880     -0.0076398
    -196.6214621853728772     -0.0007283
    -196.0184113437388476     -0.0186909
    -195.4153580743954421     -0.0052837
    -194.8123023772761258     -0.0065437
    -194.2092442523143347     -0.0250798
    -193.6061836996431396     -0.0068715
    -193.0031207191627800      0.0053192
    -192.4000553108399458      0.0010595
    -191.7969874747078620      0.0054227
    -191.1939172106667399      0.0118047
    -190.5908445188164251      0.0077948
    -189.9877693991236072      0.0065476
    -189.3846918514884692     -0.0032040
    -188.7816118759442361     -0.0114450
    -188.1785294724909647     -0.0059122
    -187.5754446411286835     -0.0026052
    -186.9723573817907436      0.0000129
    -186.3692676944438631      0.0008803
    -185.7661755791879443      0.0051140
    -185.1630810359231418     -0.0086449
    -184.5599840646493988     -0.0021499
    -183.9568846653335186     -0.0157279
    -183.3537828379754160      0.0097171
    -182.7506785826084013      0.0059836
    -182.1475718991659107     -0.0042215
    -181.5444627876479728     -0.0002917
    -180.9413512479546853      0.0082618
    -180.3382372802192037     -0.0037403
    -179.7351208843416828     -0.0068049
    -179.1320020603554042     -0.0204095
    -178.5288808081605225     -0.0028187
    -177.9257571278236014     -0.0057569
    -177.3226310193113591     -0.0071224
    -176.7195024825904852      0.0058546
    -176.1163715176277265     -0.0120898
    -175.5132381244896749     -0.0096762
    -174.9101023030763997     -0.0116736
    -174.3069640534212397     -0.0099665
    -173.7038233754909413     -0.0169178
    -173.1006802692521660     -0.0003020
    -172.4975347347381671      0.0039096
    -171.8943867719157765     -0.0066971
    -171.2912363807515987     -0.0148862
    -170.6880835611791269     -0.0131308
    -170.0849283133314884     -0.0030990
    -169.4817706370755275     -0.0161464
    -168.8786105324445259     -0.0124925
    -168.2754479993719485      0.0038831
    -167.6722830379243305     -0.0038369
    -167.0691156480351367      0.0141527
    -166.4659458297043386      0.0175878
    -165.8627735828986545     -0.0020324
    -165.2595989075848308     -0.0022205
    -164.6564218037961211      0.0082077
    -164.0532422715324969      0.0002132
    -163.4500603107274515      0.0013121
    -162.8468759213477028     -0.0004541
    -162.2436891034597579      0.0129007
    -161.6404998570303633     -0.0033655
    -161.0373081819929837     -0.0028771
    -160.4341140783143089     -0.0073820
    -159.8309175460941560      0.0069749
    -159.2277185852327364     -0.0030394
    -158.6245171957299931     -0.0089700
    -158.0213133775859831     -0.0048010
    -157.4181071307341142      0.0028130
    -156.8148984552076399      0.0106118
    -156.2116873510398705      0.0019800
    -155.6084738181309604     -0.0070126
    -155.0052578564143460     -0.0089534
    -154.4020394660564079     -0.0151332
    -153.7988186469240759     -0.0039094
    -153.1955953990172929      0.0021638
    -152.5923697222694955     -0.0012941
    -151.9891416167805858     -0.0036966
    -151.3859110824839433     -0.0015362
    -150.7826781193462864     -0.0059245
    -150.1794427273011081     -0.0031854
    -149.5762049064814505      0.0021327
    -148.9729646567542432      0.0007540
    -148.3697219781527394     -0.0007835
    -147.7664768706437144     -0.0031829
    -147.1632293341938009     -0.0004875
    -146.5599793688363661     -0.0146459
    -145.9567269745380429     -0.0027609
    -145.3534721512656063      0.0050307
    -144.7502148989857176      0.0065294
    -144.1469552177649973      0.0011483
    -143.5436931075368818      0.0130021
    -142.9404285682680609      0.0052969
    -142.3371615999252242     -0.0027567
    -141.7338922025749923     -0.0009662
    -141.1306203761840550      0.0003165
    -140.5273461207191588     -0.0003629
    -139.9240694361469650     -0.0004235
    -139.3207903224009385      0.0056017
    -138.7175087795809247     -0.0003084
    -138.1142248076536703     -0.0098702
    -137.5109384065525546      0.0044686
    -136.9076495762443528      0.0090138
    -136.3043583167955717      0.0065552
    -135.7010646281397044      0.0030615
    -135.0977685103099475      0.0034211
    -134.4944699631732590      0.0122671
    -133.8911689868627377     -0.0044270
    -133.2878655812785098     -0.0083028
    -132.6845597464206037      0.0072475
    -132.0812514823223012      0.0094689
    -131.4779407888171932     -0.0045769
    -130.8746276661049421     -0.0107374
    -130.2713121140191390      0.0047521
    -129.6679941326264043     -0.0066119
    -129.0646737217935538      0.0013364
    -128.4613508816537149     -0.0069298
    -127.8580256121403664      0.0037865
    -127.2546979131869023     -0.0134400
    -126.6513677847933224     -0.0035395
    -126.0480352270262188     -0.0061829
    -125.4447002397857318     -0.0083699
    -124.8413628231051433      0.0015652
    -124.2380229769511431     -0.0085815
    -123.6346807012572100     -0.0146670
    -123.0313359960898794     -0.0153717
    -122.4279888614158835      0.0196506
    -121.8246392972352226      0.0062877
    -121.2212873034147407      0.0122424
    -120.6179328800875936      0.0071427
    -120.0145760272204996     -0.0050223
    -119.4112167447135846      0.0046624
    -118.8078550325668630     -0.0059953
    -118.2044908908469267     -0.0125095
    -117.6011243195204372      0.0074274
    -116.9977553184876058     -0.0068474
    -116.3943838877816574      0.0241823
    -115.7910100274359166      0.0125778
    -115.1876337373838055      0.0179527
    -114.5842550176253098      0.0132040
    -113.9808738681604439      0.0014859
    -113.3774902888893621      0.0192781
    -112.7741042799118958      0.0015930
    -112.1707158411614955      0.0055710
    -111.5673249726381613      0.0056407
    -110.9639316742753010     -0.0029749
    -110.3605359461395068      0.0099368
    -109.7571377881642292      0.0212276
    -109.1537372003494113      0.0109132
    -108.5503341826618140     -0.0061371
    -107.9469287351014373     -0.0048727
    -107.3435208577015345      0.0092317
    -106.7401105503622887      0.0032004
    -106.1366978131502350      0.0083697
    -105.5332826459322746      0.0064919
    -104.9298650488082245     -0.0031407
    -104.3264450217448029     -0.0009647
    -103.7230225647087707     -0.0172325
    -103.1195976776335073     -0.0057322
    -102.5161703605856047      0.0052506
    -101.9127406135317671      0.0016909
    -101.3093084364387266     -0.0141950
    -100.7058738292732158     -0.0124429
    -100.1024367920684739     -0.0091805
     -99.4989973247912474      0.0045592
     -98.8955554274082260      0.0086430
     -98.2921110999527343      0.0107141
     -97.6886643423248699     -0.0005044
     -97.0852151545912534     -0.0078309
     -96.4817635367185744     -0.0076311
     -95.8783094886735370      0.0045688
     -95.2748530103896059     -0.0002225
     -94.6713941019665981      0.0055982
     -94.0679327633379785      0.0095091
     -93.4644689945037044      0.0016483
     -92.8610027953639872     -0.0076051
     -92.2575341660186155      0.0190888
     -91.6540631064010540      0.0166420
     -91.0505896165112887      0.0049165
     -90.4471136963493478     -0.0144467
     -89.8436353457820616      0.0057301
     -89.2401545649758816      0.0046120
     -88.6366713537976381      0.0138776
     -88.0331857122806412      0.0112294
     -87.4296976403250312      0.0057078
     -86.8262071380639355      0.0129087
     -86.2227142053642268      0.0250899
     -85.6192188422924829      0.0064857
     -85.0157210487155339      0.0182346
     -84.4122208247665640      0.0130662
     -83.8087181703124031      0.0246204
     -83.2052130854196292      0.0128909
     -82.6017055700549605      0.0160965
     -81.9981956241185372      0.0282253
     -81.3946832477102333      0.0436915
     -80.7911684407634425      0.0386023
     -80.1876512032782074      0.0340882
     -79.5841315351879359      0.0426328
     -78.9806094365591917      0.0476908
     -78.3770849073587073      0.0655586
     -77.7735579475531722      0.0854738
     -77.1700285570427695      0.0823746
     -76.5664967359939084      0.1082533
     -75.9629624842734330      0.1149126
     -75.3594258018813719      0.1145117
     -74.7558866887844147      0.1261083
     -74.1523451450158717      0.1562313
     -73.5488011705424469      0.1962365
     -72.9452547653641403      0.2124927
     -72.3417059294476559      0.2196535
     -71.7381546626931481      0.2367376
     -71.1346009652670688      0.2724767
     -70.5310448370362337      0.2809606
     -69.9274862780339674      0.3077910
     -69.3239252881271000      0.3331794
     -68.7203618674820547      0.3637326
     -68.1167960159657326      0.3916981
     -67.5132277336113731      0.3941247
     -66.9096570203524408      0.4181685
     -66.3060838762555136      0.4465411
     -65.7025083012206892      0.4975131
     -65.0989302953145739      0.5090164
     -64.4953498584705756      0.5346642
     -63.8917669906221590      0.5408144
     -63.2881816918691484      0.5402998
     -62.6845939621449872      0.5760844
     -62.0810038014496754      0.5954553
     -61.4774112096833605      0.6042590
     -60.8738161869459020      0.6349214
     -60.2702187332039969      0.6668459
     -59.6666188483910958      0.6528224
     -59.0630165324739025      0.6816596
     -58.4594117855189879      0.7206450
     -57.8558046074930843      0.7261991
     -57.2521949983628815      0.7464377
     -56.6485829580951119      0.7820212
     -56.0449684866564866      0.7900774
     -55.4413515841468580      0.8002728
     -54.8377322504330991      0.8196481
     -54.2341104855484843      0.8252394
     -53.6304862894264431      0.8537959
     -53.0268596621668422      0.8655279
     -52.4232306036365259      0.8859096
     -51.8195991139020791      0.9168164
     -51.2159651928636350      0.9311603
     -50.6123288406210605      0.9564271
     -50.0086900570744959      1.0023019
     -49.4050488422572300      1.0269561
     -48.8014051961026851      1.0499337
     -48.1977591185775864      1.0865791
     -47.5941106097817936      1.1202782
     -46.9904596696154329      1.1503893
     -46.3868062980785183      1.1792916
     -45.7831504951377681      1.2128506
     -45.1794922608264571      1.2564269
     -44.5758315950780286      1.3110043
     -43.9721684979257645      1.3421366
     -43.3685029692697981      1.3548689
     -42.7648350092432779      1.4118286
     -42.1611646177130766      1.4471056
     -41.5574917946791800      1.4912995
     -40.9538165401415952      1.5310533
     -40.3501388541003152      1.5742269
     -39.7464587365553541      1.5954026
     -39.1427761874401270      1.6325549
     -38.5390912067546481      1.6785651
     -37.9354037944656213      1.7192512
     -37.3317139506396245      1.7347561
     -36.7280216752100799      1.7694319
     -36.1243269681770016      1.8231573
     -35.5206298294405372      1.8624427
     -34.9169302591005177      1.8744905
     -34.3132282570904010      1.9085021
     -33.7095238234101728      1.9616373
     -33.1058169579932624      1.9713860
     -32.5021076609395365      2.0067484
     -31.8983959321491284      2.0287004
     -31.2946817716220451      2.0560586
     -30.6909651793250049      2.0829673
     -30.0872461552247188      2.1197972
     -29.4835246993877576      2.1760690
     -28.8798008117808394      2.2535241
     -28.2760744923373935      2.3376405
     -27.6723457410241345      2.4443169
     -27.0686145579409150      2.5776155
     -26.4648809429878931      2.7280490
     -25.8611448961650545      2.8616745
     -25.2574064174058392      2.9792938
     -24.6536655068100998      3.1022229
     -24.0499221643112620      3.1458890
     -23.4461763898760474      3.1264164
     -22.8424281834711742      3.0583627
     -22.2386775450966390      2.9871256
     -21.6349244747857234      2.8831675
     -21.0311689724718640      2.8170426
     -20.4274110381883425      2.7573044
     -19.8236506718353134      2.6981969
     -19.2198878734793368      2.6905608
     -18.6161226430871274      2.6719844
     -18.0123549806586922      2.6473079
     -17.4085848860608969      2.6403141
     -16.8048123594601542      2.6433485
     -16.2010374007566149      2.6265268
     -15.5972600099169956      2.6524885
     -14.9934801869412979      2.6799538
     -14.3896979317962384      2.7110870
     -13.7859132445150969      2.7797229
     -13.1821261250645936      2.8350313
     -12.5783365734114412      2.9134493
     -11.9745445895223597      3.0358775
     -11.3707501734306309      3.1633370
     -10.7669533251362566      3.3215141
     -10.1631540445726678      3.5419009
      -9.5593523317065792      3.7908666
      -8.9555481865712796      4.0864716
      -8.3517416092000474      4.4502687
      -7.7479325994930335      4.8836045
      -7.1441211573836716      5.3503432
      -6.5403072830383788      5.9580917
      -5.9364909762907372      6.6208153
      -5.3326722372073148      7.3260646
      -4.7288510657215426      8.0068321
      -4.1250274618001388      8.7054539
      -3.5212014255096693      9.4237251
      -2.9173729568168514     10.1236305
      -2.3135420556551169     10.7471428
      -1.7097087219911835     11.1409721
      -1.1058729558916172     11.1773081
      -0.5020347573231351     10.8092575
       0.1018058737475469     10.2694397
       0.7056489373869960      9.7646246
       1.3094944334620773      9.3379869
       1.9133423621724930      8.9691210
       2.5171927233851084      8.5381937
       3.1210455171664910      8.0704432
       3.7249007435832078      7.6184182
       4.3287584025686918      7.2379026
       4.9326184941895095      6.9100499
       5.5364810183790949      6.5583506
       6.1403459753371488      6.2260041
       6.7442133648639704      5.7834110
       7.3480831870926933      5.3191195
       7.9519554420233174      4.8717022
       8.5558301296558437      4.4555097
       9.1597072499902694      4.0468440
       9.7635868030931672      3.6611471
      10.3674687888979644      3.2930028
      10.9713532075377991      2.9965913
      11.5752400589461040      2.6819170
      12.1791293431228755      2.4056036
      12.7830210600681156      2.1669145
      13.3869152098483930      1.9355775
      13.9908117925302733      1.7629918
      14.5947108080471892      1.5823432
      15.1986122563991426      1.4284819
      15.8025161376526988      1.2913766
      16.4064224518078596      1.1558039
      17.0103311988646233      1.0588883
      17.6142423788895570      0.9723458
      18.2181559917495299      0.8662108
      18.8220720376442365      0.7998803
      19.4259905165736839      0.7076626
      20.0299114284047342      0.6463693
      20.6338347732039544      0.6050776
      21.2377605510379155      0.5461669
      21.8416887619731774      0.4972172
      22.4456194059431837      0.4491805
      23.0495524828813565      0.4190659
      23.6534879929208373      0.3739983
      24.2574259361281861      0.3452930
      24.8613663123702793      0.2909714
      25.4653091217136733      0.2732120
      26.0692543642249390      0.2329992
      26.6732020399040799      0.2258955
      27.2771521487510960      0.2136310
      27.8811046906994129      0.1721916
      28.4850596658821722      0.1542694
      29.0890170742993739      0.1570541
      29.6929769159510109      0.1331447
      30.2969391907705230      0.1189938
      30.9009038988244704      0.1135060
      31.5048710401794310      0.0959663
      32.1088406149019647      0.0828688
      32.7128126227923701      0.0735476
      33.3167870640503523      0.0557508
      33.9207639386093334      0.0575099
      34.5247432465358983      0.0559332
      35.1287249878300329      0.0465986
      35.7327091624251878      0.0199140
      36.3366957703878981      0.0371179
      36.9406848117847630      0.0330931
      37.5446762866823320      0.0150089
      38.1486701948809070      0.0137898
      38.7526665365801932      0.0272103
      39.3566653117136198      0.0286608
      39.9606665203477576      0.0292230
      40.5646701624826065      0.0102610
      41.1686762380515958      0.0021578
      41.7726847471878671      0.0125230
      42.3766956898248424      0.0072392
      42.9807090660290854      0.0053100
      43.5847248758006174      0.0109128
      44.1887431190728535     -0.0032872
      44.7927637959789280      0.0126538
      45.3967869065188552      0.0141241
      46.0008124506926279     -0.0006671
      46.6048404284336613      0.0134811
      47.2088708398085615     -0.0055298
      47.8129036849504203     -0.0110752
      48.4169389636595682     -0.0038116
      49.0209766761356889      0.0125666
      49.6250168222456480      0.0290543
      50.2290594021891579      0.0020323
      50.8331044157665133      0.0139126
      51.4371518631108486     -0.0112428
      52.0412017442221639      0.0002208
      52.6452540591004521      0.0075631
      53.2493088078122909      0.0097389
      53.8533659903576734      0.0076191
      54.4574256066700286      0.0083403
      55.0614876568159275      0.0058339
      55.6655521408619549      0.0053042
      56.2696190587415117      0.0063117
      56.8736884105211971      0.0122300
      57.4777601961344118      0.0019343
      58.0818344157808824      0.0004081
      58.6859110692609036      0.0095953
      59.2899901567075958      0.0097554
      59.8940716781209730      0.0104536
      60.4981556334344646      0.0004540
      61.1022420228477614      0.0119905
      61.7063308462277504      0.0052421
      62.3104221035744104      0.0135871
      62.9145157949543261     -0.0161826
      63.5186119205006179     -0.0035335
      64.1227104799470311     -0.0027327
      64.7268114735598203     -0.0071450
      65.3309149012058583      0.0242202
      65.9350207630182723      0.0290308
      66.5391290589305129      0.0049934
      67.1432397889425658      0.0071175
      67.7473529530544170     -0.0063589
      68.3514685514657998     -0.0078836
      68.9555865839769950      0.0165606
      69.5597070506545663      0.0200587
      70.1638299515651056     -0.0118482
      70.7679552867085704     -0.0036871
      71.3720830560850032      0.0009996
      71.9762132596943900      0.0026557
      72.5803458976032658     -0.0032406
      73.1844809697451097      0.0154432
      73.7886184762530490      0.0110295
      74.3927584169939280      0.0036712
      74.9969007920343103      0.0014981
      75.6010456015073515      0.0114411
      76.2051928452799103      0.0086500
      76.8093425234185503     -0.0025506
      77.4134946359898493     -0.0080478
      78.0176491828606657     -0.0002966
      78.6218061642307049      0.0092700
      79.2259655800333746     -0.0036325
      79.8301274302687034      0.0136921
      80.4342917148701275     -0.0009742
      81.0384584340373237      0.0148506
      81.6426275877037568      0.0044802
      82.2467991758028205      0.0036748
      82.8509731984676847      0.0047652
      83.4551496556317716      0.0145310
      84.0593285473616305      0.0013420
      84.6635098736572900      0.0082087
      85.2676936344521579      0.0117934
      85.8718798298793757      0.0046620
      86.4760684599389435      0.0053940
      87.0802595246308755      0.0075510
      87.6844530238885937      0.0160805
      88.2886489578452256     -0.0208458
      88.8928473264342216     -0.0061313
      89.4970481297886806     -0.0003763
      90.1012513677089544      0.0052800
      90.7054570403947054      0.0086805
      91.3096651477793841      0.0326930
      91.9138756899961038      0.0093829
      92.5180886668451876      0.0048103
      93.1223040784597345     -0.0015002
      93.7265219249063648     -0.0075864
      94.3307422061184724     -0.0036867
      94.9349649222292129      0.0044921
      95.5391900730388528     -0.0055505
      96.1434176587471399      0.0051069
      96.7476476792874678      0.0159856
      97.3518801347929781     -0.0017388
      97.9561150250639940     -0.0155962
      98.5603523502336287      0.0034235
      99.1645921103684458      0.0148892
      99.7688343054684452      0.0170997
     100.3730789354005282      0.0059818
     100.9773260003643571     -0.0175179
     101.5815755002933543      0.0144334
     102.1858274351875622     -0.0028915
     102.7900818051135161     -0.0137364
     103.3943386100046666      0.0074188
     103.9985978499275632      0.0106971
     104.6028595249487978      0.0121992
     105.2071236350017926      0.0118234
     105.8113901801530972      0.0121827
     106.4156591603361761      0.0037092
     107.0199305756841142      0.0025161
     107.6242044261304045      0.0084430
     108.2284807117415966      0.0071829
     108.8327594324510841      0.0023952
     109.4370405883254875     -0.0101577
     110.0413241794313421      0.0028123
     110.6456102056355064      0.0040946
     111.2498986670711503     -0.0054903
     111.8541895637382311      0.0017301
     112.4584828957033409     -0.0034286
     113.0627786628999303      0.0020324
     113.6670768653279708     -0.0083846
     114.2713775030540262     -0.0171667
     114.8756805760115469      0.0086057
     115.4799860844002382      0.0083954
     116.0842940280203806      0.0034072
     116.6886044070051156      0.0100899
     117.2929172213544433      0.0108818
     117.8972324710683637      0.0114072
     118.5015501561468909      0.0045802
     119.1058702766565602      0.0025866
     119.7101928325308222     -0.0029872
     120.3145178239028326      0.0047602
     120.9188452507059850      0.0033988
     121.5231751129403079      0.0032307
     122.1275074106057872     -0.0036767
     122.7318421437690006     -0.0067458
     123.3361793124964976     -0.0125600
     123.9405189167217287      0.0140139
     124.5448609564446940      0.0122026
     125.1492054317319571      0.0066693
     125.7535523426500674      0.0084578
     126.3579016890659119     -0.0130725
     126.9622534710460542     -0.0087218
     127.5666076886570721      0.0084287
     128.1709643418989231     -0.0014163
     128.7753234307716639      0.0122526
     129.3796849552752519      0.0080897
     129.9840489154762793     -0.0068299
     130.5884153113081823      0.0059157
     131.1927841429040313      0.0087862
     131.7971554101308129      0.0194539
     132.4015291131215406      0.0035447
     133.0059052518097076     -0.0057781
     133.6102838263284696      0.0006150
     134.2146648365446424      0.0043951
     134.8190482825913534      0.0264350
     135.4234341644020674      0.0007312
     136.0278224820433763      0.0009707
     136.6322132355152235      0.0039695
     137.2366064247510735     -0.0173590
     137.8410020498840822     -0.0052495
     138.4454001109141927      0.0120964
     139.0498006078414619      0.0063115
     139.6542035406658329      0.0012990
     140.2586089093207988     -0.0172387
     140.8630167140059939     -0.0080714
     141.4674269545883476      0.0056948
     142.0718396311344236      0.0072799
     142.6762547436441650     -0.0076144
     143.2806722921175719     -0.0004042
     143.8850922766878853     -0.0048932
     144.4895146971552720      0.0082380
     145.0939395537195082     -0.0039575
     145.6983668463140305      0.0018607
     146.3027965749388102      0.0333138
     146.9072287397270031      0.0078661
     147.5116633405454252     -0.0084659
     148.1161003774606968     -0.0062129
     148.7205398505393816      0.0162346
     149.3249817597814797      0.0173961
     149.9294261050538353      0.0039155
     150.5338728865561393      0.0026686
     151.1383221042218565      0.0118080
     151.7427737581175506      0.0018058
     152.3472278482431932     -0.0080609
     152.9516843745322490     -0.0072607
     153.5561433370512816      0.0085740
     154.1606047358002627     -0.0078313
     154.7650685709123479     -0.0195716
     155.3695348422544100     -0.0018225
     155.9740035498930411     -0.0096786
     156.5784746938281558     -0.0116887
     157.1829482741264030     -0.0076821
     157.7874242907211624      0.0047069
     158.3919027437456180      0.0185646
     158.9963836330665856      0.0010978
     159.6008669588172211     -0.0276449
     160.2053527209309891     -0.0050183
     160.8098409194744249      0.0023804
     161.4143315544475001     -0.0009975
     162.0188246258502716      0.0184258
     162.6233201337492744      0.0168592
     163.2278180780779451      0.0069454
     163.8323184589028472     -0.0031230
     164.4368212762240091      0.0191385
     165.0413265301079662     -0.0049352
     165.6458342204881546     -0.0057802
     166.2503443474311382     -0.0024574
     166.8548569109369453     -0.0003918
     167.4593719110721111     -0.0136558
     168.0638893477035083      0.0026314
     168.6684092209642927     -0.0091360
     169.2729315308544642      0.0045873
     169.8774562773739660     -0.0018120
     170.4819834605894187     -0.0036704
     171.0865130804342584     -0.0048793
     171.6910451369084853     -0.0015360
     172.2955796301451983     -0.0093897
     172.9001165600778336     -0.0131011
     173.5046559267730402      0.0116982
     174.1091977300975486      0.0064017
     174.7137419702511636     -0.0053166
     175.3182886472338566     -0.0142288
     175.9228377609124720     -0.0000761
     176.5273893113536019      0.0084889
     177.1319432986903735      0.0026942
     177.7364997228562231     -0.0144829
     178.3410585837845588     -0.0091087
     178.9456198816085646     -0.0022314
     179.5501836163282121     -0.0124207
     180.1547497878769093     -0.0000117
     180.7593183963878118      0.0031523
     181.3638894417943561     -0.0039569
     181.9684629240965705     -0.0000155
     182.5730388433609619     -0.0144239
     183.1776171996541791     -0.0130833
     183.7821979928429812     -0.0069742
     184.3867812230605807     -0.0159113
     184.9913668902404140      0.0071151
     185.5959549945155516     -0.0052936
     186.2005455357528945     -0.0076877
     186.8051385140190632     -0.0156225
     187.4097339293805362     -0.0105877
     188.0143317818373703      0.0004134
     188.6189320713895086      0.0116831
     189.2235347980370364      0.0101662
     189.8281399617798968      0.0091045
     190.4327475626846535     -0.0134241
     191.0373576007513350     -0.0067426
     191.6419700759799127     -0.0084233
     192.2465849883704152     -0.0010187
     192.8512023379228140     -0.0004830
     193.4558221247702647      0.0076416
     194.0604443487796118     -0.0034545
     194.6650690100840393     -0.0069958
     195.2696961085503631     -0.0026673
     195.8743256443783025      0.0076418
     196.4789576175012655      0.0035283
     197.0835920278527169     -0.0064550
     197.6882288754992203     -0.0143446
     198.2928681605073109      0.0054494
     198.8975098829436092     -0.0013816
     199.5021540426083959     -0.0019334
     200.1068006397013335     -0.0030705
     200.7114496741559151     -0.0012227
     201.3161011461052112     -0.0003411
     201.9207550553495878      0.0013010
     202.5254114020886789     -0.0010755
     203.1300701862559777      0.0149512
     203.7347314078514273     -0.0015674
     204.3393950670081836     -0.0099477
     204.9440611635931475      0.0008869
     205.5487296976728544      0.0060518
     206.1534006693138394     -0.0016733
     206.7580740784496243     -0.0045991
     207.3627499251466872      0.0014381
     207.9674282094051136     -0.0021771
     208.5721089312913534     -0.0093494
     209.1767920907389566      0.0096878
     209.7814776877478664      0.0097606
     210.3861657224512101      0.0004672
     210.9908561947158603     -0.0109785
     211.5955491047415364     -0.0113201
     212.2002444523285476     -0.0044502
     212.8049422376765563     -0.0219585
     213.4096424606524636      0.0026472
     214.0143451213228047     -0.0095354
     214.6190502198207355     -0.0057575
     215.2237577560131001      0.0125073
     215.8284677299665191     -0.0040614
     216.4331801416143435      0.0051750
     217.0378949911563211      0.0061823
     217.6426122784593247     -0.0008278
     218.2473320035233542      0.0131816
     218.8520541664815369      0.0128950
     219.4567787672673091      0.0164251
     220.0615058059472062     -0.0020325
     220.6662352824546929      0.0049012
     221.2709671967897691      0.0064453
     221.8757015490855622     -0.0050904
     222.4804383393420721     -0.0059317
     223.0851775674927353     -0.0086280
     223.6899192336041438      0.0119952
     224.2946633376762406     -0.0057013
     224.8994098797090544     -0.0045587
     225.5041588597691486     -0.0147274
     226.1089102777899598      0.0064946
     226.7136641338380514      0.0063969
     227.3184204279800156     -0.0130800
     227.9231791600827250     -0.0070754
     228.5279403302792218     -0.0142762
     229.1327039385696196     -0.0040908
     229.7374699849538615      0.0034381
     230.3422384694985112      0.0058072
     230.9470093920704699      0.0066926
     231.5517827528028363     -0.0037572
     232.1565585516956105     -0.0036531
     232.7613367888153562     -0.0135276
     233.3661174640955664      0.0059079
     233.9709005775361845      0.0038171
     234.5756861292037740     -0.0221814
     235.1804741190983634      0.0078846
     235.7852645472198958      0.0144119
     236.3900574136350485     -0.0153909
     236.9948527182771727      0.0100249
     237.5996504612128319      0.0027992
     238.2044506425086183     -0.0076664
     238.8092532620979398     -0.0138485
     239.4140583199808532     -0.0176039
     240.0188658162238653     -0.0011499
     240.6236757508270045      0.0002425
     241.2284881237902994      0.0064300
     241.8333029351802566      0.0120739
     242.4381201849303409      0.0013655
     243.0429398731736512      0.0302955
     243.6477619997771171      0.0097312
     244.2525865648738090     -0.0075908
     244.8574135683972202     -0.0135466
     245.4622430104138573     -0.0017601
     246.0670748909237773      0.0051910
     246.6719092099269517     -0.0016871
     247.2767459674233805     -0.0218236
     247.8815851635461911     -0.0054304
     248.4864267981622845      0.0036071
     249.0912708713381676     -0.0029606
     249.6961173831404608      0.0127091
     250.3009663335025721      0.0085731
     250.9058177224910651      0.0054516
     251.5106715501059682      0.0007221
     252.1155278163472531     -0.0007642
     252.7203865212149481     -0.0064890
     253.3252476648421521     -0.0185635
     253.9301112470957378      0.0022438
     254.5349772680422689     -0.0051794
     255.1398457276818021     -0.0108843
     255.7447166260808160      0.0023564
     256.3495899632393957      0.0019839
     256.9544657390909492     -0.0018376
     257.5593439537685185      0.0069530
     258.1642246072056537      0.0173469
     258.7691076995354820     -0.0043741
     259.3739932306248193     -0.0041290
     259.9788812004736656     -0.0072541
     260.5837716092151481     -0.0047712
     261.1886644569158875      0.0061450
     261.7935597433761359      0.0062581
     262.3984574687290774      0.0169436
     263.0033576330412188      0.0040973
     263.6082602362460534      0.0122834
     264.2131652784100879      0.0117252
     264.8180727594667587      0.0001272
     265.4229826795493068      0.0029661
     266.0278950385909980      0.0052771
     266.6328098366585095     -0.0110151
     267.2377270736852779      0.0006501
     267.8426467497378667      0.0098946
     268.4475688648161622     -0.0097862
     269.0524934189868418     -0.0139883
     269.6574204122499054     -0.0081190
     270.2623498445387895     -0.0014620
     270.8672817159199440      0.0063026
     271.4722160263935962     -0.0032069
     272.0771527760926460     -0.0072653
     272.6820919648840800     -0.0039864
     273.2870335928344048     -0.0048857
     273.8919776598771705      0.0191187
     274.4969241662119543     -0.0144202
     275.1018731117056859     -0.0039832
     275.7068244964249288     -0.0012438
     276.3117783203696831      0.0014525
     276.9167345836063987     -0.0056501
     277.5216932860021757      0.0126609
     278.1266544277564776      0.0105553
     278.7316180087362909      0.0029962
     279.3365840290747997      0.0032372
     279.9415524887053266      0.0200557
     280.5465233876944922     -0.0001302
     281.1514967259757327      0.0030240
     281.7564725036821187      0.0027243
     282.3614507207472570     -0.0090885
     282.9664313771709203     -0.0026744
     283.5714144730197859     -0.0062147
     284.1764000082938537     -0.0096910
     284.7813879830597443      0.0113995
     285.3863783971842736      0.0109769
     285.9913712508670187      0.0031872
     286.5963665439084593     -0.0049021
     287.2013642765748500      0.0037808
     287.8063644486663861      0.0054463
     288.4113670603162518      0.0169957
     289.0163721115245039     -0.0027765
     289.6213796022245219     -0.0043830
     290.2263895326159400      0.0000559
     290.8314019024991239      0.0012914
     291.4364167119406943     -0.0093986
     292.0414339610737784      0.0030888
     292.6464536498316420      0.0039893
     293.2514757782144557      0.0117789
     293.8565003462222194      0.0209698
     294.4615273539213831      0.0151688
     295.0665568013120037     -0.0007701
     295.6715886884607016     -0.0087968
     296.2766230152342928     -0.0020590
     296.8816597817659613      0.0078752
     297.4866989880555934      0.0301148
     298.0917406341698097      0.0030359
     298.6967847199755965     -0.0009940
     299.3018312456059675      0.0022398
     299.9068802109943022      0.0148688
     300.5119316162738414      0.0020516
     301.1169854613780217      0.0144327
     301.7220417463067292      0.0152364
     302.3271004710600778      0.0039334
     302.9321616357711378      0.0062513
     303.5372252403734024     -0.0116202
     304.1422912848002511     -0.0126433
     304.7473597691849250     -0.0023800
     305.3524306935271966     -0.0000369
     305.9575040578938001     -0.0038612
     306.5625798621516651      0.0100080
     307.1676581063671847      0.0086552
     307.7727387906070362      0.0005818
     308.3778219148711628      0.0097827
     308.9829074791596781      0.0022261
     309.5879954834724117     -0.0005614
     310.1930859278094772     -0.0063397
     310.7981788123040019      0.0051681
     311.4032741368228017     -0.0191587
     312.0083719014990606     -0.0066517
     312.6134721061995947     -0.0056520
     313.2185747511241516      0.0005169
     313.8236798361395472     -0.0071001
     314.4287873613124020     -0.0079110
     315.0338973267092797     -0.0035803
     315.6390097322636166     -0.0027402
     316.2441245780419763     -0.0026862
     316.8492418639776815     -0.0003940
     317.4543615902040301     -0.0036380
     318.0594837566543447      0.0090116
     318.6646083633952458      0.0119694
     319.2697354103602265     -0.0086236
     319.8748648976823006     -0.0011667
     320.4799968252283406     -0.0174637
     321.0851311931980945     -0.0275187
     321.6902680014584348     -0.0046497
     322.2954072500759253     -0.0158953
     322.9005489390505659     -0.0122195
     323.5056930683823566     -0.0005100
     324.1108396381378043      0.0142196
     324.7159886483170226      0.0010032
     325.3211400989198410     -0.0025243
     325.9262939899464868      0.0084393
     326.5314503214633532      0.0067113
     327.1366090934039903     -0.0205250
     327.7417703058348479     -0.0094182
     328.3469339587559261     -0.0075936
     328.9521000522339023     -0.0107188
     329.5572685862021558     -0.0084591
     330.1624395607272504     -0.0008644
     330.7676129758091861     -0.0061608
     331.3727888314480197     -0.0006538
     331.9779671277102011     -0.0055389
     332.5831478645292236     -0.0027447
     333.1883310419717077      0.0123238
     333.7935166601041033     -0.0125287
     334.3987047188599036     -0.0074142
     335.0038952182391654      0.0055268
     335.6090881583083956      0.0120012
     336.2142835390675941      0.0039889
     336.8194813605833247     -0.0054727
     337.4246816227890804     -0.0055266
     338.0298843257513113     -0.0086864
     338.6350894694035674     -0.0163047
     339.2402970538123554      0.0012756
     339.8455070791108028     -0.0074281
     340.4507195450992185      0.0009054
     341.0559344519773504     -0.0025747
     341.6611517996120142      0.0170340
     342.2663715881363942      0.0115538
     342.8715938174838698      0.0059028
     343.4768184876544410      0.0065260
     344.0820455987812352     -0.0115911
     344.6872751507977455      0.0073992
     345.2925071437039151      0.0203492
     345.8977415775663644      0.0020220
     346.5029784523184730      0.0019293
     347.1082177680268046      0.0056216
     347.7134595248245432      0.0066500
     348.3187037225119411      0.0055942
     348.9239503611556188      0.0132357
     349.5291994408886467      0.0166967
     350.1344509616444611      0.0016114
     350.7397049234231190      0.0109761
     351.3449613262911839     -0.0075337
     351.9502201701820354      0.0066700
     352.5554814552288576      0.0021688
     353.1607451813650300      0.0001629
     353.7660113485906095     -0.0140580
     354.3712799569721028     -0.0041887
     354.9765510065096237     -0.0132465
     355.5818244972030016      0.0037877
     356.1871004290523501     -0.0008905
     356.7923788021242331      0.0090843
     357.3976596163521435     -0.0004691
     358.0029428718690383      0.0062548
     358.6082285686084106      0.0104478
     359.2135167065703172      0.0014894
     359.8188072858214355     -0.0181670
     360.4241003064281017     -0.0028946
     361.0293957681906818      0.0032092
     361.6346936713089804      0.0063631
     362.2399940157828837     -0.0074416
     362.8452968016125055      0.0000385
     363.4506020287976753      0.0083358
     364.0559096973385635     -0.0003409
     364.6612198072351134     -0.0085827
     365.2665323585538317     -0.0108178
     365.8718473512948322      0.0046760
     366.4771647854580010      0.0190410
     367.0824846610433951      0.0293421
     367.6878069781175782     -0.0077701
     368.2931317366804933     -0.0154360
     368.8984589366657474      0.0019489
     369.5037885782062403     -0.0093637
     370.1091206612355791     -0.0047643
     370.7144551858868340     -0.0048467
     371.3197921520268210      0.0082492
     371.9251315596556537      0.0088762
     372.5304734089063459      0.0043153
     373.1358176997790679      0.0039467
     373.7411644322735924     -0.0051734
     374.3465136063900900     -0.0001686
     374.9518652220619401     -0.0166412
     375.5572192794888338     -0.0003704
     376.1625757785376436      0.0081095
     376.7679347192749333     -0.0032537
     377.3732961017007597      0.0033345
     377.9786599258150090     -0.0156437
     378.5840261916843588     -0.0037119
     379.1893948992421315     -0.0090797
     379.7947660486215682     -0.0120364
     380.4001396396895416     -0.0166886
     381.0055156726456289     -0.0000611
     381.6108941473568166      0.0036184
     382.2162750638895545      0.0028002
     382.8216584221774497     -0.0000543
     383.4270442223534587      0.0012222
     384.0324324644842591      0.0191074
     384.6378231483701029      0.0190364
     385.2432162741441175     -0.0128270
     385.8486118418729234     -0.0071370
     386.4540098515564637     -0.0089648
     387.0594103030616111     -0.0115338
     387.6648131965880566     -0.0159616
     388.2702185320027866      0.0021057
     388.8756263095053214     -0.0020281
     389.4810365289626475      0.0016052
     390.0864491903747648      0.0030515
     390.6918642938081803      0.0024276
     391.2972818392628938      0.0052619
     391.9027018268720894      0.0034790
     392.5081242565025264      0.0024804
     393.1135491281544319      0.0137976
     393.7189764419606490      0.0128760
     394.3244061978548416      0.0070237
     394.9298383958369527      0.0119509
     395.5352730360399960      0.0157722
     396.1407101183310147      0.0246257
     396.7461496428430223      0.0078112
     397.3515916095095122      0.0032560
     397.9570360183304274     -0.0055907
     398.5624828693723316     -0.0207986
     399.1679321627019021     -0.0111364
     399.7733838982525185     -0.0019478
     400.3788380760240670     -0.0033881
     400.9842946960832251      0.0011787
     401.5897537584299926     -0.0005016
     402.1952152631309332      0.0049462
     402.8006792101195401      0.0021956
     403.4061455993956429      0.0071953
     404.0116144310259187     -0.0054308
     404.6170857050769314     -0.0095369
     405.2225594214820603      0.0062499
     405.8280355802414192      0.0035293
     406.4335141814215149     -0.0043284
     407.0389952249557268      0.0024562
     407.6444787110438028     -0.0076635
     408.2499646395525588      0.0012312
     408.8554530104821083      0.0057785
     409.4609438238989583      0.0124905
     410.0664370798696154      0.0057934
     410.6719327782610662     -0.0053897
     411.2774309192063242      0.0064033
     411.8829315027055031     -0.0007336
     412.4884345287584324     -0.0143217
     413.0939399973653394     -0.0149499
     413.6994479085260537     -0.0245121
     414.3049582623071956     -0.0050966
     414.9104710587087652     -0.0213322
     415.5159862977308194     -0.0118263
     416.1215039794398649      0.0009548
     416.7270241037026608      0.0068066
     417.3325466707191254     -0.0012190
     417.9380716804225813      0.0060528
     418.5435991328129717      0.0101507
     419.1491290278904103      0.0008427
     419.7546613656548402      0.0008258
     420.3601961463059524     -0.0009966
     420.9657333696440560      0.0008540
     421.5712730357357145      0.0138540
     422.1768151445809849      0.0066528
     422.7823596963129376      0.0066738
     423.3879066907983884      0.0018779
     423.9934561281705783     -0.0121999
     424.5990080083629437      0.0101979
     425.2045623313754277      0.0117348
     425.8101190973411576      0.0012991
     426.4156783061935698     -0.0018301
     427.0212399579326643      0.0062817
     427.6268040525584979     -0.0093325
     428.2323705902041411     -0.0082343
     428.8379395707364665     -0.0151544
     429.4435109942221516      0.0080441
     430.0490848607275893      0.0113776
     430.6546611702528935      0.0006939
     431.2602399227314436     -0.0058790
     431.8658211182298032     -0.0149233
     432.4714047568145929     -0.0087525
     433.0769908384191922     -0.0023602
     433.6825793631102215      0.0093782
     434.2881703308876808      0.0053006
     434.8937637417514566     -0.0058798
     435.4993595957682260     -0.0014440
     436.1049578928714254      0.0054004
     436.7105586331275617      0.0162241
     437.3161618165366917      0.0139048
     437.9217674431653791      0.0023586
     438.5273755129470032     -0.0009846
     439.1329860259481279     -0.0197263
     439.7385989821022463      0.0153933
     440.3442143815424856     -0.0005137
     440.9498322242022255      0.0113917
     441.5554525102146499      0.0058026
     442.1610752394465749      0.0040958
     442.7667004118980572     -0.0088077
     443.3723280277022809     -0.0050163
     443.9779580869256961     -0.0064408
     444.5835905893686117      0.0099844
     445.1892255351642120      0.0106578
     445.7948629243790606      0.0033292
     446.4005027570131574     -0.0001711
     447.0061450329333184      0.0114872
     447.6117897523392912      0.0112530
     448.2174369150980056      0.0064731
     448.8230865213424750      0.0030571
     449.4287385710726994      0.0016400
     450.0343930642221721     -0.0102228
     450.6400500008575136     -0.0109134
     451.2457093810451738      0.0060005
     451.8513712047186459     -0.0054779
     452.4570354718779299      0.0025179
     453.0627021825895895     -0.0055431
     453.6683713369201882      0.0034864
     454.2740429348031057      0.0043496
     454.8797169762384556      0.0031210
     455.4853934612927446     -0.0074176
     456.0910723899659729     -0.0169062
     456.6967537622580835      0.0083500
     457.3024375782357538      0.0069269
     457.9081238378323633      0.0091330
     458.5138125411144756      0.0004701
     459.1195036880820908     -0.0159442
     459.7251972788017724     -0.0040199
     460.3308933132069001      0.0056417
     460.9365917912975874     -0.0153877
     461.5422927132069617      0.0029608
     462.1479960788683456      0.0044798
     462.7537018882818529      0.0078028
     463.3594101415139903     -0.0058583
     463.9651208385647010     -0.0110335
     464.5708339794340986     -0.0149453
     465.1765495641221833     -0.0009123
     465.7822675926953480     -0.0080302
     466.3879880650873133      0.0171636
     466.9937109813643588      0.0038817
     467.5994363416597821     -0.0272167
     468.2051641457073288      0.0053295
     468.8108943937731397      0.0024346
     469.4166270857242012     -0.0034780
     470.0223622216936405     -0.0050003
     470.6280998016148374     -0.0016020
     471.2338398254877347     -0.0079481
     471.8395822933790669      0.0063194
     472.4453272053552837     -0.0024907
     473.0510745612832011     -0.0000791
     473.6568243612961169      0.0049719
     474.2625766053273537     -0.0014213
     474.8683312934435321     -0.0137528
     475.4740884257111020     -0.0013740
     476.0798480020636134      0.0033523
     476.6856100225010664      0.0041203
     477.2913744870234041     -0.0033267
     477.8971413958303742      0.0201152
     478.5029107487222859      0.0156404
     479.1086825457655891      0.0214101
     479.7144567870269611      0.0076263
     480.3202334725729656     -0.0064747
     480.9260126022038548      0.0048133
     481.5317941761859970      0.0007681
     482.1375781943195307      0.0028141
     482.7433646568042604      0.0085767
     483.3491535635736227      0.0087817
     483.9549449146275606     -0.0059902
     484.5607387099661878     -0.0050971
     485.1665349495893338      0.0011153
     485.7723336336968600      0.0084642
     486.3781347620223983      0.0013219
     486.9839383347656963      0.0083492
     487.5897443518601904      0.0022341
     488.1955528134389510      0.0024477
     488.8013637194354715      0.0005035
