Scan:    605 RXSJ225148.5+341 2015-10-27 +21 26 58.0
         OPTICAL                 Tb    
        km/s-LSR                 XX
    -522.5298045744227693      0.0009696
    -521.9280495257851271     -0.0070026
    -521.3262920571933137     -0.0031304
    -520.7245321685473982      0.0035989
    -520.1227698600138183     -0.0160656
    -519.5210051314593329     -0.0175711
    -518.9192379828840558     -0.0130808
    -518.3174684142214801     -0.0203621
    -517.7156964256045057     -0.0123198
    -517.1139220169001192      0.0035877
    -516.5121451881416306     -0.0083298
    -515.9103659392292229     -0.0012041
    -515.3085842702627133     -0.0029889
    -514.7068001812087914     -0.0013603
    -514.1050136720009505     -0.0244226
    -513.5032247426057666     -0.0073602
    -512.9014333931231704     -0.0082484
    -512.2996396234533449     -0.0064002
    -511.6978434335297834     -0.0055319
    -511.0960448234521891      0.0129301
    -510.4942437931540553      0.0048838
    -509.8924403426354388     -0.0010039
    -509.2906344718296623      0.0054630
    -508.6888261808034031     -0.0237969
    -508.0870154694900407     -0.0161192
    -507.4852023379228285     -0.0106599
    -506.8833867859686961     -0.0174238
    -506.2815688137274606      0.0002838
    -505.6797484211991218     -0.0025453
    -505.0779256082838060     -0.0024749
    -504.4761003749815131     -0.0102591
    -503.8742727213256103     -0.0089901
    -503.2724426472827304      0.0041300
    -502.6706101527863666      0.0063493
    -502.0687752379362792      0.0049842
    -501.4669379026327078      0.0034612
    -500.8650981468755958     -0.0106892
    -500.2632559705984363     -0.0004408
    -499.6614113739009895     -0.0096985
    -499.0595643566834951      0.0084627
    -498.4577149189792067     -0.0096321
    -497.8558630607215605     -0.0080316
    -497.2540087819437531      0.0004200
    -496.6521520826126448     -0.0069429
    -496.0502929626616151      0.0074481
    -495.4484314221903674      0.0123654
    -494.8465674611326222      0.0117268
    -494.2447010794548419     -0.0007521
    -493.6428322770906334      0.0031484
    -493.0409610541397001     -0.0045453
    -492.4390874105355920      0.0027082
    -491.8372113462449420     -0.0101799
    -491.2353328612345535     -0.0162654
    -490.6334519555708766     -0.0022277
    -490.0315686291874613     -0.0092143
    -489.4296828820842507      0.0055623
    -488.8277947141946811      0.0087345
    -488.2259041255853163     -0.0005352
    -487.6240111162229027     -0.0141150
    -487.0221156860075666      0.0022881
    -486.4202178350391250      0.0018092
    -485.8183175632510711      0.0039905
    -485.2164148706433480     -0.0005163
    -484.6145097571161955      0.0050593
    -484.0126022228026272      0.0102707
    -483.4106922676028830     -0.0019506
    -482.8087798915169628     -0.0120587
    -482.2068650944781893     -0.0006569
    -481.6049478765864933     -0.0053567
    -481.0030282377421145      0.0040758
    -480.4011061779116289     -0.0047052
    -479.7991816971616572     -0.0126400
    -479.1972547954256356      0.0028034
    -478.5953254727035642      0.0155976
    -477.9933937289288224      0.0081530
    -477.3914595641680876      0.0092402
    -476.7895229783879358      0.0062693
    -476.1875839715552274     -0.0008245
    -475.5856425436365384      0.0117690
    -474.9836986946319826     -0.0057029
    -474.3817524245748132      0.0125023
    -473.7798037333984666      0.0183067
    -473.1778526210363225     -0.0160775
    -472.5758990876216217      0.0019007
    -471.9739431330210664     -0.0121678
    -471.3719847572015169      0.0045541
    -470.7700239602627903      0.0095142
    -470.1680607421382661      0.0029757
    -469.5660951027946908      0.0092380
    -468.9641270421655577     -0.0017649
    -468.3621565603506269     -0.0003040
    -467.7601836572833918     -0.0001305
    -467.1582083329305988     -0.0049090
    -466.5562305872588240     -0.0073358
    -465.9542504203679982     -0.0017184
    -465.3522678321250510      0.0179427
    -464.7502828225631788     -0.0052179
    -464.1482953916158749     -0.0033132
    -463.5463055393496461      0.0051776
    -462.9443132657312390      0.0119260
    -462.3423185706608365      0.0129780
    -461.7403214542382557      0.0061331
    -461.1383219164301863      0.0002563
    -460.5363199571701216     -0.0051604
    -459.9343155763913842      0.0005191
    -459.3323087742272719      0.0051071
    -458.7302995506111074     -0.0032144
    -458.1282879054763271     -0.0117023
    -457.5262738387896775     -0.0206961
    -456.9242573506510325      0.0070006
    -456.3222384409604615     -0.0013944
    -455.7202171096847110      0.0041828
    -455.1181933568904014     -0.0014925
    -454.5161671825442227      0.0025704
    -453.9141385865796110     -0.0063105
    -453.3121075689631994      0.0067754
    -452.7100741297949753      0.0005298
    -452.1080382689750081     -0.0024211
    -451.5059999865032978     -0.0110567
    -450.9039592823465341     -0.0033312
    -450.3019161565381410     -0.0058114
    -449.6998706090446376     -0.0029326
    -449.0978226398328275     -0.0062387
    -448.4957722488695140      0.0018279
    -447.8937194361878937      0.0222888
    -447.2916642017879667     -0.0007230
    -446.6896065455366056     -0.0027636
    -446.0875464675669377      0.0037769
    -445.4854839678123994     -0.0169514
    -444.8834190462729907     -0.0099057
    -444.2813517028155843      0.0188090
    -443.6792819375733643      0.0078446
    -443.0772097505129068     -0.0051490
    -442.4751351415678187     -0.0061971
    -441.8730581106713657     -0.0061964
    -441.2709786579235356      0.0042489
    -440.6688967832909611     -0.0043129
    -440.0668124866738822     -0.0137602
    -439.4647257681720021      0.0077887
    -438.8626366276856174      0.0138725
    -438.2605450652479249      0.0036479
    -437.6584510807923607     -0.0066358
    -437.0563546743522920     -0.0066114
    -436.4542558459275483      0.0147461
    -435.8521545954517933      0.0083179
    -435.2500509228916030      0.0064134
    -434.6479448283134843      0.0025862
    -434.0458363116842975      0.0001625
    -433.4437253729373651     -0.0068870
    -432.8416120120727442      0.0072536
    -432.2394962291237448     -0.0045916
    -431.6373780240569999     -0.0067969
    -431.0352573967727494     -0.0143708
    -430.4331343473706966      0.0024419
    -429.8310088758177585     -0.0067956
    -429.2288809820805113     -0.0103219
    -428.6267506660591380      0.0029396
    -428.0246179278868226      0.0044789
    -427.4224827674969447     -0.0022313
    -426.8203451848229406      0.0071495
    -426.2182051798647535      0.0139230
    -425.6160627526558073     -0.0119590
    -425.0139179031959884     -0.0140101
    -424.4117706313522831      0.0049197
    -423.8096209372243379     -0.0037330
    -423.2074688207790700     -0.0046488
    -422.6053142819830555     -0.0034539
    -422.0031573207698443     -0.0027782
    -421.4009979372058865      0.0117364
    -420.7988361312579855     -0.0039215
    -420.1966719029261412      0.0048590
    -419.5945052520771696      0.0046973
    -418.9923361788775082      0.0013941
    -418.3901646832272831      0.0125625
    -417.7879907650932978      0.0120889
    -417.1858144244088749      0.0127904
    -416.5836356613072553      0.0100019
    -415.9814544756884516      0.0163966
    -415.3792708674860137     -0.0005640
    -414.7770848367997587      0.0015082
    -414.1748963835631230      0.0050156
    -413.5727055077427963      0.0131793
    -412.9705122093055252     -0.0011362
    -412.3683164882845631      0.0005308
    -411.7661183446799669     -0.0023891
    -411.1639177784583694     -0.0017917
    -410.5617147895200105      0.0052051
    -409.9595093779646504     -0.0075551
    -409.3573015437590925      0.0103846
    -408.7550912868700266     -0.0015411
    -408.1528786071974650      0.0037990
    -407.5506635049080728      0.0005000
    -406.9484459798686089      0.0056851
    -406.3462260320123960      0.0040670
    -405.7440036614726750     -0.0043741
    -405.1417788681496290     -0.0030246
    -404.5395516520098340     -0.0066546
    -403.9373220130534605      0.0140100
    -403.3350899513137051      0.0026933
    -402.7328554667572575      0.0028373
    -402.1306185593176110     -0.0073329
    -401.5283792289947087      0.0018782
    -400.9261374758551710      0.0026201
    -400.3238932997991810      0.0147688
    -399.7216467007933716      0.0191714
    -399.1193976789043063      0.0198324
    -398.5171462340987318     -0.0041099
    -397.9148923663433379     -0.0121864
    -397.3126360755716178      0.0066935
    -396.7103773618501350     -0.0106958
    -396.1081162251788328      0.0066792
    -395.5058526654578941      0.0054373
    -394.9035866826872621      0.0061294
    -394.3013182769002469     -0.0157507
    -393.6990474480969624      0.0085012
    -393.0967741962107311      0.0063355
    -392.4944985212082997     -0.0217142
    -391.8922204231229216      0.0020396
    -391.2899399019545967     -0.0061899
    -390.6876569576035081      0.0103797
    -390.0853715901694727      0.0052875
    -389.4830837995859838      0.0061794
    -388.8807935858197311      0.0047033
    -388.2785009488040942      0.0019138
    -387.6762058886722571     -0.0021497
    -387.0739084053244028      0.0135621
    -386.4716084987271643      0.0000944
    -385.8693061688472312      0.0052942
    -385.2670014157512810      0.0121116
    -384.6646942394060034     -0.0022163
    -384.0623846397115244     -0.0036711
    -383.4600726167677180     -0.0049112
    -382.8577581705079638     -0.0100930
    -382.2554413008990650     -0.0161906
    -381.6531220079409650     -0.0035191
    -381.0508002916336068      0.0142876
    -380.4484761519771041      0.0018376
    -379.8461495889048365     -0.0021514
    -379.2438206023834368      0.0146934
    -378.6414891925129496      0.0007671
    -378.0391553591933871      0.0060080
    -377.4368191024580028      0.0081859
    -376.8344804221737832     -0.0107829
    -376.2321393184737985     -0.0129589
    -375.6297957912914853     -0.0118266
    -375.0274498405602799     -0.0075654
    -374.4251014663466322     -0.0039837
    -373.8227506685842059     -0.0078495
    -373.2203974473061407      0.0040089
    -372.6180418023793095     -0.0066775
    -372.0156837339368394     -0.0253904
    -371.4133232419122805     -0.0011287
    -370.8109603262721521      0.0127573
    -370.2085949869500610      0.0004816
    -369.6062272240457673      0.0154823
    -369.0038570374927644     -0.0012801
    -368.4014844272909386      0.0080833
    -367.7991093933405296      0.0111186
    -367.1967319357413544      0.0053487
    -366.5943520544269063     -0.0033271
    -365.9919697493306217      0.0043451
    -365.3895850205855140     -0.0013389
    -364.7871978680585130      0.0080347
    -364.1848082917496185      0.0059924
    -363.5824162916255773     -0.0012386
    -362.9800218677530097     -0.0142643
    -362.3776250200651816     -0.0039307
    -361.7752257485289533     -0.0190463
    -361.1728240531442680     -0.0060705
    -360.5704199339111256      0.0070686
    -359.9680133908294692     -0.0019434
    -359.3656044237995957      0.0012272
    -358.7631930329212082     -0.0102971
    -358.1607792181279137     -0.0033471
    -357.5583629794194849     -0.0157762
    -356.9559443166962183     -0.0008844
    -356.3535232300911844      0.0115293
    -355.7510997195046230     -0.0021442
    -355.1486737849031670     -0.0013468
    -354.5462454262535630     -0.0041199
    -353.9438146436556849     -0.0053704
    -353.3413814370429122      0.0098171
    -352.7389458063486813     -0.0054371
    -352.1365077515397388     -0.0012632
    -351.5340672727159586     -0.0201443
    -350.9316243698107201     -0.0171275
    -350.3291790427575165     -0.0032681
    -349.7267312915895445     -0.0167577
    -349.1242811163401143      0.0033500
    -348.5218285169094656      0.0057486
    -347.9193734932641746      0.0001458
    -347.3169160455042288      0.0053769
    -346.7144561735629509      0.0066578
    -346.1119938773738909      0.0010464
    -345.5095291569368783     -0.0031235
    -344.9070620123186472     -0.0015099
    -344.3045924434525205     -0.0090851
    -343.7021204502386809     -0.0016536
    -343.0996460328435660      0.0091684
    -342.4971691911007383     -0.0087181
    -341.8946899250768752      0.0129265
    -341.2922082346718753      0.0134918
    -340.6897241199858399      0.0042735
    -340.0872375809187247     -0.0110717
    -339.4847486175039535     -0.0061533
    -338.8822572296749058     -0.0043504
    -338.2797634174648351     -0.0150778
    -337.6772671808405448     -0.0257758
    -337.0747685198019781     -0.0070090
    -336.4722674342825712     -0.0221677
    -335.8697639243488879     -0.0032876
    -335.2672579899343077     -0.0009235
    -334.6647496310056908     -0.0204292
    -334.0622388475961770     -0.0044529
    -333.4597256396725697      0.0119590
    -332.8572100072347553      0.0105767
    -332.2546919502163405     -0.0127511
    -331.6521714686838322     -0.0176264
    -331.0496485625372998     -0.0103790
    -330.4471232318433067     -0.0090982
    -329.8445954765020929      0.0081107
    -329.2420652965469117      0.0018592
    -328.6395326920110165      0.0026061
    -328.0369976627613369     -0.0129611
    -327.4344602088976330     -0.0163023
    -326.8319203303535119     -0.0054145
    -326.2293780270953789     -0.0041542
    -325.6268332991235752     -0.0037861
    -325.0242861464711837      0.0042369
    -324.4217365690716406     -0.0069069
    -323.8191845669250029     -0.0097777
    -323.2166301399647068     -0.0097615
    -322.6140732882905695      0.0016167
    -322.0115140118027171      0.0118301
    -321.4089523105345165     -0.0065078
    -320.8063881843528407      0.0010976
    -320.2038216334239564     -0.0023900
    -319.6012526576149639      0.0107723
    -318.9986812568923256      0.0155672
    -318.3961074313560289      0.0008060
    -317.7935311809062000     -0.0040062
    -317.1909525055761492     -0.0003871
    -316.5883714052326923     -0.0115105
    -315.9857878800423236     -0.0025727
    -315.3832019298718023     -0.0005851
    -314.7806135547212421     -0.0040968
    -314.1780227545572757     -0.0179418
    -313.5754295294132135      0.0030898
    -312.9728338792890554     -0.0075696
    -312.3702358041182379      0.0048572
    -311.7676353038674506     -0.0002266
    -311.1650323786365675      0.0067706
    -310.5624270282925181     -0.0152528
    -309.9598192528351888     -0.0128253
    -309.3572090522979465     -0.0155863
    -308.7545964266807346      0.0041535
    -308.1519813759169892     -0.0156969
    -307.5493638999735140     -0.0104212
    -306.9467439988834485     -0.0008778
    -306.3441216726469065     -0.0086243
    -305.7414969212305778     -0.0015655
    -305.1388697445345315      0.0061824
    -304.5362401426920655      0.0157025
    -303.9336081156031923      0.0161898
    -303.3309736632346585      0.0150303
    -302.7283367856530845      0.0043319
    -302.1256974827918498      0.0078431
    -301.5230557546176442      0.0041631
    -300.9204116011305814     -0.0004362
    -300.3177650223304909      0.0032867
    -299.7151160182175431      0.0007657
    -299.1124645887583711      0.0120719
    -298.5098107338531008      0.0027359
    -297.9071544536681699      0.0046687
    -297.3044957480704511      0.0042934
    -296.7018346170600012     -0.0190133
    -296.0991710605701996     -0.0039932
    -295.4965050787009204     -0.0105867
    -294.8938366713522328      0.0033177
    -294.2911658385242504     -0.0058049
    -293.6884925802501130     -0.0023910
    -293.0858168964966808     -0.0032317
    -292.4831387871973334     -0.0056712
    -291.8804582523520708      0.0089020
    -291.2777752920275134      0.0013470
    -290.6750899061236169      0.0006833
    -290.0724020946406654      0.0020264
    -289.4697118575451213      0.0002516
    -288.8670191949037189     -0.0120342
    -288.2643241066498376     -0.0023607
    -287.6616265927169138     -0.0058029
    -287.0589266531713974     -0.0001656
    -286.4562242879802625      0.0092983
    -285.8535194971432816      0.0085815
    -285.2508122805273842      0.0240761
    -284.6481026382990080      0.0111621
    -284.0453905703250257      0.0074102
    -283.4426760766387474      0.0001629
    -282.8399591571402425     -0.0044192
    -282.2372398119626382     -0.0049218
    -281.6345180409729210      0.0033735
    -281.0317938442042873     -0.0048612
    -280.4290672215901736     -0.0049382
    -279.8263381732304538     -0.0161772
    -279.2236066989919436     -0.0174419
    -278.6208727989079534     -0.0038954
    -278.0181364729785969     -0.0022963
    -277.4153977211703932      0.0248014
    -276.8126565434835129      0.0122607
    -276.2099129398512218     -0.0055224
    -275.6071669103068871      0.0072551
    -275.0044184548506223     -0.0085690
    -274.4016675734489468     -0.0111750
    -273.7989142660354105     -0.0020451
    -273.1961585327098305     -0.0032858
    -272.5934003733723898      0.0107714
    -271.9906397880230315      0.0158719
    -271.3878767765952489      0.0184441
    -270.7851113391888020      0.0038393
    -270.1823434757039877     -0.0178333
    -269.5795731861406352     -0.0065646
    -268.9768004705321687      0.0017158
    -268.3740253288119106     -0.0000130
    -267.7712477610132282      0.0097158
    -267.1684677670029373      0.0097978
    -266.5656853469142220     -0.0011420
    -265.9629005006804618      0.0073047
    -265.3601132282684034      0.0145982
    -264.7573235296447365      0.0085881
    -264.1545314048427713      0.0218884
    -263.5517368538292544     -0.0027990
    -262.9489398765708188      0.0078183
    -262.3461404730675213     -0.0002158
    -261.7433386433526152      0.0064088
    -261.1405343873262836     -0.0095562
    -260.5377277049885265      0.0095656
    -259.9349185964059075      0.0192041
    -259.3321070615118060      0.0144217
    -258.7292931002730256      0.0118487
    -258.1264767126228890     -0.0011472
    -257.5236578986613836      0.0047370
    -256.9208366583550855      0.0109874
    -256.3180129916375449      0.0004979
    -255.7151868984753946      0.0075386
    -255.1123583789352551      0.0054025
    -254.5095274329838162     -0.0108941
    -253.9066940605212608      0.0054442
    -253.3038582616473775     -0.0046455
    -252.7010200362956596      0.0031094
    -252.0981793844327967     -0.0148627
    -251.4953363060587606     -0.0127179
    -250.8924908011736079      0.0074478
    -250.2896428697773104     -0.0133195
    -249.6867925118033043      0.0063215
    -249.0839397272183078     -0.0070052
    -248.4810845161221380     -0.0072843
    -247.8782268784482881      0.0132744
    -247.2753668140636023     -0.0016547
    -246.6725043231344898      0.0115842
    -246.0696394055610767     -0.0016017
    -245.4667720613433914     -0.0054445
    -244.8639022904148703      0.0010867
    -244.2610300928420486     -0.0003334
    -243.6581554685583910      0.0040333
    -243.0552784175972079     -0.0110714
    -242.4523989398253150     -0.0007631
    -241.8495170353758112      0.0059371
    -241.2466327041822467      0.0095890
    -240.6437459462112258     -0.0105817
    -240.0408567613962134      0.0015588
    -239.4379651498371118      0.0069792
    -238.8350711114673288     -0.0065855
    -238.2321746462202157      0.0036155
    -237.6292757541624496     -0.0060714
    -237.0263744352607205     -0.0042208
    -236.4234706894817180      0.0063911
    -235.8205645167921318      0.0022132
    -235.2176559172253292      0.0058685
    -234.6147448907479429     -0.0123492
    -234.0118314373267481      0.0183238
    -233.4089155569284344      0.0072068
    -232.8059972495863121     -0.0144746
    -232.2030765153003244      0.0010045
    -231.6001533539706827     -0.0027676
    -230.9972277656638937     -0.0060602
    -230.3942997503800143      0.0148692
    -229.7913693080191706      0.0172028
    -229.1884364385813626      0.0168076
    -228.5855011421331540      0.0070442
    -227.9825634186079526      0.0027565
    -227.3796232679725335     -0.0043119
    -226.7766806901935865     -0.0188621
    -226.1737356853376468     -0.0058262
    -225.5707882533381792      0.0076372
    -224.9678383941952120      0.0084254
    -224.3648861078421248      0.0170003
    -223.7619313943455097      0.0084209
    -223.1589742536720848     -0.0142968
    -222.5560146857219763     -0.0185088
    -221.9530526905950580     -0.0041917
    -221.3500882682247664      0.0245480
    -220.7471214186443547      0.0326208
    -220.1441521416874423      0.0026048
    -219.5411804375204383     -0.0140636
    -218.9382063060767507     -0.0149713
    -218.3352297472898158     -0.0058350
    -217.7322507611596620     -0.0064904
    -217.1292693477195712      0.0001650
    -216.5262855069029513     -0.0006036
    -215.9232992387430841     -0.0139352
    -215.3203105431401525     -0.0008523
    -214.7173194201940021     -0.0110238
    -214.1143258698047021     -0.0118508
    -213.5113298919390843      0.0023865
    -212.9083314866969658     -0.0010151
    -212.3053306540117262     -0.0016832
    -211.7023273938168302      0.0030686
    -211.0993217061123062      0.0253347
    -210.4963135909313792     -0.0060224
    -209.8933030482408242     -0.0059594
    -209.2902900780406412      0.0070285
    -208.6872746802308995     -0.0018145
    -208.0842568548782765     -0.0047674
    -207.4812366019827152      0.0017328
    -206.8782139214443134     -0.0007753
    -206.2751888133297200      0.0050321
    -205.6721612776056247     -0.0113676
    -205.0691313142720276      0.0011876
    -204.4660989231958013      0.0037886
    -203.8630641045433549     -0.0041041
    -203.2600268581815612      0.0023994
    -202.6569871841436452      0.0045778
    -202.0539450823631569     -0.0023813
    -201.4509005528732644     -0.0112347
    -200.8478535956740245     -0.0142407
    -200.2448042106989021      0.0027452
    -199.6417523979145301      0.0075195
    -199.0386981574208392      0.0030942
    -198.4356414891179270     -0.0082756
    -197.8325823929392584     -0.0024186
    -197.2295208689846220     -0.0029896
    -196.6264569172208212      0.0180181
    -196.0233905375812355     -0.0129886
    -195.4203217299993298     -0.0003900
    -194.8172504946082029     -0.0041497
    -194.2141768313412911      0.0151492
    -193.6111007401320308     -0.0020321
    -193.0080222209471685     -0.0240930
    -192.4049412738532681     -0.0088230
    -191.8018578988169907      0.0007643
    -191.1987720957718295     -0.0065199
    -190.5956838647843199      0.0123065
    -189.9925932057878981      0.0102112
    -189.3895001187825926      0.0057184
    -188.7864046036685295      0.0102003
    -188.1833066606120894      0.0160514
    -187.5802062894469202     -0.0189938
    -186.9771034902395286     -0.0019114
    -186.3739982628568441      0.0081999
    -185.7708906074652191      0.0196444
    -185.1677805239316115      0.0209226
    -184.5646680122559076      0.0154467
    -183.9615530724049108      0.0149737
    -183.3584357044118462     -0.0120214
    -182.7553159082434604     -0.0254465
    -182.1521936838664999     -0.0036730
    -181.5490690313141613     -0.0003215
    -180.9459419505199662      0.0045618
    -180.3428124415171681      0.0014811
    -179.7396805042058929     -0.0003793
    -179.1365461386860147      0.0086734
    -178.5334093448909414      0.0075191
    -177.9302701227874195      0.0146079
    -177.3271284723088854      0.0017071
    -176.7239843935884380     -0.0031830
    -176.1208378864929784      0.0082153
    -175.5176889510890419      0.0053528
    -174.9145375872435295     -0.0004211
    -174.3113837950562584      0.0114480
    -173.7082275744606932     -0.0009742
    -173.1050689254235238      0.0123111
    -172.5019078480113137     -0.0013368
    -171.8987443421575279      0.0034131
    -171.2955784078621662     -0.0049106
    -170.6924100450253263      0.0041194
    -170.0892392537469107      0.0045177
    -169.4860660339935805      0.0045216
    -168.8828903856988575      0.0155125
    -168.2797123088293461     -0.0021245
    -167.6765318034850054      0.0042646
    -167.0733488695659332     -0.0076880
    -166.4701635070388193     -0.0059526
    -165.8669757159370022     -0.0182420
    -165.2637854962604536     -0.0152426
    -164.6605928479758632     -0.0079148
    -164.0573977709834423     -0.0117000
    -163.4542002654162616     -0.0099367
    -162.8510003311745322      0.0153499
    -162.2477979682581974      0.0259674
    -161.6445931766340323      0.0275159
    -161.0413859563019514      0.0135933
    -160.4381763072953504      0.0025026
    -159.8349642295142985      0.0185689
    -159.2317497229587957      0.0171313
    -158.6285327876621523      0.0012531
    -158.0253134236243682      0.0110340
    -157.4220916307122877      0.0195619
    -156.8188674090590666      0.0075066
    -156.2156407585981697      0.0017539
    -155.6124116792629479      0.0127585
    -155.0091801710534583      0.0000683
    -154.4059462340029540      0.0076053
    -153.8027098681114637     -0.0005843
    -153.1994710732791418      0.0079090
    -152.5962298495059315      0.0104193
    -151.9929861968584532      0.0196783
    -151.3897401152701434      0.0018839
    -150.7864916046744099      0.0117298
    -150.1832406651710983      0.0119641
    -149.5799872966603630      0.0032624
    -148.9767314991755143     -0.0094678
    -148.3734732726166783     -0.0077080
    -147.7702126170504187      0.0113895
    -147.1669495324767354     -0.0070473
    -146.5636840188291217      0.0014520
    -145.9604160760741820     -0.0021405
    -145.3571457042785369      0.0042228
    -144.7538729033756795      0.0067955
    -144.1505976733655245      0.0036589
    -143.5473200141815084      0.0108214
    -142.9440399258902801      0.0178972
    -142.3407574084251905      0.0329051
    -141.7374724617529296      0.0277624
    -141.1341850859402030      0.0031322
    -140.5308952809203049      0.0025947
    -139.9276030466600105     -0.0095291
    -139.3243083831593481      0.0029431
    -138.7210112904182324      0.0264449
    -138.1177117684367772      0.0253439
    -137.5144098171815870      0.0109535
    -136.9111054365861548     -0.0057164
    -136.3077986267170445      0.0064390
    -135.7044893875409741      0.0159748
    -135.1011777189580698      0.0367128
    -134.4978636211014589      0.0147182
    -133.8945470938713527      0.0115583
    -133.2912281372676659      0.0146829
    -132.6879067511906101      0.0119321
    -132.0845829357733123      0.0235606
    -131.4812566909158988      0.0233890
    -130.8779280166516799      0.0274705
    -130.2745969128474712      0.0344390
    -129.6712633796697673      0.0293937
    -129.0679274169521022      0.0237218
    -128.4645890247942930      0.0350704
    -127.8612482030300015      0.0293003
    -127.2579049518256085      0.0251922
    -126.6545592710479582      0.0192264
    -126.0512111606637973      0.0063524
    -125.4478606207729428      0.0072082
    -124.8445076513088736      0.0298325
    -124.2411522522049978      0.0246082
    -123.6377944234613011      0.0217436
    -123.0344341651443614      0.0274551
    -122.4310714771876434      0.0344449
    -121.8277063595578227      0.0238787
    -121.2243388121883356      0.0197249
    -120.6209688352123379      0.0435249
    -120.0175964285299557      0.0404936
    -119.4142215921079213      0.0374488
    -118.8108443259129530      0.0307675
    -118.2074646300116001      0.0246471
    -117.6040825043705951      0.0254886
    -117.0006979488900924      0.0414015
    -116.3973109636699235      0.0389583
    -115.7939215486435245      0.0394013
    -115.1905297038109097      0.0431495
    -114.5871354290722195      0.0305356
    -113.9837387245273135      0.0498044
    -113.3803395901428814      0.0394195
    -112.7769380258523881      0.0488069
    -112.1735340316558194      0.0456145
    -111.5701276075864570      0.0464863
    -110.9667187535777373      0.0648814
    -110.3633074695963643      0.0426109
    -109.7598937556756482      0.0572673
    -109.1564776118155606      0.0395664
    -108.5530590379828340      0.0460077
    -107.9496380341109045      0.0713308
    -107.3462146002663218      0.0598411
    -106.7427887363825221      0.0623447
    -106.1393604424595338      0.0373739
    -105.5359297184307650      0.0487650
    -104.9324965643960610      0.0579546
    -104.3290609802888582      0.0494409
    -103.7256229660426214      0.0455805
    -103.1221825216573080      0.0678202
    -102.5187396471994816      0.0706146
    -101.9152943425693394      0.0655423
    -101.3118466077668387      0.0367038
    -100.7083964428252756      0.0279494
    -100.1049438476780864      0.0499667
     -99.5014888223585672      0.0599380
     -98.8980313667668440      0.0454066
     -98.2945714809694948      0.0490854
     -97.6911091649665195      0.0371313
     -97.0876444186580443      0.0486987
     -96.4841772420441117      0.0416316
     -95.8807076351912713      0.0445182
     -95.2772355980329309      0.0480105
     -94.6737611305358371      0.0628057
     -94.0702842326999757      0.0472082
     -93.4668049045586571      0.0472352
     -92.8633231460119930      0.0586461
     -92.2598389570599977      0.0530261
     -91.6563523377692491      0.0498335
     -91.0528632880731550      0.0549029
     -90.4493718079384621      0.0555750
     -89.8458778973318744      0.0521151
     -89.2423815563199412      0.0448279
     -88.6388827848361132      0.0651664
     -88.0353815828803903      0.0583551
     -87.4318779503862231      0.0719294
     -86.8283718873868509      0.0557005
     -86.2248633939155837      0.0479172
     -85.6213524698392803      0.0737264
     -85.0178391152245325      0.0781290
     -84.4143233300713121      0.0676701
     -83.8108051143463371      0.0599057
     -83.2072844679497621      0.0627302
     -82.6037613910147286      0.0593530
     -82.0002358834081093      0.0885597
     -81.3967079451964395      0.0912506
     -80.7931775762798878      0.0776919
     -80.1896447767250322      0.0848540
     -79.5861095464652948      0.0968480
     -78.9825718855339431      0.1068948
     -78.3790317938311460      0.0978941
     -77.7754892714567490      0.1111825
     -77.1719443183109064      0.1028261
     -76.5683969343603223      0.1167995
     -75.9648471197048707      0.1195002
     -75.3612948742446775      0.1374231
     -74.7577401979797429      0.1400765
     -74.1541830908435173      0.1308022
     -73.5506235529358321      0.1331320
     -72.9470615841901520      0.1635330
     -72.3434971845398707      0.1842807
     -71.7399303539850024      0.1669182
     -71.1363610925921250      0.1813193
     -70.5327894002946607      0.1866086
     -69.9292152770260316      0.1917587
     -69.3256387228861115      0.2063235
     -68.7220597377750551      0.2110883
     -68.1184783216928196      0.2188479
     -67.5148944745728841      0.2210763
     -66.9113081965150798      0.2424402
     -66.3077194874528146      0.2713954
     -65.7041283473861455      0.2729269
     -65.1005347762151700      0.2824314
     -64.4969387740397764      0.2996333
     -63.8933403407933653      0.2932518
     -63.2897394764426693      0.3130257
     -62.6861361809876954      0.3420283
     -62.0825304544284293      0.3669969
     -61.4789222967648783      0.3818077
     -60.8753117078971826      0.3892303
     -60.2716986879252161      0.4230149
     -59.6680832368156686      0.4172002
     -59.0644653544687017      0.4198273
     -58.4608450409175902      0.4246153
     -57.8572222961623552      0.4646884
     -57.2535971202029756      0.4783942
     -56.6499695129728948      0.4965640
     -56.0463394744720986      0.5198743
     -55.4427070047006083      0.5477180
     -54.8390721036584097      0.5542367
     -54.2354347712789391      0.5762181
     -53.6317950076287673      0.6268280
     -53.0281528126413164      0.6389419
     -52.4245081862833189      0.6629668
     -51.8208611285547605      0.6742714
     -51.2172116394556411      0.6899292
     -50.6135597189859752      0.6832994
     -50.0099053671124665      0.6899605
     -49.4062485837685514      0.6812780
     -48.8025893690540755      0.7194545
     -48.1989277228692004      0.7309166
     -47.5952636452139188      0.7343154
     -46.9915971360216602      0.7437853
     -46.3879281953922771      0.7603941
     -45.7842568232592129      0.7650759
     -45.1805830195558826      0.7459889
     -44.5769067843821389      0.7445425
     -43.9732281176381505      0.7413207
     -43.3695470193239032      0.7439290
     -42.7658634893728262      0.7354912
     -42.1621775278847792      0.7759874
     -41.5584891347599026      0.7833292
     -40.9547983100314852      0.8006084
     -40.3511050535996745      0.8273482
     -39.7474093655643301      0.8415871
     -39.1437112458588743      0.8994923
     -38.5400106944167433      0.9549338
     -37.9363077113377827      1.0352029
     -37.3326022965554287      1.1172917
     -36.7288944500031178      1.1962721
     -36.1251841716808570      1.2673590
     -35.5214714616551959      1.3801196
     -34.9177563198262888      1.4998851
     -34.3140387462274248      1.6254034
     -33.7103187407920331      1.7781866
     -33.1065963035866773      1.9266467
     -32.5028714345115262      2.0887287
     -31.8991441336331221      2.2553520
     -31.2954144008183377      2.4580772
     -30.6916822361670327      2.6684601
     -30.0879476396459147      2.9369361
     -29.4842106111884199      3.1879091
     -28.8804711508278302      3.4740567
     -28.2767292585308603      3.7911437
     -27.6729849342975172      4.1756158
     -27.0692381780279412      4.6379962
     -26.4654889898552739      5.2412696
     -25.8617373696796626      6.1461730
     -25.2579833175011039      7.4487991
     -24.6542268332530341      9.1235085
     -24.0504679170020204     10.9020958
     -23.4467065686814919     12.1272478
     -22.8429427883247378     12.4972010
     -22.2391765758319018     12.1970654
     -21.6354079312695546     11.5635176
     -21.0316368546376928     10.7950296
     -20.4278633458031855     10.1481762
     -19.8240874048658853      9.7654762
     -19.2203090317925032      9.5449514
     -18.6165282265497538      9.3733101
     -18.0127449890377953      9.0115910
     -17.4089593194230403      8.4893560
     -16.8051712175723509      7.8825679
     -16.2013806834857341      7.2688823
     -15.5975877170966211      6.7298450
     -14.9937923185381425      6.3134785
     -14.3899944876771677      6.0195651
     -13.7861942244804112      5.8458996
     -13.1823915290477220      5.8233323
     -12.5785864012792530      5.9264030
     -11.9747788411750022      6.1401768
     -11.3709688487016862      6.5017581
     -10.7671564238925885      6.9756913
     -10.1633415667144273      7.4881477
      -9.5595242771339155      7.9058609
      -8.9557045551177730      8.1814518
      -8.3518824007325634      8.3410063
      -7.7480578138784386      8.5672112
      -7.1442307946219641      8.9116755
      -6.5404013427967236      9.4683189
      -5.9365694586024187     10.2106066
      -5.3327351418726296     11.1870251
      -4.7288983926073573     12.2692308
      -4.1250592108398854     13.3024597
      -3.5212175965702128     14.3770857
      -2.9173735497317739     15.7871418
      -2.3135270702580004     17.8105717
      -1.7096781582820275     20.4687958
      -1.1058268137040039     22.9893227
      -0.5019730364906460     24.3997211
       0.1018831733580463     24.4269466
       0.7057418158087893     23.0044498
       1.3096028909614339     20.4663448
       1.9134663988159801     17.7438545
       2.5173323392392932     15.9348707
       3.1212007124310754     15.7417383
       3.7250715183247589     16.8651428
       4.3289447569869113     17.9350071
       4.9328204283509658     17.5823059
       5.5366985324834888     15.4576454
       6.1405790693844811     12.3795004
       6.7444620390539418      9.5850811
       7.3483474415584391      7.6203260
       7.9522352768314049      6.2532053
       8.5561255450059743      5.2036572
       9.1600182460155803      4.3641105
       9.7639133798602238      3.6638582
      10.3678109465399011      3.0472372
      10.9717109462543174      2.5600471
      11.5756133787372022      2.1257124
      12.1795182441882588      1.7722239
      12.7834255425409182      1.5118816
      13.3873352738617495      1.2601693
      13.9912474381507490      1.0839877
      14.5951620354079221      0.9094499
      15.1990790656998325      0.7807767
      15.8029985289599111      0.6922966
      16.4069204252547323      0.6040489
      17.0108447545842907      0.5339305
      17.6147715169485828      0.4701252
      18.2187007124141864      0.4090729
      18.8226323409810909      0.3788024
      19.4265664025827363      0.3541457
      20.0305028973522496      0.3061755
      20.6344418252230710      0.2858695
      21.2383831861952004      0.2802483
      21.8423269803352014      0.2314520
      22.4462732077096412      0.2169018
      23.0502218681853890      0.2103712
      23.6541729618955721      0.1882387
      24.2581264888402011      0.1593599
      24.8620824490192653      0.1571606
      25.4660408424327684      0.1470040
      26.0700016690807175      0.1473364
      26.6739649290296690      0.1310347
      27.2779306222130629      0.1096248
      27.8818987487640300      0.1062195
      28.4858693085494394      0.1068963
      29.0898423017689858      0.0920569
      29.6938177282895417      0.0926334
      30.2977955881776708      0.0873755
      30.9017758814333803      0.0599688
      31.5057586080566630      0.0925091
      32.1097437681140860      0.0831435
      32.7137313616056460      0.0765401
      33.3177213884647898      0.0663656
      33.9217138488912013      0.0531692
      34.5257087426851967      0.0619338
      35.1297060699798891      0.0416600
      35.7337058307752926      0.0396829
      36.3377080250714144      0.0350245
      36.9417126528682402      0.0459273
      37.5457197142323480      0.0332089
      38.1497292091637306      0.0029993
      38.7537411376623808      0.0209376
      39.3577554997283130      0.0194260
      39.9617722953615200      0.0307130
      40.5657915246285796      0.0105917
      41.1698131875294706     -0.0048451
      41.7738372840642143      0.0063673
      42.3778638142993671     -0.0141113
      42.9818927781017948      0.0030056
      43.5859241756712024      0.0131857
      44.1899580068744484     -0.0124297
      44.7939942719112452      0.0044834
      45.3980329705818875     -0.0021793
      46.0020741029529390      0.0132095
      46.6061176691575341      0.0029857
      47.2101636691291091     -0.0104074
      47.8142121028676641      0.0058647
      48.4182629704397627      0.0067819
      49.0223162717788341     -0.0126951
      49.6263720070180270     -0.0218095
      50.2304301760241927     -0.0187435
      50.8344907789304798     -0.0040429
      51.4385538158034379     -0.0140697
      52.0426192864433830     -0.0253298
      52.6466871909834282     -0.0286031
      53.2507575294901656     -0.0308195
      53.8548303019635810     -0.0232061
      54.4589055083371036     -0.0051286
      55.0629831486773114     -0.0250988
      55.6670632229842042      0.0025886
      56.2711457313243386     -0.0085931
      56.8752306736311510     -0.0092084
      57.4793180499712122      0.0009722
      58.0834078604110928     -0.0038446
      58.6875001048842151     -0.0087854
      59.2915947833240224     -0.0122031
      59.8956918959302129     -0.0099441
      60.4997914426362087     -0.0139343
      61.1038934234420310     -0.0123144
      61.7079978383476657     -0.0197839
      62.3121046874196765     -0.0222379
      62.9162139706580703     -0.0145120
      63.5203256880628544     -0.0101930
      64.1244398396340074      0.0075713
      64.7285564253715506      0.0046388
      65.3326754454086256     -0.0037912
      65.9367968996120624     -0.0073287
      66.5409207880484530     -0.0278205
      67.1450471108509248     -0.0093266
      67.7491758678197868     -0.0079615
      68.3533070590881522     -0.0169751
      68.9574406846560493     -0.0001764
      69.5615767445900275      0.0065848
      70.1657152388235090     -0.0052479
      70.7698561673565223     -0.0197608
      71.3739995303221804     -0.0010297
      71.9781453276539196      0.0075891
      72.5822935593517684      0.0094252
      73.1864442254822336      0.0033403
      73.7905973259787942      0.0028306
      74.3947528609745774      0.0116341
      74.9989108304030054      0.0195039
      75.6030712342641067     -0.0053542
      76.2072340726909800      0.0117563
      76.8113993454839203      0.0106129
      77.4155670528426754      0.0134678
      78.0197371947006388     -0.0109163
      78.6239097711909380     -0.0109486
      79.2280847821804741     -0.0020794
      79.8322622276692329      0.0065263
      80.4364421077903273     -0.0038375
      81.0406244225437860      0.0028862
      81.6448091719295945     -0.0025164
      82.2489963558811894      0.0108451
      82.8531859744651342      0.0181332
      83.4573780277480068      0.0254378
      84.0615725156632294      0.0087078
      84.6657694382773798      0.0531192
      85.2699687955904437      0.0424587
      85.8741705876024213      0.0318314
      86.4783748143798903      0.0108582
      87.0825814758562871      0.0102007
      87.6867905721647389      0.0130082
      88.2910021031721186     -0.0046924
      88.8952160690115250     -0.0037276
      89.4994324696164369      0.0203438
      90.1036513051199677      0.0261822
      90.7078725753890041      0.0213425
      91.3120962804900813      0.0144704
      91.9163224204897773      0.0144148
      92.5205509953215284     -0.0013468
      93.1247820050519124     -0.0026475
      93.7290154497474788      0.0013257
      94.3332513293416497     -0.0011393
      94.9374896438344678      0.0113177
      95.5417303932924682      0.0266739
      96.1459735777156652      0.0289214
      96.7502191971706225      0.0223301
      97.3544672515241842      0.0194203
      97.9587177409095204      0.0273011
      98.5629706653931663      0.0187607
      99.1672260249085866      0.0163806
      99.7714838193891751      0.0194251
     100.3757440489681017      0.0079488
     100.9800067137119157      0.0047022
     101.5842718134209122     -0.0052014
     102.1885393482948103      0.0031418
     102.7928093183335960      0.0075472
     103.3970817235372834      0.0066687
     104.0013565638392947      0.0090710
     104.6056338393061793      0.0000285
     105.2099135499379656      0.0088340
     105.8141956958677810     -0.0000670
     106.4184802768959202      0.0043449
     107.0227672932220884      0.0214109
     107.6270567447797077     -0.0041788
     108.2313486315687925      0.0082156
     108.8356429536559062      0.0138933
     109.4399397110410348     -0.0111046
     110.0442389037907560      0.0070895
     110.6485405317719426      0.0047883
     111.2528445950511582     -0.0119764
     111.8571510937615443     -0.0022866
     112.4614600278364946      0.0113243
     113.0657713972094882      0.0015259
     113.6700852020136523      0.0117713
     114.2744014421823948      0.0205688
     114.8787201179154351      0.0170473
     115.4830412289465045     -0.0206657
     116.0873647754753080     -0.0018526
     116.6916907575018314     -0.0124233
     117.2960191749595253     -0.0014809
     117.9003500279149250      0.0097988
     118.5046833163680731      0.0054444
     119.1090190403855047     -0.0002743
     119.7133571999006847      0.0113230
     120.3176977949801341      0.0012990
     120.9220408256238954      0.0131344
     121.5263862918985183      0.0063595
     122.1307341937374247      0.0016087
     122.7350845312072209      0.0039314
     123.3394373043078502      0.0096981
     123.9437925129727915      0.0170967
     124.5481501573351579     -0.0013921
     125.1525102373949494      0.0110306
     125.7568727531521802      0.0222265
     126.3612377046068502      0.0127040
     126.9656050917589312      0.0022770
     127.5699749146084372     -0.0054717
     128.1743471732885098      0.0089053
     128.7787218676660359     -0.0034616
     129.3830989978075365     -0.0078119
     129.9874785637130401      0.0112562
     130.5918605655156739     -0.0029848
     131.1962450030823106      0.0097966
     131.8006318764795139      0.0190269
     132.4050211857738475     -0.0068276
     133.0094129308321840      0.0109273
     133.6138071118541859      0.0090233
     134.2182037287068113      0.0163962
     134.8226027815230736     -0.0076564
     135.4270042702364947      0.0074601
     136.0314081949136380      0.0031626
     136.6358145554878831      0.0029029
     137.2402233520924142      0.0051444
     137.8446345845940755      0.0049849
     138.4490482531259659     -0.0040917
     139.0534643577547342      0.0080820
     139.6578828982806328     -0.0022609
     140.2623038749033526     -0.0040097
     140.8667272875563299      0.0140200
     141.4711531363727204      0.0018439
     142.0755814211528048     -0.0000270
     142.6800121420963023      0.0023510
     143.2844452990700290     -0.0100931
     143.8888808922737610     -0.0105898
     144.4933189215743425      0.0015663
     145.0977593870382805      0.0114383
     145.7022022886656316      0.0036417
     146.3066476265229596     -0.0118429
     146.9110954005436724      0.0064622
     147.5155456107943905      0.0068149
     148.1199982572750571     -0.0001132
     148.7244533399857005      0.0043824
     149.3289108589928560     -0.0015040
     149.9333708142299884      0.0069866
     150.5378332057636612      0.0041026
     151.1422980335938746      0.0139838
     151.7467652977871637      0.0113526
     152.3512349982770502     -0.0070357
     152.9557071351299840     -0.0097180
     153.5601817083460219      0.0019290
     154.1646587179251924     -0.0112972
     154.7691381639340307      0.0042716
     155.3736200463725368     -0.0114978
     155.9781043651741186     -0.0013334
     156.5825911204053966     -0.0188879
     157.1870803121329061     -0.0053048
     157.7915719402900834     -0.0080899
     158.3960660049434921     -0.0039639
     159.0005625060931607     -0.0083209
     159.6050614437390038      0.0166976
     160.2095628179477274      0.0034040
     160.8140666286526539      0.0098971
     161.4185728759204039      0.0017119
     162.0230815598175127     -0.0042080
     162.6275926802108529     -0.0138985
     163.2321062372335803     -0.0209395
     163.8366222309522300     -0.0130440
     164.4411406611671396      0.0007213
     165.0456615280779715      0.0025148
     165.6501848316847543     -0.0049484
     166.2547105719874594     -0.0031669
     166.8592387489195517     -0.0008734
     167.4637693625475663      0.0001088
     168.0683024128715317      0.0069824
     168.6728379000245752     -0.0068954
     169.2773758238070059     -0.0034732
     169.8819161844184862     -0.0002070
     170.4864589817924809     -0.0063230
     171.0910042159955537     -0.0091485
     171.6955518868945489     -0.0061516
     172.3001019946892143     -0.0022524
     172.9046545393794929      0.0075602
     173.5092095208322860     -0.0103433
     174.1137669391807208     -0.0067725
     174.7183267943582337      0.0111175
     175.3228890864979519     -0.0070379
     175.9274538155333119     -0.0080651
     176.5320209814643420      0.0115479
     177.1365905843575206      0.0153245
     177.7411626242129614     -0.0011554
     178.3457371009640440      0.0113083
     178.9503140147438671     -0.0030632
     179.5548933656190229     -0.0079734
     180.1594751533898489     -0.0051050
     180.7640593781894722      0.0180812
     181.3686460400178362      0.0218198
     181.9732351390081249      0.0083285
     182.5778266749606189      0.0111525
     183.1824206480084740     -0.0077174
     183.7870170582182254     -0.0037801
     184.3916159055233095     -0.0171008
     184.9962171899237546     -0.0019669
     185.6008209114860676     -0.0040457
     186.2054270702103338     -0.0052858
     186.8100356660964962     -0.0061246
     187.4146466992111471      0.0074948
     188.0192601694877226     -0.0218640
     188.6238760769927580     -0.0170196
     189.2284944217262250     -0.0115104
     189.8331152036882372      0.0069457
     190.4377384229452446      0.0157054
     191.0423640794973608      0.0030964
     191.6469921733444721      0.0140550
     192.2516227044200718      0.0189033
     192.8562556728572872      0.0062387
     193.4608910786560898     -0.0050503
     194.0655289218165649     -0.0004556
     194.6701692022720351      0.0007957
     195.2748119202222767      0.0084990
     195.8794570754675419     -0.0070619
     196.4841046681409864     -0.0055839
     197.0887546982426386      0.0082178
     197.6934071658390053     -0.0173752
     198.2980620707970161     -0.0002039
     198.9027194132497414      0.0114069
     199.5073791931972380     -0.0070409
     200.1120414107060697     -0.0094942
     200.7167060656430237     -0.0162528
     201.3213731581413413     -0.0148376
     201.9260426881344017     -0.0048516
     202.5307146557553324      0.0074014
     203.1353890609375412      0.0089878
     203.7400659036810850     -0.0024947
     204.3447451840525275      0.0025010
     204.9494269019853050     -0.0009949
     205.5541110576124879      0.0123781
     206.1587976508010058     -0.0124621
     206.7634866817505497     -0.0177713
     207.3681781503279637      0.0102407
     207.9728720565998117      0.0009479
     208.5775684005661219     -0.0005466
     209.1822671822934581      0.0234756
     209.7869684016486644      0.0188616
     210.3916720588314604     -0.0084216
     210.9963781537752538     -0.0076182
     211.6010866865466653     -0.0028832
     212.2057976570125106      0.0120860
     212.8105110653059455      0.0053912
     213.4152269114934768      0.0015566
     214.0199451954420908     -0.0043949
     214.6246659172848581      0.0052232
     215.2293890769551581      0.0021224
     215.8341146745862318      0.0062507
     216.4388427100448382     -0.0041627
     217.0435731833976263     -0.0051622
     217.6483060947111312     -0.0108623
     218.2530414439853246     -0.0126391
     218.8577792311536996      0.0014785
     219.4625194563493551     -0.0089650
     220.0672621195056990     -0.0024766
     220.6720072206893803     -0.0049799
     221.2767547598337501     -0.0104591
     221.8815047370054003     -0.0128756
     222.4862571522708947     -0.0280013
     223.0910120055636980      0.0012061
     223.6957692969503739     -0.0110818
     224.3005290263643019      0.0002748
     224.9052911940052297      0.0023786
     225.5100557996734381     -0.0032856
     226.1148228434354905      0.0056511
     226.7195923254245429      0.0000472
     227.3243642455740030     -0.0046850
     227.9291386038838709      0.0027947
     228.5339154003542035     -0.0283681
     229.1386946350514791     -0.0134663
     229.7434763079757545      0.0000209
     230.3482604191270298     -0.0003389
     230.9530469685053049     -0.0124309
     231.5578359561771151      0.0094269
     232.1626273821424604     -0.0039593
     232.7674212463348340     -0.0112221
     233.3722175488873063     -0.0175842
     233.9770162897999057     -0.0056746
     234.5818174690060687      0.0041141
     235.1866210865723303      0.0007693
     235.7914271424987191     -0.0005905
     236.3962356368517987     -0.0078022
     237.0010465694984703      0.0026680
     237.6058599406383678      0.0009164
     238.2106757502049561      0.0064583
     238.8154939981982068      0.0014895
     239.4203146846181767     -0.0137926
     240.0251378095313726      0.0013199
     240.6299633730044434      0.0089000
     241.2347913749042050      0.0078667
     241.8396218152971642     -0.0049078
     242.4444546942499983      0.0016437
     243.0492900117626220      0.0112672
     243.6541277678350639      0.0040948
     244.2589679624008170     -0.0142676
     244.8638105956594870      0.0075852
     245.4686556674779752      0.0087932
     246.0735031779228734     -0.0037496
     246.6783531269941534     -0.0031681
     247.2832055147583787      0.0047427
     247.8880603410824506      0.0004481
     248.4929176061660314      0.0041031
     249.0977773098760224      0.0149701
     249.7026394524121145      0.0121504
     250.3075040335745598      0.0080072
     250.9123710534965710      0.0118708
     251.5172405121780628     -0.0205771
     252.1221124096191204     -0.0075137
     252.7269867458197155      0.0097055
     253.3318635208463547      0.0010658
     253.9367427346990951      0.0050148
     254.5416243873114013     -0.0048712
     255.1465084788163438     -0.0178734
     255.7513950091473873     -0.0121673
     256.3562839783710388      0.0265788
     256.9611753864874117      0.0002209
     257.5660692334964210      0.0010269
     258.1709655193981234      0.0050667
     258.7758642442590258      0.0071244
     259.3807654080125644     -0.0039792
     259.9856690107253598     -0.0073696
     260.5905750525305393      0.0097388
     261.1954835331617915      0.0063711
     261.8003944528853708     -0.0244746
     262.4053078115682069     -0.0180117
     263.0102236093434271      0.0074327
     263.6151418461444109      0.0000333
     264.2200625220377788      0.0080446
     264.8249856369569102     -0.0027871
     265.4299111909684257     -0.0001383
     266.0348391841388889      0.0071953
     266.6397696163351156      0.0067427
     267.2447024876902333      0.0035662
     267.8496377982709191     -0.0004794
     268.4545755480105527     -0.0109233
     269.0595157368424566     -0.0072517
     269.6644583649664924      0.0063525
     270.2694034322494190      0.0174660
     270.8743509386913502      0.0197300
     271.4793008844252995      0.0094917
     272.0842532694512670      0.0021460
     272.6892080937028027     -0.0097086
     273.2941653572463565     -0.0138701
     273.8991250600819853      0.0041297
     274.5040872022761960     -0.0025183
     275.1090517837625953     -0.0038878
     275.7140188045409559     -0.0052736
     276.3189882647445756     -0.0016518
     276.9239601643067772     -0.0001494
     277.5289345032276742      0.0131834
     278.1339112815737167     -0.0007387
     278.7388904993449046      0.0079794
     279.3438721565414085     -0.0208981
     279.9488562530964941      0.0024556
     280.5538427892098525     -0.0074173
     281.1588317648150337      0.0081313
     281.7638231798454171      0.0280118
     282.3688170343675665      0.0083474
     282.9738133284480455      0.0001533
     283.5788120620869108     -0.0034795
     284.1838132352174284     -0.0119314
     284.7888168479063324     -0.0033273
     285.3938229002201865     -0.0123443
     285.9988313920922565      0.0007728
     286.6038423235893902      0.0137645
     287.2088556947112465     -0.0062366
     287.8138715054581667     -0.0013637
     288.4188897558964868     -0.0028453
     289.0239104458930797      0.0075953
     289.6289335756477499     -0.0111437
     290.2339591451604974     -0.0036559
     290.8389871542981382      0.0141957
     291.4440176031272358     -0.0077376
     292.0490504917809176     -0.0048221
     292.6540858201260562      0.0069429
     293.2591235882958358      0.0037708
     293.8641637962235791      0.0075127
     294.4692064439759633      0.0101700
     295.0742515314864249      0.0103254
     295.6792990588214707      0.0051886
     296.2843490260476642      0.0020180
     296.8894014331650055      0.0237803
     297.4944562800404242      0.0030632
     298.0995135668735543      0.0089823
     298.7045732935978890     -0.0060756
     299.3096354602799352     -0.0015647
     299.9147000668531859     -0.0153723
     300.5197671133841482     -0.0009570
     301.1248365998728787      0.0033145
     301.7299085263192637      0.0152815
     302.3349828927899807      0.0136490
     302.9400596992184660      0.0123945
     303.5451389457378468     -0.0003898
     304.1502206322149391      0.0020130
     304.7553047587828701     -0.0057615
     305.3603913253751330      0.0102135
     305.9654803321247982      0.0105171
     306.5705717789654159      0.0060975
     307.1756656658302518      0.0147640
     307.7807619928526037     -0.0023878
     308.3858607600323012     -0.0117210
     308.9909619673695147      0.0017973
     309.5960656148641874      0.0099593
     310.2011717025827693      0.0147872
     310.8062802303923036      0.0212474
     311.4113911984923675      0.0030234
     312.0165046068165111      0.0116179
     312.6216204553645639      0.0065528
     313.2267387442032600     -0.0013071
     313.8318594732659221     -0.0003181
     314.4369826426191707      0.0033509
     315.0421082523295695      0.0010003
     315.6472363022639911      0.0102881
     316.2523667925555060      0.0044706
     316.8574997232707346      0.0113931
     317.4626350942765498      0.0042562
     318.0677729056395151      0.0028759
     318.6729131574261942      0.0069337
     319.2780558496365302     -0.0001203
     319.8832009822040732     -0.0051791
     320.4883485552618367     -0.0123182
     321.0934985687433709     -0.0093779
     321.6986510227151257     -0.0045749
     322.3038059171106511      0.0055725
     322.9089632520629607     -0.0015970
     323.5141230274389841      0.0041325
     324.1192852434384122     -0.0047852
     324.7244498999281177      0.0150482
     325.3296169969081575      0.0021815
     325.9347865345781088      0.0141948
     326.5399585127383375      0.0172407
     327.1451329315220278     -0.0023377
     327.7503097908625591      0.0136030
     328.3554890909595656     -0.0086173
     328.9606708316134700     -0.0030299
     329.5658550128907791     -0.0156532
     330.1710416348579997     -0.0126063
     330.7762306975818092     -0.0056849
     331.3814222009290802     -0.0017369
     331.9866161449662627      0.0030725
     332.5918125298265977     -0.0017986
     333.1970113553769011     -0.0127095
     333.8022126216837933     -0.0118204
     334.4074163287471038     -0.0014194
     335.0126224766336236     -0.0096635
     335.6178310652766754     -0.0023921
     336.2230420947428229      0.0176808
     336.8282555650986865      0.0150008
     337.4334714762776457      0.0148100
     338.0386898282796437      0.0063601
     338.6439106211714147      0.0277655
     339.2491338549527882      0.0086302
     339.8543595297570619      0.0038719
     340.4595876453178107      0.0060992
     341.0648182019014598     -0.0072416
     341.6700511994412750     -0.0021277
     342.2752866378707495      0.0011222
     342.8805245173231242     -0.0089986
     343.4857648377982287     -0.0059110
     344.0910075992962334      0.0063238
     344.6962528017504610     -0.0028185
     345.3015004452940389     -0.0017117
     345.9067505297938396     -0.0095832
     346.5120030555161748      0.0022807
     347.1172580221947896     -0.0066815
     347.7225154300293184     -0.0124988
     348.3277752790197610     -0.0259140
     348.9330375690996675     -0.0037729
     349.5383023002689242     -0.0017023
     350.1435694725941516     -0.0021958
     350.7488390862083634      0.0061547
     351.3541111409120390      0.0160444
     351.9593856368382490     -0.0039179
     352.5646625739203728     -0.0165601
     353.1699419523581582      0.0101084
     353.7752237719518575      0.0208438
     354.3805080328346548      0.0091869
     354.9857947349400433      0.0081074
     355.5910838784675434     -0.0233930
     356.1963754632176347     -0.0106788
     356.8016694892567671     -0.0071985
     357.4069659566515611      0.0162175
     358.0122648654020168      0.0131023
     358.6175662155080772      0.0184776
     359.2228700070364198      0.0047033
     359.8281762399203672      0.0129380
     360.4334849142265966     -0.0057270
     361.0387960298883741     -0.0179300
     361.6441095870389972     -0.0143115
     362.2494255856784093     -0.0051180
     362.8547440257399899      0.0216207
     363.4600649072904730      0.0171559
     364.0653882303296314     -0.0040006
     364.6707139949907628     -0.0086188
     365.2760422010074990     -0.0135781
     365.8813728486461514     -0.0073133
     366.4867059379067769     -0.0038325
     367.0920414686561344     -0.0198395
     367.6973794409609013     -0.0136609
     368.3027198548875276      0.0056632
     368.9080627105026338     -0.0046304
     369.5134080076731493     -0.0025344
     370.1187557464655811      0.0156444
     370.7241059269464358      0.0010047
     371.3294585491823909     -0.0115154
     371.9348136130403191     -0.0062559
     372.5401711185866702      0.0034360
     373.1455310658880649      0.0009483
     373.7508934548779393     -0.0224745
     374.3562582856229142     -0.0145193
     374.9616255581229325     -0.0261310
     375.5669952724445579      0.0094219
     376.1723674285212269     -0.0001086
     376.7777420264195598      0.0029980
     377.3831190661394430     -0.0086466
     377.9884985477475539     -0.0134193
     378.5938804711107650     -0.0118120
     379.1992648363620901     -0.0000211
     379.8046516435016429     -0.0036096
     380.4100408925959300     -0.0110144
     381.0154325835784448     -0.0031534
     381.6208267164491303     -0.0014963
     382.2262232912745503     -0.0168199
     382.8316223080547616     -0.0216580
     383.4370237667897072      0.0063223
     384.0424276675459510     -0.0244811
     384.6478340103235496     -0.0028011
     385.2532427950558827     -0.0068950
     385.8586540218096275     -0.0020182
     386.4640676905845567     -0.0176825
     387.0694838015140817     -0.0091744
     387.6749023544648480     -0.0096126
     388.2803233495035329      0.0082966
     388.8857467866300794      0.0055982
     389.4911726659111082      0.0274467
     390.0966009872799987      0.0314487
     390.7020317508033713      0.0308239
     391.3074649565477898      0.0202698
     391.9129006043800700     -0.0041958
     392.5183386944333392     -0.0002367
     393.1237792267077111      0.0016565
     393.7292222012030720     -0.0150050
     394.3346676179194219     -0.0032533
     394.9401154769234381      0.0031154
     395.5455657781484433      0.0085726
     396.1510185217275648     -0.0048003
     396.7564737075277321     -0.0165469
     397.3619313356155089     -0.0104171
     397.9673914061240225      0.0077162
     398.5728539188535819      0.0125906
     399.1783188740038213      0.0092405
     399.7837862715082338     -0.0106081
     400.3892561114333830     -0.0023494
     400.9947283937126485      0.0032764
     401.6002031184127077     -0.0098320
     402.2056802855335036      0.0112822
     402.8111598951415431     -0.0106615
     403.4166419471703193     -0.0027480
     404.0221264416198323      0.0019958
     404.6276133786232094      0.0087975
     405.2331027581803937      0.0043577
     405.8385945801583716      0.0027332
     406.4440888446901567      0.0148359
     407.0495855517758628      0.0125300
     407.6550847014154328      0.0074649
     408.2605862936754306     -0.0151100
     408.8660903284226720     -0.0193510
     409.4715968059235252     -0.0213746
     410.0771057259116219      0.0036140
     410.6826170885867100     -0.0026298
     411.2881308938822826     -0.0187992
     411.8936471419314103     -0.0147285
     412.4991658325344019     -0.0341253
     413.1046869658909486     -0.0284553
     413.7102105420009934     -0.0033867
     414.3157365607981433      0.0039006
     414.9212650222821708     -0.0181757
     415.5267959265864306     -0.0061046
     416.1323292736442454     -0.0141207
     416.7378650634556152     -0.0131939
     417.3434032960870468      0.0132226
     417.9489439714720902      0.0027728
     418.5544870898104364     -0.0005939
     419.1600326509022807      0.0071021
     419.7655806548143005      0.0107486
     420.3711311016795662     -0.0089971
     420.9766839914315710      0.0077440
     421.5822393240036376      0.0033227
     422.1877970995290070     -0.0004907
     422.7933573180076792      0.0089729
     423.3989199794395972      0.0196664
     424.0044850837581407      0.0068244
     424.6100526310965506      0.0061601
     425.2156226214548269     -0.0000083
     425.8211950548329696      0.0006258
     426.4267699311643014      0.0047079
     427.0323472505154996      0.0094749
     427.6379270130196915     -0.0077718
     428.2435092184770724      0.0032371
     428.8490938670209403     -0.0016201
     429.4546809587842517     -0.0042673
     430.0602704935009228     -0.0053577
     430.6658624714370944     -0.0037527
     431.2714568924595824      0.0141116
     431.8770537566351777      0.0065971
     432.4826530640302167      0.0082027
     433.0882548145116857      0.0233401
     433.6938590082792189     -0.0009999
     434.2994656452663662      0.0150211
     434.9050747254063936      0.0075698
     435.5106862487660351     -0.0105288
     436.1163002154783044      0.0001428
     436.7219166254100742      0.0048583
     437.3275354786280218     -0.0062343
     437.9331567751319767      0.0167853
     438.5387805149886731      0.0083445
     439.1444066981980541     -0.0154041
     439.7500353246934992      0.0082920
     440.3556663945416290     -0.0008814
     440.9612999078089501      0.0053238
     441.5669358644290128     -0.0026227
     442.1725742644682668      0.0102166
     442.7782151078601487     -0.0032849
     443.3838583948044629     -0.0037538
     443.9895041251014618     -0.0114613
     444.5951522988842157     -0.0022123
     445.2008029162194021      0.0005465
     445.8064559769737798      0.0171751
     446.4121114812139695      0.0052061
     447.0177694290064778     -0.0027588
     447.6234298203514186     -0.0102665
     448.2290926552487917     -0.0092340
     448.8347579336318063     -0.0136746
     449.4404256557004373     -0.0101751
     450.0460958213214440     -0.0061291
     450.6517684305613329      0.0106782
     451.2574434834202179      0.0035770
     451.8631209798980422      0.0130393
     452.4688009200613124     -0.0064380
     453.0744833038435786     -0.0052923
     453.6801681313779113      0.0017482
     454.2858554025976900     -0.0032940
     454.8915451175030285     -0.0008122
     455.4972372761604333     -0.0033287
     456.1029318785033411      0.0199481
     456.7086289246648789      0.0143872
     457.3143284145785401      0.0058523
     457.9200303483107746     -0.0006310
     458.5257347257951324     -0.0065125
     459.1314415471646271      0.0036984
     459.7371508122862451      0.0056462
     460.3428625212930569     -0.0149748
     460.9485766741851194     -0.0146600
     461.5542932709623187     -0.0061288
     462.1600123115582051      0.0113639
     462.7657337961058488      0.0155949
     463.3714577246053068     -0.0087285
     463.9771840969899017      0.0064640
     464.5829129133263109     -0.0094726
     465.1886441736145343     -0.0099845
     465.7943778779210220      0.0036815
     466.4001140262458875      0.0058763
     467.0058526185225105      0.0135458
     467.6115936548175114      0.0034703
     468.2173371351973969      0.0028539
     468.8230830595956604      0.0013221
     469.4288314280788086      0.0006816
     470.0345822407134051      0.0138356
     470.6403354973663795      0.0145756
     471.2460911981042386     -0.0085314
     471.8518493429936598     -0.0141597
     472.4576099321010361      0.0058705
     473.0633729652932971     -0.0011194
     473.6691384426371201     -0.0120117
     474.2749063641989551     -0.0266354
     474.8806767300453657      0.0069584
     475.4864495399767179     -0.0039954
     476.0922247941926457     -0.0117458
     476.6980024926266424     -0.0243471
     477.3037826354118920      0.0046994
     477.9095652224150967      0.0115194
     478.5153502537028771     -0.0057036
     479.1211377292754037     -0.0175609
     479.7269276491989558     -0.0026110
     480.3327200134738177     -0.0041251
     480.9385148220332553     -0.0129370
     481.5443120750103958     -0.0196757
     482.1501117723387324     -0.0087508
     482.7559139140848288     -0.0010470
     483.3617185002486849     -0.0016898
     483.9675255308302440     -0.0077341
     484.5733350058295628      0.0009277
     485.1791469253132050     -0.0002630
     485.7849612892811137      0.0027932
     486.3907780976668391     -0.0228083
     486.9965973505368311     -0.0098010
     487.6024190479577669     -0.0049546
     488.2082431899960966      0.0004620
     488.8140697764521860     -0.0053044
