Scan:     18 RXSJ0043.6+37252 2015-10-21 +01 37 38.0
         OPTICAL                 Tb    
        km/s-LSR                 XX
    -522.5193568263338193     -0.0103651
    -521.9176138590285063     -0.0072614
    -521.3158684718687255     -0.0152534
    -520.7141206648212801     -0.0092454
    -520.1123704379193669     -0.0186961
    -519.5106177911297891      0.0009848
    -518.9088627244192367     -0.0026933
    -518.3071052377210890     -0.0180390
    -517.7053453311352769      0.0132671
    -517.1035830045619832      0.0048050
    -516.5018182580010944     -0.0068671
    -515.9000510914526103      0.0002017
    -515.2982815049166447      0.0075878
    -514.6965094984263942      0.0004850
    -514.0947350718154212     -0.0180603
    -513.4929582251836564     -0.0063070
    -512.8911789584644794     -0.0078879
    -512.2893972716912003     -0.0002862
    -511.6876131648305090     -0.0153347
    -511.0858266378490953     -0.0163177
    -510.4840376908136363     -0.0170633
    -509.8822463235909481     -0.0230667
    -509.2804525361809169     -0.0042889
    -508.6786563286502769     -0.0012721
    -508.0768577009323508      0.0011745
    -507.4750566530271954      0.0061404
    -506.8732531849015004      0.0011628
    -506.2714472965885761      0.0067971
    -505.6696389879885487     -0.0068431
    -505.0678282591679249     -0.0276248
    -504.4660151100601979      0.0053659
    -503.8641995406654246      0.0004376
    -503.2623815509836049     -0.0135511
    -502.6605611410145684      0.0035635
    -502.0587383107584856      0.0076480
    -501.4569130600821723     -0.0048354
    -500.8550853890854455      0.0014752
    -500.2532552977017986     -0.0168923
    -499.6514227859312314      0.0047451
    -499.0495878537736871     -0.0148598
    -498.4477505012291090     -0.0095520
    -497.8459107282311038     -0.0168838
    -497.2440685348461784     -0.0150597
    -496.6422239209410918     -0.0247349
    -496.0403768865825214      0.0055130
    -495.4385274317037897     -0.0058657
    -494.8366755563716310     -0.0076231
    -494.2348212604861146      0.0034697
    -493.6329645441137473     -0.0071641
    -493.0311054072212755     -0.0051785
    -492.4292438497089393      0.0111252
    -491.8273798716431315     -0.0097170
    -491.2255134729907127     -0.0296073
    -490.6236446537183724      0.0032594
    -490.0217734138594210     -0.0089725
    -489.4198997533471811      0.0045363
    -488.8180236722482732     -0.0102145
    -488.2161451704296837      0.0012731
    -487.6142642479244955     -0.0010830
    -487.0123809047660757     -0.0030689
    -486.4104951408546640      0.0071365
    -485.8086069562566536      0.0028820
    -485.2067163509389616      0.0173608
    -484.6048233248347969     -0.0003132
    -484.0029278780442610      0.0074346
    -483.4010300104006888     -0.0098944
    -482.7991297220041247     -0.0134632
    -482.1972270127545812     -0.0111788
    -481.5953218827187357     -0.0057383
    -480.9934143318298538      0.0030868
    -480.3915043601214165     -0.0012383
    -479.7895919675600567     -0.0079077
    -479.1876771540792674     -0.0004920
    -478.5857599197121317      0.0034987
    -477.9838402644256234     -0.0013978
    -477.3819181882195721     -0.0072092
    -476.7799936910940346     -0.0206743
    -476.1780667729825041      0.0091855
    -475.5761374339846839      0.0038795
    -474.9742056739342502      0.0149068
    -474.3722714928977666      0.0023292
    -473.7703348908419798      0.0060796
    -473.1683958677668329     -0.0005779
    -472.5664544236390157      0.0042654
    -471.9645105584586418      0.0019621
    -471.3625642722589077      0.0189367
    -470.7606155649399398      0.0013574
    -470.1586644365017946      0.0076962
    -469.5567108869777826      0.0122936
    -468.9547549163012263     -0.0068974
    -468.3527965245055498     -0.0066242
    -467.7508357115240756     -0.0076846
    -467.1488724773901708      0.0143488
    -466.5469068221037219      0.0089712
    -465.9449387455982787     -0.0007835
    -465.3429682478404743      0.0081926
    -464.7409953288636757     -0.0044410
    -464.1390199886345158     -0.0081385
    -463.5370422271863049     -0.0051750
    -462.9350620444192259      0.0038199
    -462.3330794404330391      0.0017107
    -461.7310944150947876      0.0011089
    -461.1291069684375543     -0.0068403
    -460.5271171004281996     -0.0059178
    -459.9251248110999200     -0.0064439
    -459.3231301003861518     -0.0154851
    -458.7211329683202621     -0.0070831
    -458.1191334148688838      0.0067114
    -457.5171314399987637      0.0031780
    -456.9151270437099015     -0.0006240
    -456.3131202259689871     -0.0007522
    -455.7111109868093877      0.0152189
    -455.1090993261644257      0.0006194
    -454.5070852440341582     -0.0163153
    -453.9050687404518953      0.0030703
    -453.3030498153510166      0.0037264
    -452.7010284686982686     -0.0159141
    -452.0990047005269048     -0.0059586
    -451.4969785107703615      0.0032917
    -450.8949498994619489      0.0087943
    -450.2929188666016671      0.0031930
    -449.6908854121229524     -0.0157596
    -449.0888495360590582      0.0026216
    -448.4868112383767311      0.0044569
    -447.8847705190094075      0.0096987
    -447.2827273779903408      0.0071418
    -446.6806818153194740     -0.0057849
    -446.0786338309636108     -0.0224896
    -445.4765834249228078      0.0032795
    -444.8745305971969515      0.0064472
    -444.2724753476862816     -0.0018141
    -443.6704176764572480      0.0041025
    -443.0683575834766543     -0.0005232
    -442.4662950687111902      0.0065826
    -441.8642301321608556     -0.0043995
    -441.2621627737923973     -0.0043796
    -440.6600929937056321      0.0091480
    -440.0580207917008693      0.0101530
    -439.4559461678446155      0.0210186
    -438.8538691221702948      0.0077424
    -438.2517896546112866     -0.0013835
    -437.6497077651341669     -0.0078449
    -437.0476234537724167     -0.0068936
    -436.4455367205591756      0.0010358
    -435.8434475653613731      0.0137148
    -435.2413559881790661      0.0030838
    -434.6392619890787046     -0.0084746
    -434.0371655679937817      0.0022956
    -433.4350667248910440      0.0009190
    -432.8329654598036882     -0.0029582
    -432.2308617727318278     -0.0090761
    -431.6287556636420959     -0.0116238
    -431.0266471324346185     -0.0193366
    -430.4245361791760160      0.0002562
    -429.8224228038663455      0.0012075
    -429.2203070064389294     -0.0040604
    -428.6181887869270781     -0.0056823
    -428.0160681452642280      0.0030371
    -427.4139450815170562      0.0059162
    -426.8118195955855185      0.0045044
    -426.2096916875030388     -0.0018352
    -425.6075613572029965     -0.0130427
    -425.0054286047519554     -0.0138092
    -424.4032934300500983     -0.0017145
    -423.8011558331306787     -0.0093446
    -423.1990158140602603     -0.0134484
    -422.5968733726391520      0.0026498
    -421.9947285089672846      0.0066496
    -421.3925812230444876      0.0019133
    -420.7904315147710577      0.0050826
    -420.1882793842135015      0.0245117
    -419.5861248313385090      0.0239175
    -418.9839678561128835      0.0050001
    -418.3818084585698216      0.0058800
    -417.7796466386427596     -0.0036275
    -417.1774823962985010      0.0047019
    -416.5753157315702424      0.0077621
    -415.9731466443914769      0.0135126
    -415.3709751348287114      0.0119873
    -414.7688012028154390      0.0098156
    -414.1666248483848563     -0.0068672
    -413.5644460714372030      0.0072761
    -412.9622648719724225     -0.0026814
    -412.3600812500571351     -0.0013993
    -411.7578952055914669      0.0012189
    -411.1557067386086715      0.0061554
    -410.5535158490754384     -0.0081907
    -409.9513225370251917     -0.0093175
    -409.3491268023579437      0.0007880
    -408.7469286451070047     -0.0027644
    -408.1447280652391214     -0.0086528
    -407.5425250627543505      0.0107312
    -406.9403196376525216      0.0151034
    -406.3381117899004948      0.0023945
    -405.7359015195315806     -0.0074842
    -405.1336888264124809     -0.0028691
    -404.5314737106431267     -0.0213537
    -403.9292561721237576      0.0091585
    -403.3270362109208236      0.0025064
    -402.7248138269677611     -0.0027313
    -402.1225890202646838      0.0003389
    -401.5203617907782245     -0.0087727
    -400.9181321385749470      0.0105442
    -400.3159000635549774     -0.0005626
    -399.7136655656851190      0.0172214
    -399.1114286450318787     -0.0137321
    -398.5091893014953826     -0.0110913
    -397.9069475351422511     -0.0065210
    -397.3047033459058639     -0.0109410
    -396.7024567338528414     -0.0088024
    -396.1002076988499994      0.0067588
    -395.4979562409307050      0.0020847
    -394.8957023600615912     -0.0028119
    -394.2934460562759114     -0.0091499
    -393.6911873295404689      0.0063745
    -393.0889261798220105      0.0073119
    -392.4866626071869860     -0.0100734
    -391.8843966115023250     -0.0069697
    -391.2821281928013946      0.0064079
    -390.6798573510507140      0.0048295
    -390.0775840862837072      0.0150404
    -389.4753083984337536      0.0132060
    -388.8730302875341636      0.0103372
    -388.2707497535849939     -0.0027852
    -387.6684667965195104     -0.0025884
    -387.0661814163045733      0.0017709
    -386.4638936129401827     -0.0033731
    -385.8616033864595352     -0.0014728
    -385.2593107368293772      0.0056290
    -384.6570156640164555      0.0071934
    -384.0547181679874598     -0.0102980
    -383.4524182488423207     -0.0018081
    -382.8501159064145440      0.0121533
    -382.2478111407373831     -0.0149801
    -381.6455039518440913     -0.0073081
    -381.0431943396683323     -0.0030822
    -380.4408823042098220     -0.0071721
    -379.8385678455019843     -0.0063818
    -379.2362509634783123     -0.0083733
    -378.6339316581386356      0.0060751
    -378.0316099294165042     -0.0118858
    -377.4292857773784817     -0.0118899
    -376.8269592019578909      0.0017301
    -376.2246302031882124     -0.0037061
    -375.6222987810027689      0.0053705
    -375.0199649354348139     -0.0084311
    -374.4176286664177837     -0.0023019
    -373.8152899739849886      0.0059269
    -373.2129488580699217      0.0008788
    -372.6106053187057796      0.0286144
    -372.0082593558259987      0.0149617
    -371.4059109694972562      0.0051892
    -370.8035601596860715      0.0031834
    -370.2012069262927412     -0.0060604
    -369.5988512693837720      0.0011551
    -368.9964931888926571     -0.0015591
    -368.3941326848527069     -0.0004769
    -367.7917697571971871     -0.0070372
    -367.1894044059595217      0.0003105
    -366.5870366311397106     -0.0069967
    -365.9846664327043868     -0.0026604
    -365.3822938105870435      0.0009582
    -364.7799187648209909      0.0112900
    -364.1775412953728051      0.0134518
    -363.5751614022426565      0.0108996
    -362.9727790854304885      0.0081396
    -362.3703943448697373     -0.0059558
    -361.7680071806601632      0.0046667
    -361.1656175926354422     -0.0204648
    -360.5632255808621380     -0.0176283
    -359.9608311453069405     -0.0051682
    -359.3584342859699063     -0.0322384
    -358.7560350028176117     -0.0095896
    -358.1536332958834805      0.0054574
    -357.5512291651342025     -0.0053633
    -356.9488226104699038     -0.0034075
    -356.3464136319904583     -0.0116774
    -355.7440022295958784     -0.0055638
    -355.1415884033197017     -0.0121926
    -354.5391721531617009     -0.0042335
    -353.9367534790554828     -0.0085181
    -353.3343323811007508     -0.0009507
    -352.7319088590978708     -0.0010417
    -352.1294829131799702     -0.0023149
    -351.5270545432472318     -0.0009866
    -350.9246237493328522     -0.0065267
    -350.3221905314036348      0.0023384
    -349.7197548894595798      0.0177792
    -349.1173168234673199      0.0116447
    -348.5148763334935325      0.0112862
    -347.9124334194049766     -0.0118998
    -347.3099880812017091     -0.0094675
    -346.7075403189502936     -0.0231947
    -346.1050901325508562      0.0016611
    -345.5026375220367072     -0.0059124
    -344.9001824873745932     -0.0132633
    -344.2977250286310209      0.0107842
    -343.6952651456396097     -0.0116440
    -343.0928028385001767      0.0081075
    -342.4903381071461581      0.0070110
    -341.8878709515775540      0.0043097
    -341.2854013717611110      0.0027855
    -340.6829293677300825      0.0018290
    -340.0804549394845253      0.0118854
    -339.4779780869245087      0.0009322
    -338.8754988100834566     -0.0038903
    -338.2730171089278315     -0.0054119
    -337.6705329834579175     -0.0022420
    -337.0680464336401769     -0.0005556
    -336.4655574595080907     -0.0010871
    -335.8630660609949814      0.0035636
    -335.2605722381674695      0.0073386
    -334.6580759909256813      0.0104465
    -334.0555773192363063      0.0072108
    -333.4530762231659651     -0.0029310
    -332.8505727026480372     -0.0106521
    -332.2480667576826363     -0.0158556
    -331.6455583882696487      0.0009929
    -331.0430475944090176      0.0103639
    -330.4405343760343499     -0.0030962
    -329.8380187331122784     -0.0075591
    -329.2355006657093099     -0.0129435
    -328.6329801737589946     -0.0030789
    -328.0304572572612187      0.0137239
    -327.4279319161827857     -0.0039762
    -326.8254041505902023     -0.0022454
    -326.2228739603503982     -0.0018228
    -325.6203413454965698     -0.0024004
    -325.0178063060620843      0.0132847
    -324.4152688419470110      0.0268882
    -323.8127289531847168      0.0045616
    -323.2101866397751451     -0.0011127
    -322.6076419017184094      0.0073675
    -322.0050947389144653      0.0007703
    -321.4025451513967369     -0.0210856
    -320.7999931391651671     -0.0080655
    -320.1974387021864459      0.0138292
    -319.5948818404606868      0.0120863
    -318.9923225539545228     -0.0006116
    -318.3897608427012074     -0.0191204
    -317.7871967066674870     -0.0180435
    -317.1846301457535446      0.0014575
    -316.5820611600592542      0.0095448
    -315.9794897494846850      0.0004298
    -315.3769159140631473      0.0014232
    -314.7743396537946410     -0.0025797
    -314.1717609686126025      0.0094362
    -313.5691798585836523      0.0173484
    -312.9665963236079165      0.0198740
    -312.3640103636852814      0.0095229
    -311.7614219788158607     -0.0022415
    -311.1588311689996544      0.0116473
    -310.5562379342032955     -0.0024972
    -309.9536422743936441     -0.0014293
    -309.3510441896704037     -0.0066638
    -308.7484436798671936      0.0018717
    -308.1458407450173809      0.0103366
    -307.5432353851209086      0.0133692
    -306.9406276001777201      0.0156075
    -306.3380173901546755      0.0110596
    -305.7354047550516043      0.0048625
    -305.1327896948686202      0.0005641
    -304.5301722095391028     -0.0011129
    -303.9275522990630520      0.0299872
    -303.3249299634405247      0.0104601
    -302.7223052026382106     -0.0053156
    -302.1196780166893063     -0.0013751
    -301.5170484055274187      0.0010727
    -300.9144163691523772     -0.0003567
    -300.3117819076308592      0.0048603
    -299.7091450207964272      0.0126132
    -299.1065057087155878     -0.0016611
    -298.5038639713551447      0.0016347
    -297.9012198087483512     -0.0104346
    -297.2985732207952765      0.0043937
    -296.6959242075625980     -0.0065882
    -296.0932727690835122      0.0222569
    -295.4906189051584420      0.0056870
    -294.8879626159203440      0.0051252
    -294.2853039013028251      0.0023090
    -293.6826427612724615     -0.0058737
    -293.0799791958958735      0.0136183
    -292.4773132050733011     -0.0056447
    -291.8746447888711941      0.0065776
    -291.2719739471896787     -0.0054906
    -290.6693006800289254      0.0049728
    -290.0666249874220171      0.0014458
    -289.4639468693357571      0.0062523
    -288.8612663257036388      0.0040160
    -288.2585833565921689      0.0053531
    -287.6558979620012906     -0.0030649
    -287.0532101417979334      0.0156394
    -286.4505198960487178      0.0162038
    -285.8478272247202767     -0.0030091
    -285.2451321278126102     -0.0034568
    -284.6424346052924648      0.0044268
    -284.0397346571598405      0.0101221
    -283.4370322833814271      0.0032950
    -282.8343274840239019     -0.0082963
    -282.2316202589539671     -0.0095270
    -281.6289106082049329     -0.0016538
    -281.0261985317436597     -0.0058727
    -280.4234840296032871     -0.0024584
    -279.8207671017173084      0.0064299
    -279.2180477481189769     -0.0007846
    -278.6153259688084063      0.0025965
    -278.0126017636855522      0.0249294
    -277.4098751327837817     -0.0012754
    -276.8071460761031517     -0.0118172
    -276.2044145936102950     -0.0100683
    -275.6016806852719583     -0.0077697
    -274.9989443511215086     -0.0046673
    -274.3962055911588322      0.0039700
    -273.7934644052841691      0.0004308
    -273.1907207934974053      0.0058003
    -272.5879747558318513      0.0000340
    -271.9852262922876207      0.0010747
    -271.3824754027980362     -0.0038906
    -270.7797220873631545      0.0061011
    -270.1769663459496655      0.0243985
    -269.5742081786573863      0.0034201
    -268.9714475852866826     -0.0005956
    -268.3686845659706819     -0.0119634
    -267.7659191206094533     -0.0010302
    -267.1631512492363640      0.0016926
    -266.5603809517848504     -0.0072790
    -265.9576082283214191      0.0099841
    -265.3548330788128169      0.0038566
    -264.7520555031591698      0.0024770
    -264.1492755014270415      0.0074043
    -263.5464930735499820      0.0011149
    -262.9437082195611310     -0.0061939
    -262.3409209394272921      0.0160237
    -261.7381312331483514      0.0115619
    -261.1353391007244227     -0.0146053
    -260.5325445420556889     -0.0127651
    -259.9297475572085432     -0.0066516
    -259.3269481461165924     -0.0104626
    -258.7241463088130331      0.0075638
    -258.1213420452313017      0.0144591
    -257.5185353554047651      0.0025109
    -256.9157262393665633      0.0005499
    -256.3129146969836256     -0.0231987
    -255.7101007282893192     -0.0177848
    -255.1072843332502487      0.0119342
    -254.5044655118997241      0.0038753
    -253.9016442642044922     -0.0007851
    -253.2988205901312426      0.0014229
    -252.6959944896799755     -0.0119995
    -252.0931659628840293     -0.0046668
    -251.4903350096434451     -0.0007146
    -250.8875016299583365     -0.0186097
    -250.2846658238286466      0.0116042
    -249.6818275912543470     -0.0020094
    -249.0789869322354946      0.0012522
    -248.4761438467054973      0.0021395
    -247.8732983347642289      0.0127808
    -247.2704503962119418     -0.0055921
    -246.6676000311817916      0.0006083
    -246.0647472395739328     -0.0142069
    -245.4618920214216757     -0.0177689
    -244.8590343767249351     -0.0140623
    -244.2561743054172609      0.0049475
    -243.6533118075651316     -0.0041038
    -243.0504468830354483      0.0001702
    -242.4475795318947746      0.0023476
    -241.8447097541098003     -0.0022732
    -241.2418375496805538     -0.0064394
    -240.6389629185737533     -0.0038892
    -240.0360858607561454      0.0025210
    -239.4332063762942084      0.0131839
    -238.8303244650881538      0.0095866
    -238.2274401271046997      0.0000600
    -237.6245533624104098     -0.0011471
    -237.0216641709719454      0.0039361
    -236.4187725527228281      0.0030708
    -235.8158785076962829      0.0198892
    -235.2129820358590564      0.0055042
    -234.6100831372776838      0.0010811
    -234.0071818117857561     -0.0125167
    -233.4042780594498936      0.0013750
    -232.8013718802700112     -0.0075860
    -232.1984632741795735     -0.0128642
    -231.5955522412118910     -0.0082802
    -230.9926387813669635     -0.0197463
    -230.3897228946114808     -0.0032423
    -229.7868045808788793     -0.0013429
    -229.1838838402024408      0.0027457
    -228.5809606725488834     -0.0102302
    -227.9780350779182356      0.0083031
    -227.3751070563104690      0.0042795
    -226.7721766076922734     -0.0014179
    -226.1692437320637055      0.0082899
    -225.5663084293914551     -0.0080040
    -224.9633706996422120      0.0075971
    -224.3604305428160615     -0.0074158
    -223.7574879589128898      0.0091692
    -223.1545429479327822      0.0085496
    -222.5515955098091467      0.0099465
    -221.9486456446418003     -0.0007683
    -221.3456933522643908     -0.0085073
    -220.7427386327101431      0.0017618
    -220.1397814860123674     -0.0011278
    -219.5368219121377820     -0.0064928
    -218.9338599110531050      0.0031273
    -218.3308954827250261     -0.0055037
    -217.7279286272201375     -0.0027527
    -217.1249593444718755     -0.0095004
    -216.5219876344469014      0.0167792
    -215.9190134971453290     -0.0034175
    -215.3160369325337626     -0.0091383
    -214.7130579406455126     -0.0113142
    -214.1100765214140722     -0.0062883
    -213.5070926748726663      0.0007533
    -212.9041064010212949     -0.0038739
    -212.3011176997601694      0.0153841
    -211.6981265711557683      0.0068917
    -211.0951330151082743      0.0015144
    -210.4921370316842797      0.0044702
    -209.8891386208504741     -0.0123871
    -209.2861377825403224     -0.0055082
    -208.6831345168868950     -0.0107708
    -208.0801288236905862      0.0059223
    -207.4771207029845925      0.0022264
    -206.8741101548355061     -0.0000863
    -206.2710971791434815     -0.0039057
    -205.6680817759418289      0.0095918
    -205.0650639452305199      0.0156704
    -204.4620436869762727      0.0035691
    -203.8590210011124952      0.0117148
    -203.2559958877058364      0.0130685
    -202.6529683466563654      0.0017539
    -202.0499383780306459     -0.0049318
    -201.4469059817621712      0.0076342
    -200.8438711578508844     -0.0126242
    -200.2408339062968423     -0.0015964
    -199.6377942271000165     -0.0066521
    -199.0347521201937866     -0.0248228
    -198.4317075855782377     -0.0252815
    -197.8286606232533131     -0.0057973
    -197.2256112331857594     -0.0059085
    -196.6225594154088867      0.0002812
    -196.0195051698560746      0.0025732
    -195.4164484965606050     -0.0095852
    -194.8133893954559426     -0.0068822
    -194.2103278665420589     -0.0032321
    -193.6072639098189825      0.0067217
    -193.0041975252534314      0.0093006
    -192.4011287128453773     -0.0005965
    -191.7980574725948486      0.0016970
    -191.1949838045017884     -0.0051761
    -190.5919077084664366     -0.0078411
    -189.9888291845552999      0.0015191
    -189.3857482327017863     -0.0004574
    -188.7826648529059810     -0.0019016
    -188.1795790452011090     -0.0119755
    -187.5764908094873249     -0.0024588
    -186.9734001458311923      0.0057154
    -186.3703070541994578     -0.0017239
    -185.7672115345587827     -0.0033760
    -185.1641135868759420     -0.0103533
    -184.5610132111509074      0.0157374
    -183.9579104073503970      0.0154203
    -183.3548051755076642      0.0000516
    -182.7516975155895125      0.0009345
    -182.1485874276291383     -0.0051152
    -181.5454749115267248     -0.0064841
    -180.9423599672822718     -0.0024667
    -180.3392425948958078      0.0027214
    -179.7361227943672475     -0.0191291
    -179.1330005656301125     -0.0126809
    -178.5298759087509382     -0.0085153
    -177.9267488237296959      0.0221841
    -177.3236193104332870      0.0059908
    -176.7204873688949931     -0.0040451
    -176.1173529991480677     -0.0039353
    -175.5142162011260041     -0.0018545
    -174.9110769748287453      0.0095819
    -174.3079353202563198      0.0027802
    -173.7047912374420093      0.0002279
    -173.1016447262526299     -0.0015270
    -172.4984957867215201     -0.0099197
    -171.8953444188819901      0.0049928
    -171.2921906226673912     -0.0157523
    -170.6890343980777800     -0.0093472
    -170.0858757450798464     -0.0023772
    -169.4827146637069006      0.0109898
    -168.8795511539589143      0.0095284
    -168.2763852157360702      0.0131979
    -167.6732168490383401     -0.0073144
    -167.0700460538990058     -0.0216351
    -166.4668728302847853     -0.0034163
    -165.8636971781957357     -0.0018276
    -165.2605190975984613      0.0059236
    -164.6573385885263576     -0.0029940
    -164.0541556508461838     -0.0035896
    -163.4509702846246455      0.0083941
    -162.8477824898616007      0.0009684
    -162.2445922665238243     -0.0057348
    -161.6413996145780629      0.0127188
    -161.0382045340242883      0.0100406
    -160.4350070248957820     -0.0187007
    -159.8318070870593886     -0.0126434
    -159.2286047206150101      0.0069165
    -158.6253999254627445      0.0037549
    -158.0221927016692121     -0.0192275
    -157.4189830491677924      0.0028138
    -156.8157709679585139      0.0065845
    -156.2125564580413766     -0.0018008
    -155.6093395193830986      0.0198112
    -155.0061201519170595      0.0120245
    -154.4028983557432184     -0.0132817
    -153.7996741307283628     -0.0152455
    -153.1964474769390563     -0.0004424
    -152.5932183943420455     -0.0012658
    -151.9899868829373020      0.0135664
    -151.3867529426915723     -0.0024102
    -150.7835165735716032      0.0042181
    -150.1802777755773093      0.0076723
    -149.5770365487087474      0.0085706
    -148.9737928928992972      0.0025989
    -148.3705468082156074     -0.0136366
    -147.7672982945910576      0.0050821
    -147.1640473520589580     -0.0119330
    -146.5607939805194064     -0.0129064
    -145.9575381800057414     -0.0041222
    -145.3542799505179630      0.0019366
    -144.7510192919894507      0.0076237
    -144.1477562044868250      0.0045095
    -143.5444906879102120      0.0048491
    -142.9412227423594572     -0.0060740
    -142.3379523677014618     -0.0010528
    -141.7346795639694221     -0.0008220
    -141.1314043311301702     -0.0015628
    -140.5281266691836493     -0.0194088
    -139.9248465781298307     -0.0115800
    -139.3215640579354897      0.0008020
    -138.7182791086338796      0.0147208
    -138.1149917301251264      0.0113874
    -137.5117019224425690     -0.0034746
    -136.9084096855528401      0.0060109
    -136.3051150194560535      0.0105000
    -135.7018179241188420      0.0066782
    -135.0985183995745160     -0.0063053
    -134.4952164457564834      0.0077686
    -133.8919120627313362      0.0004965
    -133.2886052503659471     -0.0036686
    -132.6852960087268798      0.0023800
    -132.0819843377475706      0.0030103
    -131.4786702374612446     -0.0121037
    -130.8753537078347051      0.0056044
    -130.2720347488346135      0.0210762
    -129.6687133605275619      0.0202694
    -129.0653895427804230      0.0166081
    -128.4620632956264217     -0.0007062
    -127.8587346190656291      0.0018459
    -127.2554035130647208     -0.0093848
    -126.6520699776236967     -0.0086820
    -126.0487340127425995      0.0032911
    -125.4453956184213723     -0.0040415
    -124.8420547945601982     -0.0065773
    -124.2387115411923588      0.0174944
    -123.6353658583178543      0.0163493
    -123.0320177459366704      0.0178705
    -122.4286672039822292      0.0060489
    -121.8253142324545735      0.0240311
    -121.2219588313536605      0.0111565
    -120.6186010007460965      0.0050781
    -120.0152407404321622      0.0099075
    -119.4118780505449706      0.0231351
    -118.8085129309846906      0.0355206
    -118.2051453818178999      0.0499562
    -117.6017754029447246      0.0306273
    -116.9984029944317427     -0.0025237
    -116.3950281562456865      0.0213940
    -115.7916508883199498      0.0091225
    -115.1882711906545751      0.0206054
    -114.5848890632495483      0.0159044
    -113.9815045061048409      0.0390604
    -113.3781175191872137      0.0311265
    -112.7747281024966384      0.0367176
    -112.1713362560664109      0.0240458
    -111.5679419797633898      0.0305646
    -110.9645452736541529      0.0330618
    -110.3611461376720939      0.0132643
    -109.7577445718505658      0.0142236
    -109.1543405761562155      0.0159622
    -108.5509341505890859      0.0274378
    -107.9475252951491768      0.0231996
    -107.3441140097698963      0.0217690
    -106.7407002944512442      0.0336345
    -106.1372841491932633      0.0348249
    -105.5338655739959108      0.0433298
    -104.9304445687926233      0.0339260
    -104.3270211336166966      0.0352571
    -103.7235952684681450      0.0327837
    -103.1201669733136299      0.0388491
    -102.5167362480866586      0.0546521
    -101.9133030928204704      0.0297636
    -101.3098675074817692      0.0370617
    -100.7064294921038652      0.0446902
    -100.1029890465869130      0.0367327
     -99.4995461709974620      0.0363360
     -98.8961008653355265      0.0352104
     -98.2926531294679506      0.0267314
     -97.6892029634945942      0.0415772
     -97.0857503673156117      0.0447760
     -96.4822953409975810      0.0439660
     -95.8788378844406282      0.0446841
     -95.2753779977113311      0.0453795
     -94.6719156808096898      0.0461948
     -94.0684509336025769      0.0429281
     -93.4649837561565562      0.0384039
     -92.8615141484383173      0.0458149
     -92.2580421104479029      0.0455678
     -91.6545676421520028      0.0406798
     -91.0510907435506169      0.0489209
     -90.4476114146770414      0.0521825
     -89.8441296554314306      0.0400965
     -89.2406454658137704      0.0381587
     -88.6371588458240609      0.0219010
     -88.0336697954622878      0.0317723
     -87.4301783146952118      0.0451610
     -86.8266844035227905      0.0368998
     -86.2231880619117561      0.0437521
     -85.6196892898953905      0.0563205
     -85.0161880874071301      0.0552596
     -84.4126844544136929      0.0464424
     -83.8091783909816428      0.0532413
     -83.2056698970111341      0.0386285
     -82.6021589725354346      0.0383765
     -81.9986456175212624      0.0546897
     -81.3951298320019276      0.0543355
     -80.7916116159108384      0.0643318
     -80.1880909692147128      0.0553451
     -79.5845678919468469      0.0634980
     -78.9810423840739446      0.0674953
     -78.3775144455627242      0.0758259
     -77.7739840764464816      0.0839455
     -77.1704512767251884      0.0895388
     -76.5669160462657459      0.0872629
     -75.9633783851679709      0.0867682
     -75.3598382933653284      0.1002757
     -74.7562957708245222      0.1048422
     -74.1527508176121160      0.1099154
     -73.5492034336282501      0.1262068
     -72.9456536189727984      0.1589318
     -72.3421013734793235      0.1717123
     -71.7385466972143888      0.1721794
     -71.1349895901447269      0.2009711
     -70.5314300522703235      0.2085056
     -69.9278680835912070      0.2517075
     -69.3243036840740530      0.2920080
     -68.7207368536856080      0.2977113
     -68.1171675924924358      0.3319014
     -67.5135959003613806      0.3846189
     -66.9100217773257526      0.4317316
     -66.3064452233855377      0.4847810
     -65.7028662385074540      0.5490704
     -65.0992848226914873      0.6172071
     -64.4957009759376803      0.6961306
     -63.8921146982459831      0.7675941
     -63.2885259895165717      0.8545592
     -62.6849348497827279      0.9363750
     -62.0813412790444517      1.0091546
     -61.4777452773017359      1.1262627
     -60.8741468444880169      1.2262672
     -60.2705459806032948      1.2855142
     -59.6669426857141403      1.3876151
     -59.0633369596874118      1.4091697
     -58.4597288025563984      1.4548279
     -57.8561182143210999      1.4655252
     -57.2525051949149386      1.4805052
     -56.6488897444044994      1.4763520
     -56.0452718627232116      1.4662809
     -55.4416515498377791      1.4765947
     -54.8380288058480616      1.5143820
     -54.2344036305543540      1.5383095
     -53.6307760240897906      1.5706718
     -53.0271459863545331      1.6204505
     -52.4235135174151310      1.6744535
     -51.8198786171717387      1.7578462
     -51.2162412856576381      1.8383403
     -50.6126015229061252      1.9878627
     -50.0089593287840515      2.1051598
     -49.4053147033579947      2.2693450
     -48.8016676465613770      2.4507387
     -48.1980181584607692      2.6316581
     -47.5943662389563258      2.7861323
     -46.9907118880813286      2.8558280
     -46.3870551058690523      2.8796759
     -45.7833958921863839      2.8582208
     -45.1797342470665768      2.8193321
     -44.5760701705096594      2.7817428
     -43.9724036625156103      2.7672546
     -43.3687347230511548      2.7193580
     -42.7650633520830112      2.6696482
     -42.1613895496777502      2.6405590
     -41.5577133157022161      2.5708151
     -40.9540346501897190      2.5369525
     -40.3503535531402520      2.4957097
     -39.7466700245538078      2.4230454
     -39.1429840643638158      2.3511336
     -38.5392956726035791      2.2809141
     -37.9356048492397875      2.2186534
     -37.3319115943057511      2.1662121
     -36.7282159077015891      2.0938270
     -36.1245177894273297      2.0623994
     -35.5208172395162478      2.0051482
     -34.9171142579017655      1.9613130
     -34.3134088446171788      1.9295918
     -33.7097009996292059      1.8745599
     -33.1059907229711143      1.8702940
     -32.5022780145097911      1.8257725
     -31.8985628743117857      1.7987200
     -31.2948453023771052      1.8078315
     -30.6911252986391823      1.7840455
     -30.0874028630980135      1.7524565
     -29.4836779957536024      1.7694112
     -28.8799506966392343      1.7382194
     -28.2762209656550496      1.7465659
     -27.6724888028010625      1.7397631
     -27.0687542080772623      1.7161921
     -26.4650171814836490      1.7198633
     -25.8612777229869408      1.7108042
     -25.2575358325871449      1.7028097
     -24.6537915102842540      1.7062734
     -24.0500447560116939      1.6988925
     -23.4462955698027642      1.7021954
     -22.8425439515908870      1.6874371
     -22.2387899014093477      1.7128921
     -21.6350334192248646      1.7127408
     -21.0312745050374375      1.7037205
     -20.4275131588137775      1.7121136
     -19.8237493806204590      1.7231641
     -19.2199831702910586      1.7108130
     -18.6162145278921471      1.7291338
     -18.0124434534237245      1.7442909
     -17.4086699468525090      1.7469467
     -16.8048940081452081      1.7740667
     -16.2011156373018324      1.7953935
     -15.5973348343889420      1.8178005
     -14.9935515992401207      1.8639001
     -14.3897659319219358      1.9103769
     -13.7859778324343889      1.9793351
     -13.1821873007109112      2.0551977
     -12.5783943367847879      2.1465585
     -11.9745989406227302      2.2384157
     -11.3708011122913142      2.3698933
     -10.7670008516241147      2.5205281
     -10.1631981586544153      2.6929612
      -9.5593930334155033      2.9082925
      -8.9555854758740931      3.1676583
      -8.3517754859969031      3.4862318
      -7.7479630637839296      3.9247189
      -7.1441482092684589      4.5378551
      -6.5403309223506403      5.3612266
      -5.9365112030304727      6.4503350
      -5.3326890513412391      7.7508621
      -4.7288644672163738      9.0872173
      -4.1250374506891596     10.0274086
      -3.5212080016930285     10.4872942
      -2.9173761202612654     10.5394564
      -2.3135418064271538     10.4678383
      -1.7097050600242754     10.3902884
      -1.1058658811524806     10.4410658
      -0.5020242697452025     10.6782675
       0.1018197741975590     10.9000683
       0.7056662506758038     10.9802217
       1.3095151596562484     10.7895632
       1.9133665012054601     10.4054117
       2.5172202753900059      9.9853106
       3.1210764822098862      9.5556803
       3.7249351215985333      9.2572298
       4.3287961936225150      9.0380955
       4.9326596983483979      8.8840179
       5.5365256356430486      8.6918573
       6.1403940056396005      8.3217630
       6.7442648083380536      7.7633934
       7.3481380437384090      7.1110868
       7.9520137118406646      6.4492159
       8.5558918127113905      5.7460918
       9.1597723463505840      5.0393219
       9.7636553126916805      4.3218570
      10.3675407118012455      3.6217299
      10.9714285437458479      3.0627732
      11.5753188085254841      2.5803154
      12.1792115060735906      2.1807041
      12.7831066365232999      1.8424517
      13.3870041997414795      1.5491184
      13.9909041958612619      1.3076924
      14.5948066248826471      1.0954152
      15.1987114867390698      0.9284056
      15.8026187815636625      0.8015433
      16.4065285092898598      0.6684570
      17.0104406699842272      0.5604433
      17.6143552635801974      0.4870991
      18.2182722902109049      0.4031664
      18.8221917498097824      0.3461384
      19.4261136423102698      0.2973486
      20.0300379679120546      0.2564284
      20.6339647265485837      0.2216961
      21.2378939182198465      0.1840758
      21.8418255429258501      0.1739319
      22.4457596007331581      0.1231015
      23.0496960916417706      0.1209060
      23.6536350155851203      0.1002996
      24.2575763726297815      0.1060274
      24.8615201629088780      0.0754477
      25.4654663862892789      0.0590798
      26.0694150427709879      0.0563432
      26.6733661324871356      0.0503034
      27.2773196554377222      0.0614609
      27.8812756114896132      0.0396966
      28.4852340007759501      0.0303975
      29.0891948233632895      0.0402766
      29.6931580791850678      0.0402198
      30.2971237682412919      0.0289767
      30.9010918905985186      0.0348456
      31.5050624461901876      0.0162761
      32.1090354351494298      0.0156978
      32.7130108573431073     -0.0053928
      33.3169887129709394      0.0165122
      33.9209690019663341      0.0300063
      34.5249517242627419      0.0058642
      35.1289368799932831      0.0107219
      35.7329244690914152      0.0154816
      36.3369144915571098      0.0083657
      36.9409069474569449     -0.0054920
      37.5449018368574983      0.0140683
      38.1488991596256142      0.0205648
      38.7528989159610191      0.0163335
      39.3569011057305644      0.0173354
      39.9609057290008067      0.0125665
      40.5649127857717673      0.0096917
      41.1689222760434319      0.0018617
      41.7729341999489492     -0.0023221
      42.3769485573551705     -0.0041716
      42.9809653483286667      0.0115279
      43.5849845729360084     -0.0070893
      44.1890062311106320     -0.0111212
      44.7930303229190869     -0.0003771
      45.3970568482948309     -0.0130250
      46.0010858073044133      0.0077385
      46.6051172000809757      0.0084951
      47.2091510264913836     -0.0159466
      47.8131872866021936     -0.0095801
      48.4172259803468563      0.0110290
      49.0212671078584989      0.0050696
      49.6253106691371144      0.0138156
      50.2293566641161391     -0.0033277
      50.8334050928621437     -0.0059241
      51.4374559553751283      0.0025374
      52.0415092517216635      0.0054565
      52.6455649819017353      0.0035168
      53.2496231458487870     -0.0030260
      53.8536837436293894     -0.0039992
      54.4577467752435354      0.0002736
      55.0618122407577886      0.0003531
      55.6658801401721632     -0.0064938
      56.2699504734200815      0.0062065
      56.8740232406346777      0.0092537
      57.4780984417493883      0.0087580
      58.0821760768307769     -0.0051639
      58.6862561458122798      0.0078774
      59.2903386488270314      0.0036262
      59.8944235858084681     -0.0050545
      60.4985109567565758      0.0063586
      61.1026007617379392     -0.0025433
      61.7066930007525372     -0.0079802
      62.3107876738003981     -0.0151348
      62.9148847809480642     -0.0053656
      63.5189843220624084      0.0075095
      64.1230862973431499     -0.0242528
      64.7271907067236896     -0.0124857
      65.3312975502040558     -0.0177683
      65.9354068278507981     -0.0060920
      66.5395185395973527      0.0063776
      67.1436326855102976      0.0077097
      67.7477492655896185     -0.0066060
      68.3518682799018791     -0.0114276
      68.9559897283805441      0.0181834
      69.5601136110921487      0.0106693
      70.1642399280366931      0.0151293
      70.7683686792142055     -0.0033819
      71.3724998646912212     -0.0052541
      71.9766334844011908     -0.0174750
      72.5807695384106779     -0.0016984
      73.1849080267862462     -0.0107346
      73.7890489493947683      0.0019191
      74.3931923064359495      0.0005704
      74.9973380977766197      0.0204658
      75.6014863234833854      0.0056130
      76.2056369835562464      0.0152276
      76.8097900779951885      0.0091499
      77.4139456069333534     -0.0238122
      78.0181035702375993     -0.0082907
      78.6222639680410538     -0.0037451
      79.2264268002771672      0.0032025
      79.8305920669459255     -0.0091952
      80.4347597681139206     -0.0039045
      81.0389299037145463     -0.0052265
      81.6431024739475220     -0.0029600
      82.2472774786797345      0.0002930
      82.8514549179111697      0.0015023
      83.4556347917083770     -0.0029867
      84.0598171001379342     -0.0124236
      84.6640018430667141     -0.0099551
      85.2681890206278439     -0.0002806
      85.8723786328213521      0.0095611
      86.4765706796471818      0.0127642
      87.0807651611053757      0.0115343
      87.6849620772624974      0.0145704
      88.2891614280519548      0.0051154
      88.8933632135403400     -0.0184927
      89.4975674337276530      0.0162564
      90.1017740886138938      0.0130144
      90.7059831782656119      0.0003322
      91.3101947026828071      0.0172044
      91.9144086618655081     -0.0021180
      92.5186250558137004     -0.0001715
      93.1228438845273701      0.0031151
      93.7270651480730947     -0.0032931
      94.3312888463842967      0.0115136
      94.9355149795941458      0.0017096
      95.5397435476360215     -0.0104310
      96.1439745505765444      0.0002457
      96.7482079884156718     -0.0049529
      97.3524438610868685      0.0089760
      97.9566821687232476     -0.0127731
      98.5609229111916818     -0.0141984
      99.1651660886918620      0.0027781
      99.7694117010906893     -0.0114171
     100.3736597485212485     -0.0077052
     100.9779102309170327     -0.0057688
     101.5821631482779708      0.0062400
     102.1864185006706833      0.0044829
     102.7906762880951419     -0.0004711
     103.3949365105513749      0.0039784
     103.9991991680393539      0.0005206
     104.6034642606922205     -0.0126232
     105.2077317883768615      0.0087336
     105.8120017511597979     -0.0037944
     106.4162741490410866      0.0126589
     107.0205489820206850     -0.0112723
     107.6248262502317345      0.0022565
     108.2291059536077000      0.0103138
     108.8333880920819610      0.0001138
     109.4376726658542793     -0.0008365
     110.0419596747249074     -0.0012512
     110.6462491188935502     -0.0004293
     111.2505409982270947      0.0029028
     111.8548353127921047      0.0038969
     112.4591320627216930      0.0054693
     113.0634312478827468     -0.0089350
     113.6677328683418295      0.0023056
     114.2720369240989413     -0.0073878
     114.8763434152206457     -0.0106244
     115.4806523416403650     -0.0077269
     116.0849637033581274     -0.0152512
     116.6892775005070462     -0.0298878
     117.2935937330205434     -0.0218477
     117.8979124009652111      0.0044446
     118.5022335042744857     -0.0068988
     119.1065570430814660     -0.0070533
     119.7108830172530531     -0.0003908
     120.3152114268558108     -0.0090392
     120.9195422719562742      0.0013789
     121.5238755526210497      0.0103901
     122.1282112687169672      0.0064824
     122.7325494203106331      0.0044424
     123.3368900074685826      0.0040282
     123.9412330301908298      0.0016487
     124.5455784884108112     -0.0033452
     125.1499263822616541      0.0038430
     125.7542767116767948     -0.0075019
     126.3586294766562190     -0.0147622
     126.9629846773330826      0.0123260
     127.5673423135742297      0.0075201
     128.1717023855128161     -0.0079840
     128.7760648930822640      0.0089014
     129.3804298362825875     -0.0066171
     129.9847972152468856     -0.0047709
     130.5891670299086229     -0.0175246
     131.1935392802677995     -0.0127166
     131.7979139663909791     -0.0080403
     132.4022910882115411      0.0100347
     133.0066706458627266      0.0280345
     133.6110526392113229      0.0124031
     134.2154370683904574      0.0058845
     134.8198239334001869      0.0142166
     135.4242132342404830     -0.0012441
     136.0286049709113172      0.0028532
     136.6329991434127464     -0.0032308
     137.2373957518112775      0.0014620
     137.8417947960404035      0.0082665
     138.4461962761666314     -0.0056666
     139.0506001922565531      0.0016144
     139.6550065443102255      0.0006837
     140.2594153322609714     -0.0008649
     140.8638265561089042      0.0035383
     141.4682402159870662      0.0059654
     142.0726563118289221      0.0052420
     142.6770748437010639     -0.0094697
     143.2814958115368995     -0.0078333
     143.8859192154695563     -0.0027425
     144.4903450553659354     -0.0032741
     145.0947733314256993      0.0064594
     145.6992040435157492      0.0052027
     146.3036371916360565     -0.0017413
     146.9080727758531850     -0.0056757
     147.5125107963003188     -0.0126637
     148.1169512527776817     -0.0065136
     148.7213941454850215     -0.0077037
     149.3258394742891824      0.0109008
     149.9302872393233486      0.0045341
     150.5347374405208711      0.0014245
     151.1391900778818354     -0.0044314
     151.7436451514727480      0.0071652
     152.3481026613601728     -0.0022672
     152.9525626074776028     -0.0040957
     153.5570249898249813      0.0032761
     154.1614898085354639      0.0089425
     154.7659570634759234      0.0133680
     155.3704267547129234      0.0065184
     155.9748988822464639     -0.0050099
     156.5793734462096438     -0.0110798
     157.1838504464693926      0.0055185
     157.7883298831587808     -0.0019201
     158.3928117561447095     -0.0118376
     158.9972960656268981      0.0016881
     159.6017828114721908      0.0008331
     160.2062719936805593      0.0149179
     160.8107636123851876     -0.0081129
     161.4152576675860757     -0.0087293
     162.0197541592165749     -0.0020132
     162.6242530873433623     -0.0071470
     163.2287544519663527     -0.0009261
     163.8332582530856030     -0.0033668
     164.4377644907010847     -0.0015102
     165.0422731649459251     -0.0020180
     165.6467842757535607     -0.0196201
     166.2512978230574845     -0.0059627
     166.8558138070573023     -0.0085991
     167.4603322275533799      0.0034656
     168.0648530847453799     -0.0121128
     168.6693763785002034     -0.0039917
     169.2739021089509777     -0.0114405
     169.8784302760310823     -0.0048684
     170.4829608798737297     -0.0009715
     171.0874939203457359      0.0008412
     171.6920293975136929      0.0097515
     172.2965673114441358      0.0011251
     172.9011076620039660      0.0119317
     173.5056504494594094      0.0065022
     174.1101956736108320     -0.0165540
     174.7147433345247407     -0.0087179
     175.3192934322677274     -0.0001364
     175.9238459668397923     -0.0040426
     176.5284009382409351     -0.0059543
     177.1329583464045641     -0.0044279
     177.7375181914638347      0.0087695
     178.3420804734187755      0.0023943
     178.9466451922027659      0.0051604
     179.5512123479489901      0.0004248
     180.1557819405908276      0.0054564
     180.7603539701283069     -0.0077150
     181.3649284366280199     -0.0023974
     181.9695053400899383     -0.0137181
     182.5740846805140336      0.0055605
     183.1786664579669264      0.0038588
     183.7832506723820529     -0.0070679
     184.3878373238259201      0.0256166
     184.9924264122985846     -0.0119337
     185.5970179377999898     -0.0062907
     186.2016119003301924     -0.0020448
     186.8062083000223197      0.0046852
     187.4108071367432160     -0.0193858
     188.0154084106260086     -0.0071737
     188.6200121216041339      0.0075995
     189.2246182696776202      0.0040060
     189.8292268549796233     -0.0034476
     190.4338378773103386     -0.0077838
     191.0384513369361343      0.0138540
     191.6430672337238263      0.0114081
     192.2476855677400067     -0.0078559
     192.8523063389181118      0.0018269
     193.4569295473912121     -0.0003074
     194.0615551930928291     -0.0001612
     194.6661832760894981      0.0053205
     195.2708137963146271      0.0191456
     195.8754467539013717      0.0067792
     196.4800821487831399      0.0085725
     197.0847199809599886     -0.0134135
     197.6893602504984244     -0.0104793
     198.2940029573985043      0.0147327
     198.8986481016601715     -0.0058697
     199.5032956832834543      0.0007273
     200.1079457023349164      0.0065527
     200.7125981587479941      0.0127423
     201.3172530526558148      0.0026353
     201.9219103839918432      0.0009599
     202.5265701528225861     -0.0036696
     203.1312323590815083     -0.0199160
     203.7358970027686098     -0.0186056
     204.3405640840170463     -0.0145773
     204.9452336028267609     -0.0235771
     205.5499055591312754      0.0044338
     206.1545799529970679     -0.0050955
     206.7592567844241955      0.0002384
     207.3639360534126297     -0.0015728
     207.9686177599623704     -0.0125553
     208.5733019041399814      0.0164301
     209.1779884859454910      0.0163636
     209.7826775053788708      0.0180390
     210.3873689625067414      0.0039860
     210.9920628572624537      0.0008572
     211.5967591897125999     -0.0068116
     212.2014579598572084     -0.0064315
     212.8061591676297155     -0.0236262
     213.4108628132298122     -0.0099226
     214.0155688965243428     -0.0027257
     214.6202774176464629     -0.0129481
     215.2249883764630169     -0.0077089
     215.8297017730405969      0.0021345
     216.4344176075123301     -0.0092886
     217.0391358796784971     -0.0210753
     217.6438565897388457     -0.0091077
     218.2485797376267556      0.0044908
     218.8533053233422550     -0.0028048
     219.4580333470184712     -0.0103110
     220.0627638085222486     -0.0067189
     220.6674967079202077      0.0048130
     221.2722320452123199      0.0062044
     221.8769698204651490      0.0062524
     222.4817100336786950      0.0012372
     223.0864526848529295     -0.0073945
     223.6911977739879092      0.0038034
     224.2959453010836057     -0.0094003
     224.9006952662065828     -0.0022370
     225.5054476693568688     -0.0105860
     226.1102025105344069      0.0128268
     226.7149597897392255     -0.0051115
     227.3197195070379166     -0.0076622
     227.9244816624304519      0.0194603
     228.5292462558502677      0.0056341
     229.1340132874305198     -0.0013141
     229.7387827571712080      0.0018224
     230.3435546649391483      0.0027917
     230.9483290109340601      0.0099687
     231.5531057950894365      0.0063696
     232.1578850174051922     -0.0167406
     232.7626666779479763     -0.0080387
     233.3674507766511397      0.0030249
     233.9722373136478950      0.0008916
     234.5770262888050581     -0.0045280
     235.1818177022557563      0.0017337
     235.7866115540000749     -0.0089446
     236.3914078439713080     -0.0083964
     236.9962065723026683     -0.0177456
     237.6010077389276205     -0.0129571
     238.2058113438461078      0.0043036
     238.8106173871247222      0.0034617
     239.4154258687634353      0.0011343
     240.0202367888288677      0.0180229
     240.6250501472543988      0.0075682
     241.2298659440400570     -0.0027456
     241.8346841792524344     -0.0062783
     242.4395048529580095     -0.0090146
     243.0443279650237685      0.0128337
     243.6491535155827535     -0.0060840
     244.2539815046350213     -0.0059093
     244.8588119321805152     -0.0109182
     245.4636447982192635     -0.0004063
     246.0684801028178583      0.0014100
     246.6733178459096791      0.0004163
     247.2781580275613464      0.0015899
     247.8830006477062682      0.0008344
     248.4878457064776001      0.0032409
     249.0926932038752852      0.0034916
     249.6975431398993805     -0.0033661
     250.3023955144832939      0.0071383
     250.9072503277601811      0.0021260
     251.5121075796634216      0.0009538
     252.1169672701931006      0.0190578
     252.7218293994822602      0.0092344
     253.3266939673978584      0.0070067
     253.9315609740729656      0.0161328
     254.5364304195075817      0.0159155
     255.1413023036351717      0.0223045
     255.7461766265222707      0.0138945
     256.3510533881689071      0.0076993
     256.9559325885750809      0.0055099
     257.5608142278738910      0.0092698
     258.1656983059322101     -0.0021559
     258.7705848228166587      0.0165708
     259.3754737785937436      0.0031535
     259.9803651731969580      0.0100324
     260.5852590066262451     -0.0049110
     261.1901552789481684      0.0090774
     261.7950539902294054      0.0037697
     262.3999551404031649     -0.0070462
     263.0048587295362950     -0.0079837
     263.6097647576285681      0.0118250
     264.2146732246135343      0.0095231
     264.8195841306242642      0.0080151
     265.4244974755942508      0.0137246
     266.0294132595900010      0.0088737
     266.6343314826115147      0.0074998
     267.2392521447254694      0.0201303
     267.8441752457986809      0.0095072
     268.4491007860307263     -0.0076126
     269.0540287652885922     -0.0037925
     269.6589591835722786     -0.0092285
     270.2638920410814194      0.0120736
     270.8688273376164375      0.0120352
     271.4737650733769101      0.0070319
     272.0787052482962736      0.0202349
     272.6836478623080211      0.0170879
     273.2885929155452800      0.0147194
     273.8935404079414297      0.0036691
     274.4984903396296545      0.0089474
     275.1034427104768838      0.0110517
     275.7083975206160744      0.0132365
     276.3133547699808332      0.0171923
     276.9183144586376102      0.0153756
     277.5232765865865190      0.0208121
     278.1282411538273891      0.0120444
     278.7332081603603910     -0.0005230
     279.3381776062520316      0.0061580
     279.9431494915022540      0.0066903
     280.5481238161111150      0.0081490
     281.1531005800786716      0.0022115
     281.7580797834713735      0.0096716
     282.3630614262227141      0.0096861
     282.9680455083326933     -0.0044236
     283.5730320300010021     -0.0019837
     284.1780209910279495     -0.0016837
     284.7830123916132266      0.0178198
     285.3880062316237058      0.0082132
     285.9930025111259511      0.0081794
     286.5980012301199622      0.0093682
     287.2030023886722461      0.0035662
     287.8080059867163527      0.0163168
     288.4130120243854094      0.0143509
     289.0180205015461752     -0.0062665
     289.6230314183318342      0.0130242
     290.2280447747423864     -0.0092005
     290.8330605707113250      0.0033094
     291.4380788063051568      0.0041889
     292.0430994815903887     -0.0018591
     292.6481225965005706     -0.0000807
     293.2531481511022093     -0.0084426
     293.8581761453287413      0.0201035
     294.4632065793133506      0.0071867
     295.0682394529893600      0.0102754
     295.6732747664234466      0.0013060
     296.2783125195489902      0.0126592
     296.8833527124991747      0.0098213
     297.4883953452073797      0.0043007
     298.0934404176735484     -0.0034635
     298.6984879299643580     -0.0016172
     299.3035378820798087      0.0067994
     299.9085902740198435      0.0243016
     300.5136451057844624      0.0198425
     301.1187023774402860      0.0020865
     301.7237620889206937      0.0074632
     302.3288242403588129      0.0045586
     302.9338888316881366      0.0151295
     303.5389558629751718      0.0164875
     304.1440253341533548      0.0164633
     304.7490972452227993      0.0037770
     305.3541715963165188     -0.0059093
     305.9592483874344566     -0.0056216
     306.5643276185102195      0.0085813
     307.1694092896102006      0.0065530
     307.7744934007346274      0.0044307
     308.3795799518832155     -0.0134485
     308.9846689431227560     -0.0129187
     309.5897603743200079      0.0046336
     310.1948542456746623     -0.0063348
     310.7999505571202690     -0.0035242
     311.4050493087232780     -0.0086506
     312.0101505004171827      0.0112374
     312.6152541322684897      0.0146831
     313.2203602042771990     -0.0021598
     313.8254687164434245      0.0046803
     314.4305796687670522     -0.0043332
     315.0356930613812096      0.0249480
     315.6408088941529400      0.0079401
     316.2459271671485794      0.0054795
     316.8510478804348054      0.0056247
     317.4561710339449974      0.0036142
     318.0612966277457758     -0.0035174
     318.6664246618371408      0.0071647
     319.2715551362191491     -0.0020483
     319.8766880508916870     -0.0108162
     320.4818234059879387     -0.0083872
     321.0869612013747201     -0.0104836
     321.6921014371186516     -0.0026992
     322.2972441132197332      0.0065790
     322.9023892298111491      0.0028136
     323.5075367867596015     -0.0035340
     324.1126867841318813     -0.0069716
     324.7178392219277612      0.0043198
     325.3229941002139753     -0.0116425
     325.9281514189238464     -0.0056309
     326.5333111781240518     -0.0129808
     327.1384733778145346     -0.0012627
     327.7436380180618016      0.0063130
     328.3488050987993461      0.0011516
     328.9539746200937884     -0.0179644
     329.5591465819450718     -0.0157128
     330.1643209843531395      0.0001901
     330.7694978273846687      0.0150774
     331.3746771109064753     -0.0043063
     331.9798588351182502     -0.0020248
     332.5850430000199935     -0.0061828
     333.1902296054785211     -0.0116038
     333.7954186516271307     -0.0064902
     334.4006101384656517      0.0033430
     335.0058040659941412     -0.0064577
     335.6110004342126558      0.0019625
     336.2161992431211388     -0.0077993
     336.8214004927861538     -0.0116181
     337.4266041832742644     -0.0203265
     338.0318103144524002     -0.0064542
     338.6370188863870681     -0.0159141
     339.2422298991447747      0.0061580
     339.8474433526591270      0.0025001
     340.4526592470630817     -0.0022766
     341.0578775822901889      0.0037971
     341.6630983584069554     -0.0026482
     342.2683215753468744     -0.0074014
     342.8735472331763958      0.0091599
     343.4787753318956902     -0.0098641
     344.0840058715045870      0.0037160
     344.6892388520032569     -0.0104372
     345.2944742735246564      0.0033632
     345.8997121360023357      0.0053149
     346.5049524394362379     -0.0264607
     347.1101951838263631      0.0002403
     347.7154403692393885     -0.0011066
     348.3206879956751436     -0.0070686
     348.9259380630672354     -0.0047412
     349.5311905715485636     -0.0159747
     350.1364455211194127     -0.0045952
     350.7417029117795551      0.0042266
     351.3469627434625977     -0.0019923
     351.9522250163014974     -0.0073938
     352.5574897302298609     -0.0066650
     353.1627568852475179     -0.0136601
     353.7680264814877660     -0.0127827
     354.3732985188173643     -0.0061022
     354.9785729973694970     -0.0216540
     355.5838499171441072     -0.0276304
     356.1891292780747449      0.0032380
     356.7944110802943669      0.0054028
     357.3996953236033960      0.0147275
     358.0049820082681435     -0.0061641
     358.6102711342218754     -0.0012850
     359.2155627013981416      0.0002882
     359.8208567099301263      0.0044411
     360.4261531597511521      0.0083173
     361.0314520508612759      0.0034610
     361.6367533833270045      0.0053830
     362.2420571570818311      0.0055744
     362.8473633723255034     -0.0215397
     363.4526720288582169     -0.0014542
     364.0579831268796624      0.0006947
     364.6632966662568265     -0.0015620
     365.2686126470562158      0.0042146
     365.8739310693443372     -0.0071636
     366.4792519329881770      0.0247028
     367.0845752381872558      0.0123352
     367.6899009848752371     -0.0004757
     368.2952291730519505     -0.0042920
     368.9005598027174528     -0.0109591
     369.5058928739383077     -0.0097799
     370.1112283867145152     -0.0073347
     370.7165663410461320     -0.0026898
     371.3219067369330446     -0.0151337
     371.9272495744418734     -0.0026616
     372.5325948535059979      0.0190184
     373.1379425742587159      0.0154565
     373.7432927366333502      0.0067168
     374.3486453406297869      0.0076273
     374.9540003862482536     -0.0149858
     375.5593578735551432     -0.0225869
     376.1647178026171332     -0.0081740
     376.7700801733676599      0.0129017
     377.3754449858731164      0.0087621
     377.9808122400671095     -0.0040966
     378.5861819360162031     -0.0050711
     379.1915540737868469     -0.0124443
     379.7969286532460274     -0.0242556
     380.4023056745267581     -0.0050343
     381.0076851376957734     -0.0056169
     381.6130670426198321      0.0007169
     382.2184513894320048      0.0003356
     382.8238381780658415     -0.0051716
     383.4292274085878489     -0.0152810
     384.0346190809315203     -0.0000904
     384.6400131952299262     -0.0125926
     385.2454097514831233     -0.0207365
     385.8508087496244912     -0.0209748
     386.4562101897205366     -0.0048891
     387.0616140717714302     -0.0039044
     387.6670203957770013      0.0088879
     388.2724291617373638      0.0099097
     388.8778403697856447      0.0130028
     389.4832540197887170      0.0093723
     390.0886701118795941      0.0036629
     390.6940886459918261     -0.0092152
     391.2995096221919766      0.0028433
     391.9049330404799321      0.0073100
     392.5103589007892992      0.0146418
     393.1157872032531486      0.0029146
     393.7212179478048029     -0.0132264
     394.3266511345109393     -0.0111721
     394.9320867633715579     -0.0039349
     395.5375248344531656     -0.0172795
     396.1429653476893122     -0.0132462
     396.7484083030797706     -0.0091571
     397.3538537006247680     -0.0076895
     397.9593015405239385     -0.0079423
     398.5647518225775343     -0.0133380
     399.1702045469187965      0.0035327
     399.7756597135476113      0.0022144
     400.3811173224640356     -0.0051523
     400.9865773736679557     -0.0007341
     401.5920398671595422      0.0195894
     402.1975048030053017      0.0015473
     402.8029721811386139      0.0120674
     403.4084420016927197     -0.0101521
     404.0139142646675054     -0.0087247
     404.6193889699299007     -0.0014346
     405.2248661176795963     -0.0151734
     405.8303457077168446     -0.0155096
     406.4358277403079569     -0.0055719
     407.0413122153198628     -0.0113580
     407.6467991327523919     -0.0126623
     408.2522884927388418     -0.0095296
     408.8577802951459716     -0.0072509
     409.4632745401070792     -0.0051164
     410.0687712275553736     -0.0167315
     410.6742703575575888     -0.0096891
     411.2797719300470476     -0.0070365
     411.8852759452234977     -0.0009458
     412.4907824028873051     -0.0013813
     413.0962913031714834     -0.0007549
     413.7018026460761462      0.0113843
     414.3073164316011798      0.0020321
     414.9128326597466980     -0.0100257
     415.5183513305792076     -0.0092511
     416.1238724440320880      0.0029510
     416.7293960002385802     -0.0055064
     417.3349219990655001     -0.0102386
     417.9404504406459750      0.0199966
     418.5459813249800050      0.0054368
     419.1515146520010262      0.0096749
     419.7570504217756024      0.0012513
     420.3625886343703542     -0.0000481
     420.9681292897852245     -0.0044284
     421.5736723879535930     -0.0176121
     422.1792179289421938     -0.0200490
     422.7847659127508564     -0.0104878
     423.3903163393796945     -0.0102475
     423.9958692088952148      0.0046788
     424.6014245212974174      0.0055577
     425.2069822765863591     -0.0002228
     425.8125424748284900      0.0077445
     426.4181051159573599      0.0173581
     427.0236701999729121      0.0120755
     427.6292377270083307      0.0005566
     428.2348076969304316     -0.0135146
     428.8403801098723989     -0.0239119
     429.4459549658341757     -0.0229765
     430.0515322647491985     -0.0090842
     430.6571120067505944     -0.0015405
     431.2626941917719137     -0.0012954
     431.8682788198129856     -0.0041452
     432.4738658909404876     -0.0003248
     433.0794554051543628     -0.0002858
     433.6850473624547249      0.0059660
     434.2906417629079669      0.0114914
     434.8962386064475822      0.0010764
     435.5018378931402481     -0.0020064
     436.1074396229858507      0.0015285
     436.7130437959843903      0.0099412
     437.3186504122025440     -0.0096607
     437.9242594715735777     -0.0079542
     438.5298709742307324      0.0027364
     439.1354849201074444     -0.0095650
     439.7411013092037138     -0.0025228
     440.3467201415860472      0.0005057
     440.9523414171213744     -0.0077201
     441.5579651360758930     -0.0003842
     442.1635912983165326      0.0006269
     442.7692199038432932      0.0182087
     443.3748509527893020      0.0042479
     443.9804844450213750      0.0004577
     444.5861203806061326     -0.0096958
     445.1917587596101384      0.0142285
     445.7973995819002653      0.0189078
     446.4030428476761472      0.0104785
     447.0086885568712773      0.0128294
     447.6143367095522194      0.0080645
     448.2199873056524098      0.0011865
     448.8256403451718484     -0.0191703
     449.4312958282436057     -0.0019367
     450.0369537547346681     -0.0166792
     450.6426141247779924      0.0022400
     451.2482769383738059      0.0105559
     451.8539421954553745      0.0040193
     452.4596098961558823      0.0034860
     453.0652800404087657     -0.0083126
     453.6709526282140246     -0.0029702
     454.2766276596381658      0.0115245
     454.8823051346813600      0.0110714
     455.4879850533433796      0.0058416
     456.0936674156243953     -0.0079672
     456.6993522216574775     -0.0012562
     457.3050394713094988     -0.0074790
     457.9107291646470230     -0.0125275
     458.5164213016700501      0.0141252
     459.1221158823785800      0.0101796
     459.7278129069057400      0.0026809
     460.3335123751184597      0.0143789
     460.9392142871496958      0.0009027
     461.5449186429331121     -0.0027950
     462.1506254425351585     -0.0062705
     462.7563346858892714      0.0135171
     463.3620463730620145      0.0182250
     463.9677605041199513      0.0160364
     464.5734770789965751      0.0083891
     465.1791960977583926     -0.0059785
     465.7849175604054039      0.0097031
     466.3906414670041158      0.0104976
     466.9963678174216284     -0.0035592
     467.6020966117242210     -0.0037476
     468.2078278500452484      0.0126104
     468.8135615323845400     -0.0036975
     469.4192976586090253     -0.0079787
     470.0250362288519455      0.0007484
     470.6307772430465661     -0.0063543
     471.2365207013260715     -0.0112609
     471.8422666035574480      0.0015525
     472.4480149498736523     -0.0076205
     473.0537657402082914      0.0137723
     473.6595189746943220      0.0240297
     474.2652746531987304      0.0067086
     474.8710327758545873      0.0049785
     475.4767933425953288      0.0067636
     476.0825563534875755      0.0208587
     476.6883218084647638     -0.0217723
     477.2940897076600208      0.0051474
     477.8998600510732331     -0.0032380
     478.5056328386379505      0.0033054
     479.1114080704207936     -0.0012489
     479.7171857464216487      0.0075833
     480.3229658666404589      0.0064091
     480.9287484310773948      0.0031767
     481.5345334398654700     -0.0161495
     482.1403208928716140     -0.0171176
     482.7461107902289541     -0.0007118
     483.3519031318708699     -0.0144993
     483.9576979177973612      0.0049810
     484.5634951480751056      0.0089032
     485.1692948227039892      0.0030583
     485.7750969417506326      0.0069899
     486.3809015051484721     -0.0020511
     486.9867085129640145      0.0084647
     487.5925179651973167     -0.0026220
     488.1983298618483786      0.0199372
     488.8041442029172003      0.0004785
