Scan:     19 RXSJ005050.6+353 2015-10-21 +01 48 15.0
         OPTICAL                 Tb    
        km/s-LSR                 XX
    -548.9945719383565574      0.0021818
    -548.3929344094905218     -0.0013919
    -547.7912944614025719      0.0032328
    -547.1896520940259734      0.0043713
    -546.5880073074606571      0.0067852
    -545.9863601016068060     -0.0000148
    -545.3847104764309961      0.0123674
    -544.7830584319998479     -0.0016734
    -544.1814039682136581     -0.0018074
    -543.5797470851389335      0.0007244
    -542.9780877827422501     -0.0089503
    -542.3764260609236771     -0.0025147
    -541.7747619197833728      0.0118804
    -541.1730953592879132     -0.0042568
    -540.5714263793042846     -0.0075588
    -539.9697549799985836     -0.0047279
    -539.3680811611714034     -0.0077845
    -538.7664049229890679      0.0110978
    -538.1647262653516464      0.0048752
    -537.5630451881594354      0.0052999
    -536.9613616915454486      0.0054403
    -536.3596757753765587     -0.0071816
    -535.7579874397528101      0.0074771
    -535.1562966846073550      0.0034467
    -534.5546035098406037      0.0130119
    -533.9529079155854561     -0.0007054
    -533.3512099017422088     -0.0056966
    -532.7495094682774379      0.0020097
    -532.1478066152246811     -0.0066142
    -531.5461013425504007     -0.0045857
    -530.9443936502547103      0.0012774
    -530.3426835383376101     -0.0057227
    -529.7409710066991693     -0.0002140
    -529.1392560554393185      0.0069288
    -528.5375386844915511     -0.0038298
    -527.9358188937891327      0.0010159
    -527.3340966833986840     -0.0081545
    -526.7323720532205016     -0.0000680
    -526.1306450033542887     -0.0005463
    -525.5289155337335387     -0.0115780
    -524.9271836442916310      0.0000045
    -524.3254493350950725      0.0117140
    -523.7237126060775836      0.0048336
    -523.1219734572055131     -0.0100064
    -522.5202318885457089     -0.0075405
    -521.9184878999648163     -0.0241872
    -521.3167414915960762     -0.0132423
    -520.7149926633396717     -0.0099029
    -520.1132414151290959     -0.0024368
    -519.5114877470640522     -0.0049457
    -518.9097316590114133     -0.0108523
    -518.3079731511043065     -0.0122830
    -517.7062122232098318     -0.0058858
    -517.1044488752944517     -0.0018182
    -516.5026831074579832      0.0021466
    -515.9009149196340331     -0.0063034
    -515.2991443117559811     -0.0002535
    -514.6973712838904476      0.0001150
    -514.0955958359041915      0.0048257
    -513.4938179679636505      0.0047195
    -512.8920376799023870      0.0032380
    -512.2902549717538250      0.0107203
    -511.6884698435177370      0.0035178
    -511.0866822951943504     -0.0066576
    -510.4848923266836778      0.0047600
    -509.8830999380855928     -0.0100157
    -509.2813051292669684     -0.0046899
    -508.6795079003277351     -0.0014260
    -508.0777082512012157      0.0154160
    -507.4759061818208465      0.0075141
    -506.8741016922865583     -0.0120080
    -506.2722947824651101     -0.0072968
    -505.6704854524231791     -0.0072644
    -505.0686737021606518      0.0068259
    -504.4668595315445145     -0.0002623
    -503.8650429407078377     -0.0021729
    -503.2632239295840577      0.0011334
    -502.6614024980400472      0.0093885
    -502.0595786462421870      0.0084370
    -501.4577523740574065      0.0022020
    -500.8559236815522127      0.0036243
    -500.2540925686600986     -0.0113043
    -499.6522590353478108      0.0044473
    -499.0504230816484892     -0.0006428
    -498.4485847075621905     -0.0119060
    -497.8467439129890977     -0.0110772
    -497.2449006979958313      0.0043139
    -496.6430550624824036      0.0044003
    -496.0412070065488024     -0.0046804
    -495.4393565301284070      0.0021350
    -494.8375036331545971     -0.0042968
    -494.2356483156939930      0.0027448
    -493.6337905777133415     -0.0009777
    -493.0319304191127117      0.0018128
    -492.4300678399919775      0.0001094
    -491.8282028402513788      0.0055320
    -491.2263354199573655      0.0079301
    -490.6244655790766842     -0.0056699
    -490.0225933174762076     -0.0025881
    -489.4207186353224301      0.0084858
    -488.8188415324488005     -0.0036555
    -488.2169620089552495     -0.0037309
    -487.6150800648084669     -0.0015485
    -487.0131956998753822     -0.0030274
    -486.4113089142890090      0.0010858
    -485.8094197079828405     -0.0010366
    -485.2075280808904267     -0.0011033
    -484.6056340330781040      0.0077218
    -484.0037375644462259      0.0040552
    -483.4018386750944956     -0.0053792
    -482.7999373649232098      0.0002280
    -482.1980336338988877     -0.0008661
    -481.5961274820882636     -0.0000382
    -480.9942189094247169      0.0001679
    -480.3923079158749943      0.0079636
    -479.7903945014722922      0.0005494
    -479.1884786661501607      0.0036891
    -478.5865604099750499      0.0109985
    -477.9846397328805097      0.0055853
    -477.3827166348331161     -0.0061185
    -476.7807911158330398     -0.0045416
    -476.1788631758801671      0.0090253
    -475.5769328149412445     -0.0063733
    -474.9750000330494686      0.0082553
    -474.3730648301051360      0.0100763
    -473.7711272061746968     -0.0077193
    -473.1691871612249543      0.0038158
    -472.5672446951892880      0.0076282
    -471.9652998081010082      0.0122851
    -471.3633524998935513     -0.0034445
    -470.7614027706667343      0.0008576
    -470.1594506203207402      0.0055618
    -469.5574960488222587      0.0100991
    -468.9555390562046000     -0.0027530
    -468.3535796424677073     -0.0041845
    -467.7516178074785103     -0.0059856
    -467.1496535513701360     -0.0052034
    -466.5476868740427108      0.0015263
    -465.9457177755295447     -0.0053532
    -465.3437462557973276      0.0192590
    -464.7417723147794959      0.0063055
    -464.1397959525759234     -0.0027900
    -463.5378171690534259      0.0013573
    -462.9358359642786240     -0.0046614
    -462.3338523382182075      0.0071809
    -461.7318662907723024      0.0005434
    -461.1298778220740928     -0.0032093
    -460.5278869320237050      0.0008277
    -459.9258936205878285     -0.0135706
    -459.3238978877998306     -0.0085644
    -458.7218997335930339      0.0035646
    -458.1198991580340589      0.0031420
    -457.5178961610896522     -0.0027665
    -456.9158907426266865     -0.0098530
    -456.3138829028115424     -0.0009445
    -455.7118726415109791      0.0049602
    -455.1098599586919136     -0.0006360
    -454.5078448544207959      0.0028674
    -453.9058273286310623     -0.0008106
    -453.3038073813560231     -0.0014922
    -452.7017850125291147      0.0004084
    -452.0997602221503371      0.0098083
    -451.4977330102196902      0.0001294
    -450.8957033767371172     -0.0134706
    -450.2936713216361682     -0.0024025
    -449.6916368449500396     -0.0033408
    -449.0895999466121680     -0.0072838
    -448.4875606266890600     -0.0110104
    -447.8855188851142657     -0.0004280
    -447.2834747218212215      0.0003892
    -446.6814281369097444     -0.0095372
    -446.0793791302465934     -0.0025645
    -445.4773277019317561      0.0006320
    -444.8752738518986121     -0.0009564
    -444.2732175800806544      0.0007346
    -443.6711588865776434     -0.0052814
    -443.0690977712897620     -0.0016641
    -442.4670342341836999     -0.0000147
    -441.8649682753261345      0.0052478
    -441.2628998946170782     -0.0029002
    -440.6608290921232083     -0.0067358
    -440.0587558678111577      0.0008780
    -439.4566802215811094      0.0021560
    -438.8546021535328805      0.0005013
    -438.2525216636000209      0.0042194
    -437.6504387517491068      0.0061955
    -437.0483534180135052     -0.0030049
    -436.4462656622932855     -0.0003884
    -435.8441754846883782      0.0040381
    -435.2420828851654733     -0.0035875
    -434.6399878635914433     -0.0013189
    -434.0378904200661623      0.0011913
    -433.4357905545229528      0.0052744
    -432.8336882670284922      0.0105661
    -432.2315835574828498      0.0049991
    -431.6294764258528858      0.0015659
    -431.0273668722050502      0.0054131
    -430.4252548964727225      0.0011657
    -429.8231404986560165     -0.0049882
    -429.2210236787549320      0.0065814
    -428.6189044366695384     -0.0008503
    -428.0167827725330767      0.0092246
    -427.4146586862455592      0.0062445
    -426.8125321777404793     -0.0000866
    -426.2104032471177675      0.0079387
    -425.6082718943106897      0.0068290
    -425.0061381192528529     -0.0081466
    -424.4040019220440172      0.0012126
    -423.8018633025178019      0.0032416
    -423.1997222608072207      0.0045076
    -422.5975787968459372      0.0039417
    -421.9954329105338502     -0.0008000
    -421.3932846020042575     -0.0055062
    -420.7911338711572853      0.0068482
    -420.1889807179596232      0.0066925
    -419.5868251424778350      0.0011248
    -418.9846671445787933      0.0042840
    -418.3825067243623153      0.0021875
    -417.7803438817618940      0.0034513
    -417.1781786167442192     -0.0038076
    -416.5760109293758546     -0.0017313
    -415.9738408194903627     -0.0153441
    -415.3716682872542378     -0.0080156
    -414.7694933325674924     -0.0017333
    -414.1673159553637333      0.0001213
    -413.5651361557094106     -0.0008237
    -412.9629539335712138      0.0065027
    -412.3607692888826932     -0.0063249
    -411.7585822217102987      0.0004298
    -411.1563927319210165      0.0007442
    -410.5542008196811139      0.0017804
    -409.9520064848242669      0.0018832
    -409.3498097273504754      0.0062710
    -408.7476105473596135     -0.0052317
    -408.1454089447184970     -0.0067564
    -407.5432049194271826     -0.0061212
    -406.9409984715188102      0.0057077
    -406.3387896009269866     -0.0052489
    -405.7365783076849084      0.0056878
    -405.1343645917925755      0.0054173
    -404.5321484531501710      0.0039045
    -403.9299298918242584     -0.0041114
    -403.3277089077149071      0.0081220
    -402.7254855009221615      0.0015103
    -402.1232596713791736     -0.0006823
    -401.5210314189863539      0.0177080
    -400.9188007438766590      0.0060807
    -400.3165676459503857     -0.0003770
    -399.7143321251740531     -0.0022154
    -399.1120941816143954      0.0005193
    -398.5098538151715957     -0.0024243
    -397.9076110258787367      0.0089728
    -397.3053658137359889     -0.0082549
    -396.7031181786434786     -0.0008631
    -396.1008681207009090      0.0022930
    -395.4986156398419439      0.0002808
    -394.8963607359999060      0.0000673
    -394.2941034092746122      0.0140002
    -393.6918436594996820     -0.0002529
    -393.0895814868414959     -0.0075150
    -392.4873168911669836     -0.0025212
    -391.8850498724095246      0.0107129
    -391.2827804307355564     -0.0039215
    -390.6805085659453880      0.0078119
    -390.0782342781388365      0.0027653
    -389.4759575672827054      0.0079966
    -388.8736784333103174      0.0034769
    -388.2713968762549825      0.0070628
    -387.6691128961167578      0.0092148
    -387.0668264927957125      0.0045111
    -386.4645376664250875      0.0098802
    -385.8622464168050783     -0.0012325
    -385.2599527440688689      0.0027220
    -384.6576566481831492      0.0060076
    -384.0553581290148486     -0.0005340
    -383.4530571866969808      0.0098402
    -382.8507538211630958      0.0034631
    -382.2484480323465732     -0.0017220
    -381.6461398203139765      0.0035574
    -381.0438291849321786     -0.0046544
    -380.4415161263343634      0.0023987
    -379.8392006444538538      0.0045639
    -379.2368827391909463      0.0068606
    -378.6345624106786545      0.0012221
    -378.0322396587838512      0.0051142
    -377.4299144835065931     -0.0001733
    -376.8275868848801338     -0.0075245
    -376.2252568628379095     -0.0024226
    -375.6229244174464839      0.0005873
    -375.0205895486392933     -0.0065946
    -374.4182522563498310     -0.0091197
    -373.8159125406445469      0.0132960
    -373.2135704014569910      0.0030682
    -372.6112258388203031      0.0019052
    -372.0088788527013435      0.0125301
    -371.4065294430334347      0.0028074
    -370.8041776099165077      0.0074791
    -370.2018233532506883      0.0184224
    -369.5994666729694131      0.0035617
    -368.9971075691724991      0.0016598
    -368.3947460417934394      0.0052125
    -367.7923820908321773      0.0006636
    -367.1900157162554024      0.0006487
    -366.5876469180299182      0.0008642
    -365.9852756962222884     -0.0026827
    -365.3829020507658925      0.0049216
    -364.7805259815941099     -0.0084568
    -364.1781474887736181     -0.0024534
    -363.5757665722045999     -0.0057645
    -362.9733832320200122      0.0050851
    -362.3709974680535879      0.0001834
    -361.7686092803385804     -0.0029912
    -361.1662186689082432     -0.0068753
    -360.5638256336627023      0.0005941
    -359.9614301747018885      0.0002878
    -359.3590322919258710      0.0030734
    -358.7566319853014534      0.0021667
    -358.1542292548618320      0.0025518
    -357.5518241006403173      0.0032664
    -356.9494165224705284     -0.0057621
    -356.3470065204855359     -0.0030173
    -355.7445940945855796     -0.0067649
    -355.1421792448038559      0.0037745
    -354.5397619711404218      0.0020363
    -353.9373422734954033      0.0009024
    -353.3349201519353073      0.0000248
    -352.7324956064602475      0.0034562
    -352.1300686369369828      0.0021386
    -351.5276392434654440      0.0095263
    -350.9252074259458141      0.0103088
    -350.3227731844777963      0.0006901
    -349.7203365189616306      0.0018909
    -349.1178974293641204      0.0065989
    -348.5154559157183485      0.0104471
    -347.9130119780577388     -0.0012496
    -347.3105656162158539     -0.0014575
    -346.7081168303258778     -0.0022638
    -346.1056656202878230      0.0034698
    -345.5032119861350566     -0.0031066
    -344.9007559278675217      0.0061956
    -344.2982974453522047     -0.0000970
    -343.6958365387554295      0.0049512
    -343.0933732078775051     -0.0039464
    -342.4909074528516157      0.0031677
    -341.8884392736111408      0.0119188
    -341.2859686700895168      0.0072006
    -340.6834956423533072     -0.0006736
    -340.0810201903692587     -0.0005373
    -339.4785423140374974     -0.0058963
    -338.8760620134911505     -0.0055529
    -338.2735792885638375     -0.0028058
    -337.6710941393554322      0.0050380
    -337.0686065657992003      0.0002956
    -336.4661165678621160      0.0076044
    -335.8636241456105154      0.0082112
    -335.2611292989779486      0.0042850
    -334.6586320278977951      0.0077112
    -334.0561323324367322      0.0004841
    -333.4536302125280258     -0.0015482
    -332.8511256682050998     -0.0069034
    -332.2486186994346440     -0.0054321
    -331.6461093061499810      0.0049603
    -331.0435974884510983      0.0042883
    -330.4410832461715586      0.0009559
    -329.8385665794443753      0.0010367
    -329.2360474881698451     -0.0048485
    -328.6335259723146009      0.0006207
    -328.0310020319452065      0.0030039
    -327.4284756670284651     -0.0061983
    -326.8259468774311927     -0.0025271
    -326.2234156633197131     -0.0004242
    -325.6208820245277593      0.0012537
    -325.0183459611550916     -0.0041565
    -324.4158074731351462      0.0015495
    -323.8132665604013596     -0.0086597
    -323.2107232230536624     -0.0009512
    -322.6081774610253774      0.0052781
    -322.0056292742499977      0.0093510
    -321.4030786627607768      0.0076895
    -320.8005256265244611     -0.0016218
    -320.1979701655743611      0.0005943
    -319.5954122798771095      0.0032701
    -318.9928519693328894      0.0068887
    -318.3902892340748281     -0.0029963
    -317.7877240739366016      0.0041371
    -317.1851564890511668      0.0086996
    -316.5825864792855668      0.0067232
    -315.9800140446729415      0.0018745
    -315.3774391852133476     -0.0033750
    -314.7748619008735886      0.0149479
    -314.1722821915869872      0.0023310
    -313.5697000574534172     -0.0009220
    -312.9671154983730048     -0.0041105
    -312.3645285143458068      0.0039059
    -311.7619391054050766     -0.0050311
    -311.1593472714509971     -0.0108514
    -310.5567530125500753     -0.0056206
    -309.9541563286357473     -0.0058999
    -309.3515572197081269      0.0022410
    -308.7489556857670436     -0.0055299
    -308.1463517267460475     -0.0018550
    -307.5437453427117021     -0.0063604
    -306.9411365335973869      0.0007676
    -306.3385252993698487      0.0096093
    -305.7359116400955941      0.0023762
    -305.1332955557081732     -0.0022988
    -304.5306770461409656     -0.0023770
    -303.9280561114604211     -0.0047169
    -303.3254327516001467     -0.0088396
    -302.7228069665934527     -0.0028876
    -302.1201787564068013      0.0030310
    -301.5175481209739132      0.0019742
    -300.9149150603611247      0.0023070
    -300.3122795745020994      0.0061089
    -299.7096416633966101     -0.0058591
    -299.1070013270780237     -0.0050130
    -298.5043585654132698      0.0046098
    -297.9017133785021656      0.0037616
    -297.2990657663113439     -0.0021206
    -296.6964157287411012     -0.0051131
    -296.0937632658579446      0.0009641
    -295.4911083775951965      0.0031574
    -294.8884510640529015     -0.0004211
    -294.2857913250977049     -0.0061159
    -293.6831291606965237      0.0057238
    -293.0804645709490615      0.0033509
    -292.4777975557889249      0.0011306
    -291.8751281151493799      0.0049258
    -291.2724562490969902      0.0069675
    -290.6697819575321091      0.0049649
    -290.0671052405210162     -0.0015582
    -289.4644260980306285      0.0006365
    -288.8617445299943824      0.0084642
    -288.2590605364454746      0.0057902
    -287.6563741173505946      0.0079944
    -287.0536852727431096      0.0087334
    -286.4509940025564561      0.0044569
    -285.8483003067239565     -0.0057483
    -285.2456041853789088      0.0155064
    -284.6429056383880720      0.0093014
    -284.0402046657514461     -0.0001696
    -283.4375012675023413     -0.0115988
    -282.8347954435741940      0.0022437
    -282.2320871940002576      0.0062307
    -281.6293765187472786      0.0137116
    -281.0266634177486935      0.0033013
    -280.4239478910710091      0.0019290
    -279.8212299386810855      0.0038261
    -279.2185095605121887     -0.0111309
    -278.6157867565976858      0.0090119
    -278.0130615268710130      0.0100439
    -277.4103338714319875      0.0005103
    -276.8076037901807354      0.0010369
    -276.2048712830508066      0.0075214
    -275.6021363501419614      0.0034712
    -274.9993989913876362     -0.0022688
    -274.3966592067212105      0.0059819
    -273.7939169962426718     -0.0008659
    -273.1911723598187791     -0.0032827
    -272.5884252975494633     -0.0089332
    -271.9856758093347935     -0.0066980
    -271.3829238951748266     -0.0055707
    -270.7801695550694490      0.0018597
    -270.1774127889855208      0.0020881
    -269.5746535969563524      0.0013144
    -268.9718919789485199     -0.0015451
    -268.3691279348621492     -0.0003321
    -267.7663614648305952      0.0045843
    -267.1635925687537565      0.0023464
    -266.5608212465652400      0.0063160
    -265.9580474983648060      0.0083489
    -265.3552713240526373      0.0039933
    -264.7524927236953545     -0.0000420
    -264.1497116971929700      0.0039014
    -263.5469282445455974      0.0036660
    -262.9441423658198005     -0.0018312
    -262.3413540609156485      0.0022316
    -261.7385633297998879     -0.0021993
    -261.1357701725391394      0.0137267
    -260.5329745890668391      0.0021803
    -259.9301765793829304      0.0014016
    -259.3273761435206666      0.0082346
    -258.7245732813469772      0.0066698
    -258.1217679929617361      0.0143953
    -257.5189602782650127      0.0162357
    -256.9161501373234273      0.0008384
    -256.3133375700704164     -0.0044664
    -255.7105225764726697     -0.0079442
    -255.1077051565967508      0.0048046
    -254.5048853103761246      0.0104753
    -253.9020630377441989     -0.0008991
    -253.2992383388008477      0.0007515
    -252.6964112133796050     -0.0022105
    -252.0935816616469651     -0.0021661
    -251.4907496835029974      0.0038141
    -250.8879152788479132      0.0113045
    -250.2850784478148114      0.0160746
    -249.6822391903038465      0.0261505
    -249.0793975062817367      0.0030865
    -248.4765533958150456      0.0112686
    -247.8737068587706460      0.0028860
    -247.2708578952816936     -0.0033094
    -246.6680065052482860      0.0022064
    -246.0651526886371983      0.0019381
    -245.4622964454816554      0.0045807
    -244.8594377757151506      0.0122290
    -244.2565766794041906     -0.0021157
    -243.6537131564822403      0.0012787
    -243.0508472069160177      0.0005109
    -242.4479788307387764      0.0094661
    -241.8451080278840095      0.0032691
    -241.2422347983516886      0.0014754
    -240.6393591421750671      0.0007103
    -240.0364810592543279      0.0033063
    -239.4336005496892881     -0.0002017
    -238.8307176133801306     -0.0018934
    -238.2278322502602919      0.0007368
    -237.6249444604628707      0.0103525
    -237.0220542439213318      0.0033586
    -236.4191616005025196      0.0103211
    -235.8162665303396182     -0.0093869
    -235.2133690333326967      0.0061520
    -234.6104691095483759      0.0093130
    -234.0075667589200918      0.0097549
    -233.4046619813812526     -0.0013809
    -232.8017547770316753     -0.0028096
    -232.1988451457715996     -0.0041156
    -231.5959330875676869     -0.0044109
    -230.9930186025197827      0.0053009
    -230.3901016904614778      0.0041830
    -229.7871823515259280     -0.0030369
    -229.1842605856465127      0.0009552
    -228.5813363927234718     -0.0164050
    -227.9784097728565655     -0.0012910
    -227.3754807259460051      0.0012582
    -226.7725492520915509     -0.0050930
    -226.1696153511601892     -0.0067481
    -225.5666790231518348     -0.0025837
    -224.9637402681331082      0.0023698
    -224.3607990860374173      0.0108212
    -223.7578554767981700      0.0022178
    -223.1549094405152402      0.0126897
    -222.5519609770555007     -0.0019887
    -221.9490100864855435     -0.0133814
    -221.3460567688052834     -0.0150880
    -220.7431010238816782     -0.0039522
    -220.1401428518477985     -0.0002439
    -219.5371822526038557      0.0012999
    -218.9342192261165110     -0.0013736
    -218.3312537724523281     -0.0053961
    -217.7282858914782366     -0.0010525
    -217.1253155833272785      0.0036531
    -216.5223428478997221      0.0083226
    -215.9193676851621717     -0.0008990
    -215.3163900951479377      0.0059653
    -214.7134100777904848      0.0051710
    -214.1104276331563767      0.0031897
    -213.5074427611790213      0.0086847
    -212.9044554617918834      0.0009145
    -212.3014657350948085     -0.0063031
    -211.6984735809878941     -0.0061778
    -211.0954789994711689     -0.0014483
    -210.4924819905446896     -0.0124336
    -209.8894825541750890      0.0017550
    -209.2864806903957060      0.0019769
    -208.6834763991732302     -0.0025746
    -208.0804696804410696     -0.0023695
    -207.4774605342325913     -0.0014963
    -206.8744489605477099      0.0044722
    -206.2714349592866370      0.0052402
    -205.6684185305491894      0.0040285
    -205.0653996742355218      0.0005826
    -204.4623783903788876     -0.0063136
    -203.8593546789793436      0.0037241
    -203.2563285399037341     -0.0049943
    -202.6532999732851863     -0.0023820
    -202.0502689790571367     -0.0031191
    -201.4472355571529931     -0.0043750
    -200.8441997076393761     -0.0057604
    -200.2411614304163834     -0.0029542
    -199.6381207255838888      0.0061856
    -199.0350775930420468     -0.0008849
    -198.4320320327242939     -0.0025691
    -197.8289840447637573      0.0082481
    -197.2259336289939711     -0.0047462
    -196.6228807855481477      0.0001747
    -196.0198255143264134      0.0088172
    -195.4167678152622045      0.0010332
    -194.8137076884885914      0.0106612
    -194.2106451338725037     -0.0002797
    -193.6075801513806596      0.0029444
    -193.0045127411128760     -0.0080942
    -192.4014429029360542     -0.0180277
    -191.7983706369500112     -0.0037150
    -191.1952959430882117     -0.0026366
    -190.5922188212507820     -0.0043275
    -189.9891392715708776     -0.0016714
    -189.3860572939819065      0.0001773
    -188.7829728883507130     -0.0015098
    -188.1798860548437915      0.0042520
    -187.5767967933279294      0.0198757
    -186.9737051038697473     -0.0016681
    -186.3706109864026530      0.0035407
    -185.7675144408933647     -0.0090075
    -185.1644154673751927     -0.0063527
    -184.5613140657815165      0.0039490
    -183.9582102361789566      0.0110744
    -183.3551039784676107      0.0086899
    -182.7519952926475071      0.0087338
    -182.1488841787852380      0.0027616
    -181.5457706368142112     -0.0037665
    -180.9426546666345814      0.0034172
    -180.3395362683461656     -0.0046453
    -179.7364154418824285      0.0050365
    -179.1332921872766519      0.0009494
    -178.5301665044622723      0.0082821
    -177.9270383934392896      0.0083530
    -177.3239078542076754     -0.0003906
    -176.7207748867342048      0.0079997
    -176.1176394909855105      0.0037305
    -175.5145016670282416      0.0011609
    -174.9113614147292139     -0.0048587
    -174.3082187341883014     -0.0069038
    -173.7050736253389402     -0.0043271
    -173.1019260881145385     -0.0101439
    -172.4987761226149416     -0.0017136
    -171.8956237287070792     -0.0052598
    -171.2924689064574579      0.0038127
    -170.6893116558660779      0.0026263
    -170.0861519767998118     -0.0121532
    -169.4829898693918153     -0.0029204
    -168.8798253335422146     -0.0052008
    -168.2766583692177562     -0.0075353
    -167.6734889764849754     -0.0004212
    -167.0703171552440267      0.0035770
    -166.4671429055614738     -0.0005513
    -165.8639662273708097      0.0002254
    -165.2607871206053858      0.0091385
    -164.6576055853983576      0.0026533
    -164.0544216216165978      0.0010336
    -163.4512352292268247     -0.0052118
    -162.8480464083288837     -0.0030984
    -162.2448551587897043      0.0001243
    -161.6416614807090184      0.0031126
    -161.0384653740203476      0.0041092
    -160.4352668386237895      0.0030774
    -159.8320658746525282      0.0104981
    -159.2288624820066616      0.0068038
    -158.6256566606529645      0.0154680
    -158.0224484106579439      0.0081143
    -157.4192377318884724      0.0019887
    -156.8160246244777625      0.0121369
    -156.2128090883258551     -0.0044613
    -155.6095911233662719      0.0017622
    -155.0063707296988014     -0.0008749
    -154.4031479071903163      0.0053508
    -153.7999226559740009      0.0038823
    -153.1966949759166710     -0.0054647
    -152.5934648670183265      0.0049823
    -151.9902323293123061     -0.0013810
    -151.3869973627652428      0.0112210
    -150.7837599672773763      0.0082313
    -150.1805201429817487      0.0154176
    -149.5772778897453179      0.0097009
    -148.9740332076678726      0.0166053
    -148.3707860966162571      0.0051230
    -147.7675365566238384     -0.0027030
    -147.1642845876905881      0.0095288
    -146.5610301898164209      0.0196752
    -145.9577733629016052      0.0054922
    -145.3545141070459294     -0.0011022
    -144.7512524221162664      0.0055509
    -144.1479883082124616     -0.0081548
    -143.5447217652679512     -0.0086197
    -142.9414527932162002      0.0059007
    -142.3381813921570256      0.0099312
    -141.7349075619572716      0.0122015
    -141.1316313026835587      0.0122442
    -140.5283526143026052      0.0275683
    -139.9250714967810438      0.0077801
    -139.3217879501189316      0.0036054
    -138.7185019743163252      0.0153033
    -138.1152135693065759      0.0082576
    -137.5119227351229654      0.0031148
    -136.9086294717322687     -0.0164144
    -136.3053337791344291      0.0094802
    -135.7020356573294748      0.0075768
    -135.0987351062175605      0.0075146
    -134.4954321258985317      0.0226931
    -133.8921267163058246      0.0114729
    -133.2888188773395655      0.0093704
    -132.6855086091661917      0.0130651
    -132.0821959115859840      0.0027957
    -131.4788807847321266      0.0113835
    -130.8755632285379704      0.0019392
    -130.2722432429370087      0.0017376
    -129.6689208279958052      0.0233113
    -129.0655959836477962      0.0220805
    -128.4622687098596430      0.0186413
    -127.8589390066979803      0.0227332
    -127.2556068740296382      0.0012134
    -126.6522723119877583      0.0195560
    -126.0489353204724949      0.0164931
    -125.4455958994172704      0.0178707
    -124.8422540489219585      0.0155133
    -124.2389097688533752      0.0197155
    -123.6355630593114370      0.0161629
    -123.0322139202295375      0.0134536
    -122.4288623515410990      0.0160638
    -121.8255083533459953      0.0165953
    -121.2221519255776627      0.0236075
    -120.6187930681362275      0.0041113
    -120.0154317811215776      0.0295466
    -119.4120680644671069      0.0259189
    -118.8087019182061113      0.0112746
    -118.2053333422720272     -0.0038057
    -117.6019623366315585      0.0174057
    -116.9985889013180298      0.0125813
    -116.3952130363313984      0.0267775
    -115.7918347416051006      0.0088672
    -115.1884540171724325      0.0169901
    -114.5850708629335486      0.0189688
    -113.9816852789882802      0.0226289
    -113.3782972652700636      0.0204594
    -112.7749068217123636      0.0173746
    -112.1715139484149972      0.0290533
    -111.5681186452448372      0.0153951
    -110.9647209122684473      0.0257418
    -110.3613207494525597      0.0220374
    -109.7579181567305966      0.0165115
    -109.1545131342023893      0.0223949
    -108.5511056817348390      0.0335374
    -107.9476957993612274      0.0174857
    -107.3442834870815261      0.0167042
    -106.7408687448291857      0.0197892
    -106.1374515726707557      0.0315480
    -105.5340319705397150      0.0402725
    -104.9306099383694431      0.0222603
    -104.3271854762930957      0.0411169
    -103.7237585841775456      0.0231256
    -103.1203292619894967      0.0230900
    -102.5168975097955126      0.0262122
    -101.9134633275290582      0.0149647
    -101.3100267152233727      0.0067799
    -100.7065876728452025      0.0109594
    -100.1031462003279700      0.0246837
     -99.4997022977382386      0.0275608
     -98.8962559650094590      0.0108659
     -98.2928072021083352      0.0219239
     -97.6893560091014166      0.0115506
     -97.0859023858556043      0.0015212
     -96.4824463324707295      0.0126094
     -95.8789878489135106      0.0312682
     -95.2755269350841019      0.0339079
     -94.6720635910490387      0.0033231
     -94.0685978167418000      0.0006752
     -93.4651296122289352      0.0207905
     -92.8616589774105847      0.0134581
     -92.2581859122867627      0.0106631
     -91.6547104168907367      0.0125128
     -91.0512324911892392      0.0104316
     -90.4477521351156923      0.0272889
     -89.8442693487033779      0.0218070
     -89.2407841319190140      0.0227384
     -88.6372964847959111      0.0225507
     -88.0338064072674626      0.0358662
     -87.4303138993004012      0.0144567
     -86.8268189609612904      0.0231385
     -86.2233215921835665      0.0243228
     -85.6198217929006660      0.0258190
     -85.0163195632124342      0.0233704
     -84.4128149029857440      0.0185652
     -83.8093078122871304      0.0196748
     -83.2057982911166505      0.0164917
     -82.6022863393744160      0.0538942
     -81.9987719571270048      0.0385579
     -81.3952551442745431      0.0216843
     -80.7917359009169189      0.0394748
     -80.1882142269875260      0.0449356
     -79.5846901223865615      0.0511007
     -78.9811635872471101      0.0470503
     -78.3776346214693547      0.0372896
     -77.7741032249867175      0.0493819
     -77.1705693979323257      0.0381014
     -76.5670331401397704      0.0463315
     -75.9634944517088826      0.0529624
     -75.3599533325731272      0.0632887
     -74.7564097826659406      0.0598980
     -74.1528638020871256      0.0780759
     -73.5493153907701611      0.0682278
     -72.9457645486484552      0.0685607
     -72.3422112757885856      0.0746594
     -71.7386555721239887      0.0856125
     -71.1350974376879321      0.0847819
     -70.5315368724138665      0.0872825
     -69.9279738762684815      0.0944840
     -69.3244084493516652      0.0985357
     -68.7208405914969802      0.1082777
     -68.1172703028042719      0.1300601
     -67.5136975832402726      0.1233500
     -66.9101224327383903      0.1076421
     -66.3065448513319211      0.1292046
     -65.7029648390208934      0.1666760
     -65.0993823957054047      0.1520906
     -64.4957975214520616      0.1797156
     -63.8922102161942718      0.1733346
     -63.2886204799653385      0.1632484
     -62.6850283127652546      0.1712710
     -62.0814337144608714      0.2110980
     -61.4778366851853519      0.2125176
     -60.8742372248721111      0.2260760
     -60.2706353334212892      0.2599965
     -59.6670310109327531      0.2747171
     -59.0634242573066501      0.3101452
     -58.4598150726095440      0.3366655
     -57.8562034568081529      0.3591986
     -57.2525894098026171      0.3872066
     -56.6489729316927964      0.4258968
     -56.0453540224121269      0.4519375
     -55.4417326818940381      0.4949486
     -54.8381089102383683      0.5622536
     -54.2344827073120044      0.6258648
     -53.6308540732147847      0.6578310
     -53.0272230078468567      0.7143925
     -52.4235895112082275      0.7663994
     -51.8199535833321718      0.8527358
     -51.2163152241188513      0.9358271
     -50.6126744336348224      0.9969676
     -50.0090312118468034      1.0844276
     -49.4053855586882378      1.1818764
     -48.8017374742256749      1.2925206
     -48.1980869583925511      1.3712362
     -47.5944340111555988      1.4985051
     -46.9907786325480856      1.6554775
     -46.3871208225367369      1.8258640
     -45.7834605811215454      2.0261507
     -45.1797979082692294      2.2209263
     -44.5761328039132252      2.3731289
     -43.9724652681533925      2.4985173
     -43.3687953009231393      2.6145642
     -42.7651229021559161      2.6892476
     -42.1614480719182865      2.7614949
     -41.5577708100771090      2.7750390
     -40.9540911167988213      2.7808642
     -40.3504089919502746      2.7677984
     -39.7467244354648912      2.7704840
     -39.1430374474758267      2.7916677
     -38.5393480278499325      2.7917180
     -37.9356561766537865      2.8202095
     -37.3319618938208180      2.8655083
     -36.7282651792844490      2.8742566
     -36.1245660331778282      2.8836253
     -35.5208644553678070      2.8862607
     -34.9171604458543996      2.8655653
     -34.3134540046708878      2.8208590
     -33.7097451317506938      2.7703819
     -33.1060338271271135      2.7002797
     -32.5023200907668439      2.6070671
     -31.8986039226033462      2.5167458
     -31.2948853227031663      2.4249961
     -30.6911642910330293      2.3168168
     -30.0874408275263647      2.2136893
     -29.4837149322164542      2.0964339
     -28.8799866050700231      2.0286248
     -28.2762558460870608      1.9325949
     -27.6725226552675707      1.8217142
     -27.0687870325117039      1.7299863
     -26.4650489779193130      1.6530565
     -25.8613084914238236      1.5953013
     -25.2575655729586757      1.5340672
     -24.6538202225904364      1.5028353
     -24.0500724402525314      1.4862466
     -23.4463222259782498      1.4660480
     -22.8425695797343060      1.4449651
     -22.2388145014541365      1.4399656
     -21.6350569912375867      1.4669608
     -21.0312970489182440      1.4628649
     -20.4275346746292392      1.4940907
     -19.8237698682707197      1.4924185
     -19.2200026298094038      1.5083313
     -18.6162329593118585      1.5371785
     -18.0124608567115203      1.5543884
     -17.4086863219751038      1.5863557
     -16.8049093551358908      1.6474065
     -16.2011299561273105      1.7123923
     -15.5973481250159391      1.7557154
     -14.9935638617352023      1.8072387
     -14.3897771661852492      1.8820252
     -13.7859880385325031      1.9599371
     -13.1821964786438262      2.0313973
     -12.5784024864859330      2.1108878
     -11.9746060621253942      2.2165928
     -11.3708072054623592      2.3381028
     -10.7670059165966752      2.5048819
     -10.1632021954284948      2.6669168
      -9.5593960419245327      2.8636160
      -8.9555874561180708      3.1106796
      -8.3517764379758308      3.4210701
      -7.7479629874978064      3.7654390
      -7.1441471046840013      4.1874404
      -6.5403287894345645      4.6724319
      -5.9365080418493461      5.2898850
      -5.3326848618617788      6.0598121
      -4.7288592494052955      7.0165267
      -4.1250312045797468      8.2091618
      -3.5212007272187145      9.4710093
      -2.9173678174886173     10.4366703
      -2.3135324752563204     10.8653030
      -1.7096947004885403     10.9656010
      -1.1058544932518439     10.9762249
      -0.5020118535129480     10.8368683
       0.1018332188612824     10.5158768
       0.7056807236711451     10.0970430
       1.3095306611163422      9.6251822
       1.9133830311303064      9.2023516
       2.5172378336464698      8.7959032
       3.1210950689311026      8.3802814
       3.7249547367179354      7.8623943
       4.3288168372066691      7.2445822
       4.9326813703307382      6.5996284
       5.5365483360901395      5.9723082
       6.1404177346180120      5.3653326
       6.7442895657812176      4.8276439
       7.3481638296463254      4.3459516
       7.9520405262799017      3.8522744
       8.5559196556153800      3.3667204
       9.1598012177858941      2.9481568
       9.7636852125917422      2.5963569
      10.3675716402991949      2.2829633
      10.9714605007751160      2.0072920
      11.5753517940195056      1.7761128
      12.1792455201654999      1.5695877
      12.7831416791465298      1.3773175
      13.3870402709625935      1.2202775
      13.9909412956802637      1.0768217
      14.5948447532329695      0.9473400
      15.1987506436872799      0.8259453
      15.8026589671097568      0.7250673
      16.4065697234338401      0.6270641
      17.0104829127260970      0.5435429
      17.6143985349865204      0.4857288
      18.2183165902151174      0.4282370
      18.8222370784784516      0.3755417
      19.4261599996433887      0.3135028
      20.0300853539096302      0.2830549
      20.6340131412106125      0.2387368
      21.2379433615463320      0.2281939
      21.8418760149833560      0.1895292
      22.4458111013885500      0.1470415
      23.0497486209616191      0.1187377
      23.6536885737025599      0.1151333
      24.2576309594782344      0.0837525
      24.8615757784217877      0.0748318
      25.4655230305332125      0.0813802
      26.0694727158125090      0.0817844
      26.6734248342596807      0.0655009
      27.2773793859412876      0.0370687
      27.8813363707242026      0.0441535
      28.4852957888746943      0.0503316
      29.0892576401930576      0.0262885
      29.6932219247458562      0.0181895
      30.2971886426662351      0.0226748
      30.9011577937544821      0.0384291
      31.5051293782768731      0.0228782
      32.1091033960337029      0.0104061
      32.7130798470915423      0.0241411
      33.3170587315169584      0.0099223
      33.9210400493099442      0.0126553
      34.5250238005370775      0.0049873
      35.1290099850652098      0.0119692
      35.7329986030274895      0.0112119
      36.3369896544239097      0.0112575
      36.9409831392544703      0.0130861
      37.5449790574526148      0.0186226
      38.1489774092180198      0.0084702
      38.7529781944175866      0.0041437
      39.3569814131178504     -0.0052645
      39.9609870653188182     -0.0013261
      40.5649951510205042      0.0009944
      41.1690056703560359     -0.0003693
      41.7730186231257008      0.0013899
      42.3770340094626476      0.0018575
      42.9810518294334329      0.0182977
      43.5850720829715002      0.0005702
      44.1890947702099695     -0.0041515
      44.7931198909491641      0.0071023
      45.3971474453887538     -0.0015341
      46.0011774334622032      0.0034195
      46.6052098551694840      0.0084800
      47.2092447105771811      0.0063897
      47.8132819997518510     -0.0094870
      48.4173217225603736      0.0023125
      49.0213638792024327      0.0174683
      49.6254084694783444      0.0065693
      50.2294554935212290      0.0041631
      50.8335049513976642     -0.0093777
      51.4375568429745016      0.0073651
      52.0416111684514533     -0.0005222
      52.6456679276953921      0.0091592
      53.2497271207063037      0.0079604
      53.8537887476838932      0.0061814
      54.4578528084284699      0.0067875
      55.0619193030731466     -0.0020747
      55.6659882316179520      0.0000245
      56.2700595940628574      0.0138218
      56.8741333904078772      0.0111721
      57.4782096207195892      0.0031469
      58.0822882849313942      0.0028612
      58.6863693831764621      0.0156812
      59.2904529153216444      0.0049962
      59.8945388815000612      0.0051505
      60.4986272817117339      0.0075576
      61.1027181158900845      0.0117497
      61.7068113841682546      0.0236835
      62.3109070864130956      0.0190407
      62.9150052227577632     -0.0014149
      63.5191057932022360     -0.0046325
      64.1232087977465284      0.0154626
      64.7273142363906402      0.0001111
      65.3314221091345644      0.0049492
      65.9355324160448646      0.0000953
      66.5396451571215408      0.0125867
      67.1437603322980436     -0.0082116
      67.7478779417075003     -0.0004260
      68.3519979853498967     -0.0021053
      68.9561204631586691      0.0063037
      69.5602453752004095      0.0065960
      70.1643727214751038      0.0269099
      70.7685025020492873      0.0001703
      71.3726347168564388     -0.0015144
      71.9767693659631078     -0.0057650
      72.5809064493692802      0.0070370
      73.1850459670749842      0.0050300
      73.7891879191467552     -0.0015301
      74.3933323055846216      0.0118702
      74.9974791263220055     -0.0025364
      75.6016283814254706      0.0102817
      76.2057800709615805      0.0077638
      76.8099341948637857      0.0076663
      77.4140907531986500     -0.0037305
      78.0182497459661590     -0.0047553
      78.6224111731662987     -0.0026818
      79.2265750349322531      0.0107214
      79.8307413310642744      0.0057413
      80.4349100616955042     -0.0021610
      81.0390812268925487      0.0063536
      81.6432548265222238     -0.0005852
      82.2474308607842630      0.0205797
      82.8516093295455249      0.0156586
      83.4557902328725589      0.0120972
      84.0599735708319429      0.0176760
      84.6641593432905637      0.0149889
      85.2683475504480839      0.0156116
      85.8725381922379682      0.0341113
      86.4767312685936531      0.0272467
      87.0809267796482516      0.0156783
      87.6851247253351858      0.0054957
      88.2893251057210477     -0.0073604
      88.8935279208724154      0.0073227
      89.4977331706561046      0.0116643
      90.1019408551387357      0.0002509
      90.7061509744534078      0.0054234
      91.3103635284670219      0.0006627
      91.9145785173126768      0.0119724
      92.5187959408572596      0.0109499
      93.1230157992338974     -0.0076486
      93.7272380925091397      0.0053770
      94.3314628204833241      0.0122959
      94.9356899834226908      0.0143025
      95.5399195811275490      0.0068438
      96.1441516137310259     -0.0045567
      96.7483860812996852      0.0070753
      97.3526229837003996     -0.0054674
      97.9568623209997611     -0.0011409
      98.5611040933308544      0.0156818
      99.1653483004940028      0.0071579
      99.7695949426889257      0.0063242
     100.3738440198490309     -0.0078645
     100.9780955319743185     -0.0145539
     101.5823494791979300      0.0100100
     102.1866058613201744      0.0180162
     102.7908646785407427     -0.0044912
     103.3951259307930570      0.0071502
     103.9993896181436952      0.0103924
     104.6036557405926715      0.0081486
     105.2079242980733937     -0.0178501
     105.8121952906524541     -0.0019487
     106.4164687184629514     -0.0176442
     107.0207445813052374     -0.0107208
     107.6250228793789603     -0.0019134
     108.2293036125510071     -0.0014678
     108.8335867809545192      0.0041933
     109.4378723845894825     -0.0040659
     110.0421604233893476      0.0134118
     110.6464508973541001      0.0219591
     111.2507438066834453      0.0151622
     111.8550391511776780     -0.0011753
     112.4593369310365034     -0.0049319
     113.0636371461267942     -0.0020751
     113.6679397965151139      0.0007629
     114.2722448822014627      0.0053737
     114.8765524032523757      0.0062140
     115.4808623596013462     -0.0072053
     116.0851747513814729     -0.0006486
     116.6894895785261923     -0.0026763
     117.2938068410354902     -0.0075827
     117.8981265389759585     -0.0097674
     118.5024486722810195     -0.0006084
     119.1067732410838147     -0.0015386
     119.7111002453177804     -0.0164947
     120.3154296849828881     -0.0172463
     120.9197615601457159     -0.0103627
     121.5240958708062919      0.0110239
     122.1284326169645880      0.0036313
     122.7327717986206324      0.0060399
     123.3371134158409461     -0.0011392
     123.9414574686921213     -0.0003898
     124.5458039569744670     -0.0167199
     125.1501528809542521      0.0108587
     125.7545042404317570     -0.0079142
     126.3588580355401092     -0.0072119
     126.9632142663459149     -0.0073528
     127.5675729327159900     -0.0035545
     128.1719340347835328      0.0058809
     128.7762975725484580     -0.0116129
     129.3806635459442873     -0.0147389
     129.9850319550375275     -0.0162266
     130.5894027998282070      0.0032137
     131.1937760803828610     -0.0123031
     131.7981517967015463      0.0073748
     132.4025299487176426     -0.0182262
     133.0069105365643054     -0.0082507
     133.6112935601749712      0.0007402
     134.2156790196161751      0.0054384
     134.8200669148214104      0.0144137
     135.4244572459237475      0.0004720
     136.0288500127901159      0.0091825
     136.6332452156201782      0.0075132
     137.2376428542142150     -0.0006373
     137.8420429287719458      0.0047235
     138.4464454392268351     -0.0064724
     139.0508503855788547     -0.0017847
     139.6552577678945681     -0.0067697
     140.2596675861074118      0.0214561
     140.8640798402839494      0.0032876
     141.4684945305573365     -0.0069878
     142.0729116567278538     -0.0006718
     142.6773312189286003     -0.0131788
     143.2817532170930690      0.0015108
     143.8861776513543873      0.0023757
     144.4906045217125268     -0.0174799
     145.0950338280343601     -0.0034522
     145.6994655705195783     -0.0048180
     146.3038997491016744      0.0071455
     146.9083363637139996      0.0100810
     147.5127754145563301      0.0010497
     148.1172169014289182     -0.0032146
     148.7216608245314546     -0.0062053
     149.3261071837974043      0.0076328
     149.9305559792267388     -0.0088193
     150.5350072109526138     -0.0098165
     151.1394608787753384      0.0048443
     151.7439169828280399      0.0018425
     152.3483755231772250     -0.0033272
     152.9528364997564438      0.0080500
     153.5572999126321463     -0.0031791
     154.1617657618044177     -0.0099599
     154.7662340472066376      0.0004225
     155.3707047690385252     -0.0084228
     155.9751779271004182      0.0020998
     156.5796535215919505     -0.0060241
     157.1841315523800233     -0.0059382
     157.7886120195977639     -0.0078858
     158.3930949231786087     -0.0059425
     158.9975802631891213     -0.0028100
     159.6020680395627664     -0.0158641
     160.2065582524326146     -0.0080835
     160.8110509017321590      0.0000923
     161.4155459874613427     -0.0076213
     162.0200435097533216     -0.0161269
     162.6245434684749966     -0.0085600
     163.2290458636929031     -0.0051498
     163.8335506954736331     -0.0002988
     164.4380579637505946      0.0087269
     165.0425676686569147      0.0057399
     165.6470798100594948     -0.0039656
     166.2515943880914051      0.0013453
     166.8561114026861674     -0.0220841
     167.4606308539102599     -0.0117483
     168.0651527418303033     -0.0179877
     168.6696770662466065      0.0042286
     169.2742038274253957      0.0153228
     169.8787330252335437     -0.0096860
     170.4832646597376709     -0.0039083
     171.0877987309377488     -0.0102518
     171.6923352389002559      0.0095992
     172.2968741835587707      0.0027181
     172.9014155649797715      0.0176029
     173.5059593830967231     -0.0113368
     174.1105056380427243     -0.0077439
     174.7150543297512399      0.0034583
     175.3196054582888337      0.0016665
     175.9241590235889419      0.0046587
     176.5287150257846918      0.0064328
     177.1332734648094913     -0.0024495
     177.7378343407299610     -0.0020685
     178.3423976534794804     -0.0047058
     178.9469634031246414     -0.0004301
     179.5515315897320363      0.0133336
     180.1561022131685093     -0.0118750
     180.7606752736337228     -0.0113060
     181.3652507709946065      0.0084424
     181.9698287053176955      0.0151276
     182.5744090766695535      0.0046249
     183.1789918849836170      0.0027773
     183.7835771302598857      0.0126894
     184.3881648126980792      0.0111411
     184.9927549320319144     -0.0065967
     185.5973474885276460      0.0020854
     186.2019424819856113      0.0054889
     186.8065399126054444      0.0097325
     187.4111397803206671      0.0067381
     188.0157420851311940      0.0026237
     188.6203468270370820      0.0126101
     189.2249540061714583     -0.0001720
     189.8295636224011673      0.0007694
     190.4341756757927726      0.0062092
     191.0387901664128947     -0.0002899
     191.6434070941948846      0.0058206
     192.2480264592053629      0.0007358
     192.8526482614443296      0.0056948
     193.4572725009117846      0.0057752
     194.0618991777408269     -0.0100615
     194.6665282917317938     -0.0163295
     195.2711598430843765     -0.0075115
     195.8757938317319827     -0.0014218
     196.4804302576081056     -0.0029612
     197.0850691209123795     -0.0150397
     197.6897104215782690     -0.0018149
     198.2943541596057742     -0.0171238
     198.8990003349283029     -0.0159645
     199.5036489476790678      0.0045798
     200.1082999978579551     -0.0062464
     200.7129534854650501      0.0185705
     201.3176094105002960     -0.0094508
     201.9222677729637780     -0.0024747
     202.5269285729219462     -0.0037573
     203.1315918103748857     -0.0132134
     203.7362574853225965     -0.0113649
     204.3409255976984582      0.0046901
     204.9455961477022186      0.0038205
     205.5502691352007218      0.0057373
     206.1549445602605033      0.0066767
     206.7596224229482118     -0.0069889
     207.3643027231306348      0.0018760
     207.9689854610075486     -0.0084073
     208.5736706363791768     -0.0016742
     209.1783582494452673     -0.0050098
     209.7830483002058202     -0.0117243
     210.3877407885276511     -0.0095456
     210.9924357146105365      0.0113043
     211.5971330783212636      0.0037296
     212.2018328797264530     -0.0225375
     212.8065351188926684     -0.0010330
     213.4112397957533460      0.0058707
     214.0159469103750212     -0.0026017
     214.6206564628242859      0.0023551
     215.2253684529679845      0.0217472
     215.8300828809393010      0.0163099
     216.4347997466716151      0.0090540
     217.0395190502314904      0.0160673
     217.6442407916855188     -0.0016664
     218.2489649709671369     -0.0055611
     218.8536915880763729      0.0075572
     219.4584206431462974      0.0070826
     220.0631521359772478      0.0134419
     220.6678860668354787      0.0041080
     221.2726224355878628     -0.0024880
     221.8773612422344002     -0.0118281
     222.4821024869081896     -0.0121543
     223.0868461694761891     -0.0112784
     223.6915922901380043     -0.0033248
     224.2963408486939727      0.0077857
     224.9010918452772216      0.0126820
     225.5058452798877795      0.0118327
     226.1106011525921815     -0.0062580
     226.7153594632573004     -0.0053906
     227.3201202120828270     -0.0047310
     227.9248833989356626      0.0002788
     228.5296490239488776      0.0020259
     229.1344170870559651     -0.0015237
     229.7391875882569252     -0.0060961
     230.3439605276848567      0.0065930
     230.9487359051400972     -0.0024842
     231.5535137208888443     -0.0015226
     232.1582939747980561      0.0045922
     232.7630766668676472      0.0043358
     233.3678617972308302     -0.0024975
     233.9726493657544211      0.0262515
     234.5774393725050118     -0.0086626
     235.1822318176156728      0.0012623
     235.7870267009533620      0.0066605
     236.3918240225846148     -0.0047682
     236.9966237825759663      0.0060446
     237.6014259807943176     -0.0045476
     238.2062306174393882     -0.0178711
     238.8110376923779654     -0.0044160
     239.4158472056766698      0.0058575
     240.0206591574020933      0.0117663
     240.6254735474876156     -0.0129811
     241.2302903759998287      0.0026456
     241.8351096429387042      0.0061804
     242.4399313483043272     -0.0000771
     243.0447554921631479     -0.0271751
     243.6495820743821525     -0.0049059
     244.2544110951609468     -0.0087309
     244.8592425544995308     -0.0088121
     245.4640764522648624     -0.0229031
     246.0689127885899836      0.0040457
     246.6737515634749514      0.0065582
     247.2785927768531451     -0.0017644
     247.8834364288577774     -0.0141858
     248.4882825194887630     -0.0026668
     249.0931310486130315      0.0103133
     249.6979820164302168     -0.0189441
     250.3028354228738124      0.0094080
     250.9076912680103817      0.0019820
     251.5125495517067691      0.0192357
     252.1174102740961018      0.0002089
     252.7222734352449720     -0.0081795
     253.3271390350202239      0.0002693
     253.9320070736215769      0.0075674
     254.5368775508493400     -0.0041281
     255.1417504668365837     -0.0108645
     255.7466258217165205      0.0069783
     256.3515036152228390      0.0025854
     256.9563838475552870      0.0144068
     257.5612665187803145      0.0063338
     258.1661516287649079      0.0002173
     258.7710391775756307      0.0118997
     259.3759291652789898      0.0024978
     259.9808215918084215      0.0001467
     260.5857164572305464     -0.0127525
     261.1906137615453076      0.0007207
     261.7955135047527051      0.0138905
     262.4004156869859230     -0.0069923
     263.0053203080452704     -0.0020304
     263.6102273681969450      0.0080234
     264.2151368671746923     -0.0044839
     264.8200488051782600     -0.0147598
     265.4249631822742117      0.0114216
     266.0298799982627997      0.0088607
     266.6347992533437150      0.0192298
     267.2397209474505075      0.0147202
     267.8446450805830068      0.0185559
     268.4495716528744538      0.0140918
     269.0545006641917212      0.0055372
     269.6594321146013726      0.0108110
     270.2643660042365354      0.0042338
     270.8693023328974618      0.0040219
     271.4742411007837859      0.0152475
     272.0791823077626077      0.0088495
     272.6841259539002635      0.0196505
     273.2890720393301081      0.0003546
     273.8940205638522229      0.0087005
     274.4989715276663560      0.0078232
     275.1039249307061141     -0.0014600
     275.7088807729713267      0.0091030
     276.3138390545951211      0.0231247
     276.9187997753778632      0.0076029
     277.5237629355192439      0.0099454
     278.1287285349526996      0.0025196
     278.7336965737447372      0.0055306
     279.3386670518289066      0.0044005
     279.9436399693382782      0.0183296
     280.5486153261396680      0.0067824
     281.1535931223662601      0.0090250
     281.7585733579514908      0.0049647
     282.3635560329619238      0.0067567
     282.9685411474641228      0.0049017
     283.5735287013249604      0.0184170
     284.1785186947440707     -0.0036807
     284.7835111275219333      0.0090155
     285.3885059998580118      0.0143712
     285.9935033116859131      0.0138236
     286.5985030630056372      0.0062714
     287.2035052538170135     -0.0050726
     287.8085098842533966      0.0142831
     288.4135169542479957      0.0231024
     289.0185264638009812      0.0061425
     289.6235384129123531      0.0027144
     290.2285528016485614      0.0051706
     290.8335696300762265      0.0098553
     291.4385888980622781      0.0133211
     292.0436106056732228     -0.0002891
     292.6486347530421881      0.0076748
     293.2536613400361034      0.0040255
     293.8586903667213619      0.0102200
     294.4637218330981909     -0.0047741
     295.0687557392330405     -0.0122949
     295.6737920851258536      0.0009608
     296.2788308707102374      0.0079064
     296.8838720961191484     -0.0167084
     297.4889157612195731     -0.0093761
     298.0939618662111457     -0.0167669
     298.6990104109607387     -0.0112750
     299.3040613955350295     -0.0022449
     299.9091148200003545     -0.0056565
     300.5141706842903773      0.0171192
     301.1192289884715478      0.0098746
     301.7242897325438662     -0.0035897
     302.3293529165073323     -0.0070402
     302.9344185402954395      0.0153688
     303.5394866041744422     -0.0099619
     304.1445571078780290      0.0068014
     304.7496300515393273     -0.0082562
     305.3547054352915211     -0.0064527
     305.9597832589348627      0.0037231
     306.5648635226025362     -0.0072018
     307.1699462262944849     -0.0035388
     307.7750313700107654      0.0181221
     308.3801189538178846      0.0053138
     308.9852089775827721      0.0005185
     309.5903014415050620      0.0021174
     310.1953963455183043     -0.0027398
     310.8004936896223285     -0.0069405
     311.4055934738838118      0.0072383
     312.0106956982361908      0.0238474
     312.6158003627459721     -0.0046825
     313.2209074674798330     -0.0061968
     313.8260170123045327     -0.0109739
     314.4311289974197621      0.0053285
     315.0362434226924506     -0.0089301
     315.6413602881225984     -0.0074248
     316.2464795939098963     -0.0026374
     316.8516013399211602      0.0020656
     317.4567255261565037      0.0053937
     318.0618521527488838     -0.0062179
     318.6669812195653435     -0.0039914
     319.2721127267388965      0.0117637
     319.8772466742030929      0.0024960
     320.4823830620243825     -0.0069246
     321.0875218902693859      0.0103750
     321.6926631588049190      0.0033890
     322.2978068676976022      0.0100003
     322.9029530170806197      0.0134849
     323.5081016068873510     -0.0057324
     324.1132526371177391     -0.0018311
     324.7184061077053343      0.0081703
     325.3235620187831501     -0.0052340
     325.9287203704178069     -0.0017480
     326.5338811624761206     -0.0007308
     327.1390443950913891     -0.0104592
     327.7442100681968782      0.0079264
     328.3493781817926447      0.0132215
     328.9545487360118159      0.0074511
     329.5597217307878282     -0.0058009
     330.1648971661206815      0.0056637
     330.7700750420769964      0.0000632
     331.3752553585900955      0.0000959
     331.9804381157932198     -0.0184687
     332.5856233135531284      0.0062813
     333.1908109520030621      0.0025285
     333.7960010311429642      0.0190015
     334.4011935509062710      0.0015427
     335.0063885114261097     -0.0021795
     335.6115859126359169      0.0019219
     336.2167857545356924     -0.0054230
     336.8219880372586204      0.0147828
     337.4271927606715735     -0.0065178
     338.0323999249075655      0.0123227
     338.6376095299000895      0.0150096
     339.2428215757157091      0.0022852
     339.8480360622879175     -0.0014262
     340.4532529897498421      0.0058413
     341.0584723580348054     -0.0078647
     341.6636941672094849     -0.0153753
     342.2689184172738237     -0.0062123
     342.8741451081613150     -0.0149497
     343.4793742400050292     -0.0045648
     344.0846058127384026     -0.0011728
     344.6898398264280559     -0.0038190
     345.2950762810073684     -0.0091872
     345.9003151766095243     -0.0085471
     346.5055565131678463      0.0168878
     347.1108002907490686      0.0108471
     347.7160465092865138     -0.0040908
     348.3212951688468024     -0.0035529
     348.9265462694963844      0.0116711
     349.5317998111688667      0.0118933
     350.1370557939306423      0.0082019
     350.7423142177153181     -0.0103826
     351.3475750826559079     -0.0144682
     351.9528383886859046     -0.0194162
     352.5581041358051948      0.0136151
     353.1633723241470761      0.0013359
     353.7686429535783077      0.0133681
     354.3739160242321304     -0.0004861
     354.9791915360418670     -0.0082275
     355.5844694890075175      0.0066610
     356.1897498832622091     -0.0027243
     356.7950327187394919     -0.0032273
     357.4003179954393090     -0.0057364
     358.0056057133616036      0.0152117
     358.6108958725729394     -0.0009747
     359.2161884731399368     -0.0093841
     359.8214835149294686     -0.0068031
     360.4267809980746620     -0.0078383
     361.0320809225755738      0.0071153
     361.6373832883654131     -0.0025058
     362.2426880955775914     -0.0040789
     362.8479953441453745     -0.0033759
     363.4533050340688192     -0.0096462
     364.0586171654144891     -0.0165182
     364.6639317381823844     -0.0158809
     365.2692487523725049     -0.0282422
     365.8745682080513575     -0.0103255
     366.4798901052190558      0.0083120
     367.0852144438089226     -0.0200030
     367.6905412238875783      0.0030506
     368.2958704455215866     -0.0016754
     368.9012021087110043     -0.0061010
     369.5065362133225904     -0.0042479
     370.1118727596226563      0.0123275
     370.7172117474115112      0.0109314
     371.3225531767557186     -0.0076845
     371.9278970477884059      0.0036665
     372.5332433603765026     -0.0134160
     373.1385921145864586     -0.0117346
     373.7439433104849513     -0.0037311
     374.3492969479387398     -0.0169282
     374.9546530272141922     -0.0063670
     375.5600115480449972     -0.0209147
     376.1653725106307888     -0.0092161
     376.7707359149716808      0.0001536
     377.3761017610010526      0.0099514
     377.9814700487855248      0.0047517
     378.5868407783249836      0.0032136
     379.1922139496195427     -0.0118267
     379.7975895628022727     -0.0060925
     380.4029676176734824     -0.0107637
     381.0083481143663562      0.0009924
     381.6137310530139644      0.0078553
     382.2191164334166160     -0.0043915
     382.8245042556408180     -0.0165682
     383.4298945198198680     -0.0249994
     384.0352872258871457     -0.0251206
     384.6406823739091010     -0.0015709
     385.2460799637526634     -0.0266388
     385.8514799955510171     -0.0142366
     386.4568824693706688     -0.0039537
     387.0622873851451686     -0.0077260
     387.6676947428742892     -0.0012171
     388.2731045425582579      0.0129614
     388.8785167843300883      0.0273702
     389.4839314681232167      0.0089276
     390.0893485938711933      0.0104657
     390.6947681617734816     -0.0017310
     391.3001901716972384      0.0014441
     391.9056146237088001      0.0080040
     392.5110415178748440      0.0115638
     393.1164708541287496      0.0058082
     393.7219026324705737     -0.0084468
     394.3273368530334437     -0.0060698
     394.9327735156841754     -0.0081642
     395.5382126204893893     -0.0258941
     396.1436541675821559      0.0030696
     396.7490981567628410      0.0170117
     397.3545445882976992      0.0077246
     397.9599934619869828      0.0099809
     398.5654447778973122     -0.0143900
     399.1708985361618147     -0.0065821
     399.7763547365807426     -0.0025920
     400.3818133794204073     -0.0012140
     400.9872744644811178      0.0016851
     401.5927379918959446      0.0098741
     402.1982039616650013      0.0051084
     402.8036723737215539     -0.0000818
     403.4091432281989000     -0.0031468
     404.0146165250969830     -0.0048967
     404.6200922642826185     -0.0082952
     405.2255704459555545      0.0187963
     405.8310510700492273      0.0050279
     406.4365341365636368     -0.0075588
     407.0420196455652899     -0.0065913
     407.6475075969877935     -0.0000023
     408.2529979908974269      0.0076635
     408.8584908273610381     -0.0000488
     409.4639861063118929     -0.0065266
     410.0694838278166685     -0.0103563
     410.6749839918086877     -0.0039943
     411.2804865983545710     -0.0045682
     411.8859916475874456     -0.0006606
     412.4914991393076207     -0.0055039
     413.0970090736482803     -0.0093537
     413.7025214506093107     -0.0111990
     414.3080362701907688     -0.0042667
     414.9135535324592752     -0.0046909
     415.5190732373480955     -0.0114945
     416.1245953849240209     -0.0026760
     416.7301199752535013     -0.0033626
     417.3356470082032956     -0.0102399
     417.9411764839068155     -0.0133411
     418.5467084023638336     -0.0277019
     419.1522427635078429     -0.0018337
     419.7577795675385346     -0.0071354
     420.3633188142562176     -0.0110791
     420.9688605037940192      0.0100629
     421.5744046361520532      0.0077829
     422.1799512112635284      0.0113232
     422.7855002293283633      0.0036321
     423.3910516901466963      0.0047686
     423.9966055939182752     -0.0074668
     424.6021619405100296     -0.0070906
     425.2077207300550867     -0.0041712
     425.8132819624202057      0.0042739
     426.4188456378717547     -0.0062912
     427.0244117561434223     -0.0157244
     427.6299803174349563      0.0105639
     428.2355513216131158      0.0049736
     428.8411247688111985      0.0010098
     429.4467006590956544      0.0098741
     430.0522789923333562      0.0070568
     430.6578597685908676      0.0046072
     431.2634429879348090      0.0022072
     431.8690286502986169      0.0065140
     432.4746167557487411     -0.0000373
     433.0802073042853522      0.0004124
     433.6858002959083365     -0.0046502
     434.2913957307508213     -0.0181865
     434.8969936086131725     -0.0109913
     435.5025939296950241     -0.0081336
     436.1081966939299264     -0.0161966
     436.7138019013177086     -0.0121509
     437.3194095519250482     -0.0148888
     437.9250196457519451     -0.0082539
     438.5306321827317788     -0.0036850
     439.1362471630642972     -0.0063261
     439.7418645865497524     -0.0040737
     440.3474844533878922      0.0105954
     440.9531067634455894      0.0203726
     441.5587315167894076      0.0067598
     442.1643587135524172      0.0065305
     442.7699883535349841      0.0036650
     443.3756204369367993      0.0082442
     443.9812549636246786      0.0024279
     444.5868919336652425     -0.0031256
     445.1925313471916752     -0.0030657
     445.7981732040706788     -0.0157964
     446.4038175043023671     -0.0088930
     447.0094642480864877      0.0100175
     447.6151134352232361     -0.0015642
     448.2207650659123601      0.0071436
     448.8264191400207324      0.0104532
     449.4320756575483529      0.0093052
     450.0377346186947989      0.0040092
     450.6433960233271705      0.0031986
     451.2490598714452972     -0.0020328
     451.8547261631824199      0.0059575
     452.4603948984052977      0.0049039
     453.0660660773136783      0.0043143
     453.6717396997078708      0.0110378
     454.2774157657875662     -0.0021167
     454.8830942754862008      0.0008648
     455.4887752288037746     -0.0037052
     456.0944586257402875      0.0038836
     456.7001444663623033     -0.0029016
     457.3058327506698788     -0.0069435
     457.9115234787294639      0.0110012
     458.5172166504746087      0.0166874
     459.1229122659051995      0.0181920
     459.7286103250878568      0.0255771
     460.3343108280225806      0.0128883
     460.9400137747759914      0.0161419
     461.5457191652815254      0.0087872
     462.1514269996056328      0.0026873
     462.7571372777483134      0.0048649
     463.3628499996431742      0.0018310
     463.9685651654232288      0.0085973
     464.5742827751550408      0.0094431
     465.1800028286388624      0.0088405
     465.7857253261411188      0.0093737
     466.3914502674620053      0.0116820
     466.9971776526680287     -0.0007400
     467.6029074818924300      0.0012525
     468.2086397550020820      0.0087324
     468.8143744720634913      0.0056671
     469.4201116332097854      0.0068843
     470.0258512382413301      0.0008309
     470.6315932873577026     -0.0044126
     471.2373377804258894      0.0080921
     471.8430847175124541      0.0032404
     472.4488340987504671     -0.0036144
     473.0545859240068012      0.0047353
     473.6603401933481337     -0.0000503
     474.2660969067742940      0.0055233
     474.8718560642853959      0.0020810
     475.4776176660145097     -0.0077832
     476.0833817117620015      0.0108787
     476.6891482017275052      0.0006097
     477.2949171359110778     -0.0040747
     477.9006885142460987      0.0139740
     478.5064623367991885      0.0093516
     479.1122386035037266     -0.0056935
     479.7180173144263904     -0.0037762
     480.3237984697001366      0.0004275
     480.9295820691253880      0.0152439
     481.5353681129018355      0.0145523
     482.1411566009628586      0.0027248
     482.7469475332420075     -0.0004740
     483.3527409099388024      0.0101112
     483.9585367309202297      0.0020045
     484.5643349962529101     -0.0056621
     485.1701357060032933     -0.0084934
     485.7759388600382522      0.0166541
     486.3817444584909708      0.0117906
     486.9875525014280697      0.0105341
     487.5933629887163079     -0.0004667
     488.1991759204887558      0.0155268
     488.8049912966790771      0.0001634
