Scan:    530 SDSSJ001847.44+3 2015-10-27 +06 05 00.0
         OPTICAL                 Tb    
        km/s-LSR                 XX
    -522.5283565731027693     -0.0192848
    -521.9266031565290405      0.0056188
    -521.3248473200009130     -0.0250149
    -520.7230890635186142     -0.0145796
    -520.1213283870487203     -0.0017070
    -519.5195652906578516      0.0099906
    -518.9177997741795707      0.0075896
    -518.3160318377470048      0.0037331
    -517.7142614812936472     -0.0036007
    -517.1124887047528773     -0.0064341
    -516.5107135081913157     -0.0087244
    -515.9089358915090315      0.0021801
    -515.3071558548059556     -0.0045658
    -514.7053733979155368     -0.0047331
    -514.1035885210044398     -0.0100732
    -513.5018012238726897      0.0022244
    -512.9000115066535272     -0.0177986
    -512.2982193692139390     -0.0114237
    -511.6964248116868816     -0.0145893
    -511.0946278339392848     -0.0238496
    -510.4928284359378949     -0.0095784
    -509.8910266177824724     -0.0027636
    -509.2892223793067501     -0.0040912
    -508.6874157206769951     -0.0057633
    -508.0856066417269403     -0.0182033
    -507.4837951425230358     -0.0203945
    -506.8819812229987178     -0.0158145
    -506.2801648832205501     -0.0115287
    -505.6783461230555190     -0.0115850
    -505.0765249426033847     -0.0022136
    -504.4747013417974699      0.0074852
    -503.8728753206046918     -0.0198897
    -503.2710468790582468     -0.0037019
    -502.6692160170583179     -0.0024009
    -502.0673827347379188     -0.0263636
    -501.4655470319307824     -0.0011317
    -500.8637089087033587     -0.0056869
    -500.2618683649891977     -0.0188676
    -499.6600254008880029     -0.0077841
    -499.0581800162334503     -0.0057558
    -498.4563322111254138     -0.0090505
    -497.8544819854640195      0.0157732
    -497.2526293393158312     -0.0100989
    -496.6507742726142283      0.0073587
    -496.0489167853592676      0.0099900
    -495.4470568775509491      0.0054445
    -494.8451945490893991     -0.0017852
    -494.2433298001077446     -0.0060407
    -493.6414626304729154     -0.0096363
    -493.0395930402181079      0.0021072
    -492.4377210293101257      0.0036857
    -491.8358465977821652      0.0087866
    -491.2339697455344094      0.0153104
    -490.6320904726334788     -0.0065022
    -490.0302087790460064     -0.0075339
    -489.4283246647054852      0.0068353
    -488.8264381296451688      0.0020872
    -488.2245491738317469     -0.0062603
    -487.6226577972986433     -0.0099992
    -487.0207639999125036      0.0063701
    -486.4188677818399356     -0.0092537
    -485.8169691428810779      0.0024231
    -485.2150680831359182     -0.0131834
    -484.6131646025378359     -0.0044624
    -484.0112587011533947     -0.0084033
    -483.4093503788827206     -0.0084209
    -482.8074396356925604     -0.0044481
    -482.2055264716495344     -0.0102075
    -481.6036108866537120      0.0101873
    -481.0016928808049670      0.0285631
    -480.3997724539701153      0.0228652
    -479.7978496062158342     -0.0071276
    -479.1959243374754465     -0.0002450
    -478.5939966477823191     -0.0029102
    -477.9920665370698316     -0.0405028
    -477.3901340053712943     -0.0205425
    -476.7881990526201434     -0.0051547
    -476.1862616788829428     -0.0128871
    -475.5843218840931286      0.0043454
    -474.9823796681840236     -0.0014487
    -474.3804350312557290     -0.0103553
    -473.7784879731415231     -0.0040359
    -473.1765384940080708      0.0009490
    -472.5745865936888208      0.0128875
    -471.9726322722837040      0.0077905
    -471.3706755296594793      0.0047438
    -470.7687163659161342     -0.0017342
    -470.1667547809537382     -0.0089666
    -469.5647907748387979      0.0028661
    -468.9628243475381737     -0.0012338
    -468.3608554989186246      0.0021756
    -467.7588842291133346     -0.0010244
    -467.1569105380224300     -0.0255159
    -466.5549344257124744     -0.0169916
    -465.9529558920502836      0.0004813
    -465.3509749371359021     -0.0097150
    -464.7489915608692286      0.0037604
    -464.1470057633169972      0.0009617
    -463.5450175443792205     -0.0151805
    -462.9430269041226893     -0.0001955
    -462.3410338425138661      0.0161081
    -461.7390383594531045     -0.0089914
    -461.1370404550400508     -0.0136143
    -460.5350401291417484      0.0160896
    -459.9330373818912676      0.0098288
    -459.3310322131222279     -0.0085288
    -458.7290246229676995      0.0072176
    -458.1270146112612451      0.0024329
    -457.5250021781361625     -0.0024178
    -456.9229873234590400      0.0091745
    -456.3209700472967256     -0.0213254
    -455.7189503496157954     -0.0182479
    -455.1169282303164323      0.0031959
    -454.5149036895317067      0.0170915
    -453.9128767270952949      0.0035301
    -453.3108473431070138     -0.0056245
    -452.7088155375001861     -0.0113630
    -452.1067813103082358     -0.0010631
    -451.5047446613980355     -0.0073764
    -450.9027055909359660     -0.0080235
    -450.3006640987222795      0.0083469
    -449.6986201848901601      0.0123586
    -449.0965738493064237      0.0011563
    -448.4945250920710578      0.0090243
    -447.8924739131173283     -0.0027797
    -447.2904203123786715     -0.0132510
    -446.6883642899218216     -0.0061680
    -446.0863058456800445     -0.0130371
    -445.4842449796867072     -0.0050188
    -444.8821816918419358      0.0060938
    -444.2801159822122941     -0.0022052
    -443.6780478507312182     -0.0001431
    -443.0759772974652719     -0.0050987
    -442.4739043223146382      0.0021476
    -441.8718289253125704      0.0090021
    -441.2697511064257583     -0.0109767
    -440.6676708655876382      0.0005142
    -440.0655882028981409     -0.0058200
    -439.4635031182240823      0.0030717
    -438.8614156116652794     -0.0050917
    -438.2593256830886048     -0.0016149
    -437.6572333325939894     -0.0103560
    -437.0551385600815024     -0.0015233
    -436.4530413655843972      0.0063729
    -435.8509417490362807     -0.0100408
    -435.2488397105034892      0.0236211
    -434.6467352499528829     -0.0084937
    -434.0446283672512777      0.0140655
    -433.4425190625651112      0.0024175
    -432.8404073357279458     -0.0227570
    -432.2382931868064020     -0.0204655
    -431.6361766157671127     -0.0234383
    -431.0340576226101348     -0.0191990
    -430.4319362072689046     -0.0053063
    -429.8298123698099289     -0.0031403
    -429.2276861101001941      0.0119883
    -428.6255574282727139      0.0105453
    -428.0234263241944177      0.0047075
    -427.4212927979651226     -0.0029629
    -426.8191568494516446      0.0208957
    -426.2170184786874643      0.0164821
    -425.6148776856722975      0.0081695
    -425.0127344703398649      0.0054065
    -424.4105888327565026      0.0142941
    -423.8084407728224505      0.0056060
    -423.2062902906376394     -0.0070043
    -422.6041373860355179     -0.0024143
    -422.0019820591493271     -0.0035409
    -421.3998243098458829     -0.0059585
    -420.7976641381916920      0.0031137
    -420.1955015441535579     -0.0100112
    -419.5933365276648601      0.0027758
    -418.9911690887922191      0.0067669
    -418.3889992274357610      0.0054663
    -417.7868269436619926     -0.0094835
    -417.1846522373712105     -0.0120621
    -416.5824751086631181      0.0025255
    -415.9802955573713916      0.0078674
    -415.3781135836623548      0.0061585
    -414.7759291873364305      0.0060407
    -414.1737423685266322      0.0108286
    -413.5715531271997634     -0.0009312
    -412.9693614632226399     -0.0061922
    -412.3671673766951358      0.0084035
    -411.7649708675173201      0.0070529
    -411.1627719357891806      0.0021387
    -410.5605705813775330      0.0046893
    -409.9583668043822513     -0.0087026
    -409.3561606046700376     -0.0087913
    -408.7539519823409364     -0.0014825
    -408.1517409372617635      0.0038871
    -407.5495274695323360      0.0177925
    -406.9473115790528368      0.0141902
    -406.3450932658565193     -0.0034755
    -405.7428725299433836     -0.0079344
    -405.1406493712135557     -0.0088547
    -404.5384237897336561      0.0039170
    -403.9361957854371212      0.0007533
    -403.3339653583904578     -0.0044244
    -402.7317325084606523     -0.0061609
    -402.1294972357474080     -0.0108087
    -401.5272595401509079      0.0059740
    -400.9250194217378294     -0.0117346
    -400.3227768803749314     -0.0045712
    -399.7205319161620309     -0.0005685
    -399.1182845290659884      0.0080432
    -398.5160347189868162      0.0213932
    -397.9137824860576984      0.0086393
    -397.3115278300790010      0.0016356
    -396.7092707512170477      0.0146712
    -396.1070112493054580      0.0042544
    -395.5047493244440489     -0.0016635
    -394.9024849765330032     -0.0067519
    -394.3002182056388847      0.0110107
    -393.6979490116618763     -0.0022729
    -393.0956773946684280     -0.0130721
    -392.4934033546254000      0.0018085
    -391.8911268914328616      0.0083208
    -391.2888480052239402     -0.0101620
    -390.6865666958323118     -0.0120227
    -390.0842829633576798     -0.0019012
    -389.4819968077002841     -0.0173556
    -388.8797082289266882      0.0156692
    -388.2774172269370183      0.0137489
    -387.6751238018311483      0.0138064
    -387.0728279534426406      0.0101022
    -386.4705296819046225      0.0025967
    -385.8682289870840805      0.0018657
    -385.2659258690806610      0.0205131
    -384.6636203278279140      0.0221737
    -384.0613123632259658     -0.0049783
    -383.4590019754080004      0.0078149
    -382.8566891642074665     -0.0079459
    -382.2543739297576622      0.0010172
    -381.6520562719253462     -0.0065448
    -381.0497361908104494      0.0023184
    -380.4474136862797309     -0.0053057
    -379.8450887583998110     -0.0065545
    -379.2427614071041262      0.0068608
    -378.6404316324593538     -0.0078541
    -378.0380994343653924     -0.0047956
    -377.4357648128224696      0.0009926
    -376.8334277678637250      0.0023889
    -376.2310882993893983      0.0019663
    -375.6287464074660534      0.0030347
    -375.0264020920270696     -0.0011352
    -374.4240553531390105      0.0130010
    -373.8217061906688059      0.0190724
    -373.2193546047162158      0.0197914
    -372.6170005951482267      0.0147484
    -372.0146441620645987      0.0076798
    -371.4122853053988251      0.0055856
    -370.8099240251175388      0.0036357
    -370.2075603212540500      0.0008563
    -369.6051941937085985     -0.0134049
    -369.0028256426141979      0.0071963
    -368.4004546677712142     -0.0068183
    -367.7980812693460848     -0.0052790
    -367.1957054471390052     -0.0144046
    -366.5933272013164697     -0.0054935
    -365.9909465317452941     -0.0076395
    -365.3885634384922128     -0.0003652
    -364.7861779214238709      0.0092892
    -364.1837899806735095      0.0005257
    -363.5813996161412547      0.0008462
    -362.9790068277939099      0.0054573
    -362.3766116156646149      0.0043317
    -361.7742139796868628     -0.0046202
    -361.1718139199272173     -0.0067629
    -360.5694114362858613     -0.0081595
    -359.9670065288293586      0.0113997
    -359.3645991974577782     -0.0001286
    -358.7621894422378546     -0.0073528
    -358.1597772630362329     -0.0044220
    -357.5573626600194643      0.0113480
    -356.9549456330544217     -0.0027508
    -356.3525261820744845     -0.0057694
    -355.7501043072128937      0.0189394
    -355.1476800083030980      0.0132609
    -354.5452532854782248      0.0052606
    -353.9428241385719502      0.0208548
    -353.3403925677174016     -0.0034771
    -352.7379585727481413      0.0053934
    -352.1355221538305500     -0.0050572
    -351.5330833107649937      0.0020991
    -350.9306420436844860      0.0060643
    -350.3281983524893235     -0.0075758
    -349.7257522371461391      0.0003505
    -349.1233036977548068     -0.0091721
    -348.5208527341488889      0.0022092
    -347.9183993464615696     -0.0028247
    -347.3159435345596648     -0.0028480
    -346.7134852985097950      0.0099455
    -346.1110246382452260      0.0044222
    -345.5085615537994954      0.0035109
    -344.9060960450725588      0.0026540
    -344.3036281121644038      0.0060505
    -343.7011577549417325     -0.0032469
    -343.0986849735377859     -0.0066426
    -342.4962097678194937     -0.0012015
    -341.8937321377534317      0.0051911
    -341.2912520834395309     -0.0067597
    -340.6887696047446639      0.0082653
    -340.0862847017686477     -0.0075197
    -339.4837973743783550     -0.0139088
    -338.8813076226736030      0.0099450
    -338.2788154465213779      0.0031074
    -337.6763208460213832      0.0076930
    -337.0738238210738587      0.0129444
    -336.4713243717120577      0.0118138
    -335.8688224979359802      0.0134678
    -335.2663181996458093      0.0047143
    -334.6638114769413050     -0.0006253
    -334.0613023296894539     -0.0030548
    -333.4587907579899593     -0.0109089
    -332.8562767617098075      0.0124281
    -332.2537603409821259      0.0054431
    -331.6512414956404768     -0.0162896
    -331.0487202257846775     -0.0077182
    -330.4461965312816574     -0.0104125
    -329.8436704122644869     -0.0039138
    -329.2411418686333491      0.0086908
    -328.6386109003549336      0.0052806
    -328.0360775074625508     -0.0179880
    -327.4335416898896369     -0.0050587
    -326.8310034477027557     -0.0063258
    -326.2284627808019764      0.0025462
    -325.6259196892207228      0.0206690
    -325.0233741729256849      0.0225143
    -324.4208262319167488      0.0228734
    -323.8182758661607181      0.0121466
    -323.2157230756908461      0.0024547
    -322.6131678604073159     -0.0089064
    -322.0106102203766909     -0.0053876
    -321.4080501555656610      0.0116802
    -320.8054876658743524      0.0201295
    -320.2029227514359491      0.0047192
    -319.6003554121173238     -0.0114113
    -318.9977856479517868     -0.0161530
    -318.3952134589059142     -0.0101375
    -317.7926388450131299      0.0077121
    -317.1900618061735031      0.0062337
    -316.5874823424869646     -0.0148244
    -315.9849004538202735     -0.0124705
    -315.3823161402401070      0.0060311
    -314.7797294017130980      0.0119976
    -314.1771402381727398     -0.0047008
    -313.5745486496855392     -0.0190208
    -312.9719546361849893      0.0152529
    -312.3693581976710334      0.0268030
    -311.7667593341104180     -0.0045993
    -311.1641580455364533      0.0086120
    -310.5615543318825189      0.0173250
    -309.9589481931818682      0.0135221
    -309.3563396293680512     -0.0026333
    -308.7537286404742645     -0.0130854
    -308.1511152264672546      0.0032812
    -307.5484993872805148     -0.0035445
    -306.9458811230137485      0.0169692
    -306.3432604335339420      0.0142284
    -305.7406373189075453     -0.0036539
    -305.1380117790681652     -0.0058825
    -304.5353838140489415     -0.0086005
    -303.9327534237833675     -0.0085514
    -303.3301206083046964      0.0024967
    -302.7274853675463646     -0.0044274
    -302.1248477015749927      0.0116109
    -301.5222076102906499      0.0169655
    -300.9195650937599567      0.0117182
    -300.3169201518830960     -0.0017828
    -299.7142727846599541     -0.0066142
    -299.1116229921571517     -0.0092151
    -298.5089707742749283      0.0005128
    -297.9063161310464238     -0.0124005
    -297.3036590623718780      0.0022215
    -296.7009995683844181     -0.0130339
    -296.0983376489175498      0.0101046
    -295.4956733041045140     -0.0003396
    -294.8930065337788733      0.0003475
    -294.2903373380403877     -0.0035480
    -293.6876657168559177     -0.0032068
    -293.0849916701254756      0.0121938
    -292.4823151979489353      0.0180375
    -291.8796363002264798      0.0040141
    -291.2769549770247295      0.0044102
    -290.6742712282105003     -0.0038454
    -290.0715850538836094      0.0025411
    -289.4688964539774929     -0.0065676
    -288.8662054284922078      0.0009282
    -288.2635119773944439      0.0091045
    -287.6608161007174544     -0.0040716
    -287.0581177983946759      0.0017293
    -286.4554170703929117      0.0063812
    -285.8527139167786117      0.0028413
    -285.2500083374520159      0.0045565
    -284.6473003324796309      0.0011494
    -284.0445899017616398     -0.0028641
    -283.4418770453646061      0.0096577
    -282.8391617631885993     -0.0107128
    -282.2364440553336067     -0.0061876
    -281.6337239216663875      0.0010470
    -281.0310013622535621      0.0010360
    -280.4282763770618203     -0.0065006
    -279.8255489659914019      0.0223653
    -279.2228191291752637     -0.0034696
    -278.6200868664804489     -0.0056383
    -278.0173521779734074     -0.0046528
    -277.4146150635543790     -0.0133882
    -276.8118755233230672      0.0102717
    -276.2091335571465152      0.0092812
    -275.6063891650912296      0.0114835
    -275.0036423470905333     -0.0060466
    -274.4008931031778502     -0.0015722
    -273.7981414332866166     -0.0003127
    -273.1953873374499153     -0.0043117
    -272.5926308156680307     -0.0158218
    -271.9898718678076648     -0.0002657
    -271.3871104940019450      0.0049955
    -270.7843466941177439     -0.0187472
    -270.1815804682549924     -0.0132263
    -269.5788118162804494      0.0170284
    -268.9760407382941025     -0.0053253
    -268.3732672341626539     -0.0150744
    -267.7704913039860344      0.0024009
    -267.1677129476644268      0.0179837
    -266.5649321652310846     -0.0129292
    -265.9621489566860078     -0.0275907
    -265.3593633219293793      0.0045810
    -264.7565752610609024     -0.0024784
    -264.1537847739143103      0.0039096
    -263.5509918606559836      0.0098297
    -262.9481965211194847      0.0180733
    -262.3453987554047444      0.0050164
    -261.7425985634117751      0.0128738
    -261.1397959452072541      0.0076498
    -260.5369909006579974     -0.0056286
    -259.9341834298971889     -0.0220977
    -259.3313735327916447      0.0034765
    -258.7285612093413079     -0.0090752
    -258.1257464596128557     -0.0188728
    -257.5229292835064143     -0.0149695
    -256.9201096810552372     -0.0012960
    -256.3172876521927606     -0.0074899
    -255.7144631969855482     -0.0090211
    -255.1116363153337829     -0.0138898
    -254.5088070073039717     -0.0026599
    -253.9059752727963541      0.0048665
    -253.3031411118774088      0.0094288
    -252.7003045244473185      0.0112323
    -252.0974655106059572      0.0104594
    -251.4946240702534510     -0.0026104
    -250.8917802033232363      0.0136629
    -250.2889339099484118      0.0133057
    -249.6860851899959073     -0.0013533
    -249.0832340434989760      0.0109031
    -248.4803804704243362      0.0096108
    -247.8775244708052412     -0.0064512
    -247.2746660445419025      0.0061189
    -246.6718051917341370      0.0040463
    -246.0689419122155073      0.0153549
    -245.4660762061524792     -0.0071431
    -244.8632080733785585     -0.0196998
    -244.2603375139271122     -0.0007714
    -243.6574645278313938     -0.0092727
    -243.0545891149915008      0.0004547
    -242.4517112754741106      0.0108448
    -241.8488310092125744     -0.0049141
    -241.2459483162068636     -0.0161917
    -240.6430631964237818      0.0102303
    -240.0401756499298358      0.0025583
    -239.4372856765919551      0.0057109
    -238.8343932764765896     -0.0086320
    -238.2314984495838530      0.0007758
    -237.6286011957805897     -0.0181351
    -237.0257015151998701      0.0048695
    -236.4227994077086237      0.0152561
    -235.8198948734066960     -0.0174630
    -235.2169879121276210      0.0027915
    -234.6140785240378932     -0.0087643
    -234.0111667089377647     -0.0064508
    -233.4082524669936163      0.0005543
    -232.8053357980390956      0.0079804
    -232.2024167021407379     -0.0009450
    -231.5994951792652614      0.0051740
    -230.9965712294126945     -0.0011209
    -230.3936448525829803      0.0001766
    -229.7907160486430485      0.0109068
    -229.1877848177592796     -0.0152616
    -228.5848511597652362     -0.0080702
    -227.9819150747275387      0.0214348
    -227.3789765625795667     -0.0009379
    -226.7760356233879691      0.0008269
    -226.1730922570527866      0.0063108
    -225.5701464636073581      0.0003845
    -224.9671982430184016     -0.0086673
    -224.3642475952859456     -0.0051588
    -223.7612945204099333      0.0056812
    -223.1583390182905191      0.0222997
    -222.5553810890608872     -0.0050408
    -221.9524207325212899     -0.0148789
    -221.3494579488381646     -0.0062516
    -220.7464927378450739     -0.0056891
    -220.1435250996418915     -0.0022013
    -219.5405550341287721      0.0059843
    -218.9375825414055328     -0.0077353
    -218.3346076213057927     -0.0073376
    -217.7316302739293974     -0.0072315
    -217.1286504992430366     -0.0021009
    -216.5256682971468649      0.0082725
    -215.9226836677740096     -0.0165014
    -215.3196966109581183     -0.0073061
    -214.7167071267989513     -0.0139653
    -214.1137152151967200     -0.0276646
    -213.5107208762512698     -0.0117544
    -212.9077241097961348     -0.0095208
    -212.3047249159312173     -0.0019523
    -211.7017232945899252     -0.0143229
    -211.0987192458055404     -0.0097736
    -210.4957127694782457     -0.0190937
    -209.8927038657078299      0.0034015
    -209.2896925344277577      0.0084645
    -208.6866787755382120      0.0049607
    -208.0836625891723202     -0.0014947
    -207.4806439751636162      0.0118644
    -206.8776229336452275      0.0048948
    -206.2745994644840835      0.0033719
    -205.6715735677800012      0.0026044
    -205.0685452433998535      0.0083246
    -204.4655144914102038      0.0003300
    -203.8624813117444603     -0.0089977
    -203.2594457044359331     -0.0001360
    -202.6564076694846506      0.0050538
    -202.0533672067574287      0.0090210
    -201.4503243163874231      0.0104891
    -200.8472789982414781      0.0030308
    -200.2442312523861858     -0.0061121
    -199.6411810787549825      0.0043746
    -199.0381284773811217      0.0053906
    -198.4350734481980680      0.0084619
    -197.8320159912391034      0.0042728
    -197.2289561064376358     -0.0123474
    -196.6258937938602571     -0.0002392
    -196.0228290534403754     -0.0110778
    -195.4197618851114555     -0.0070652
    -194.8166922889733144      0.0042426
    -194.2136202648928531     -0.0152854
    -193.6105458129365786     -0.0019398
    -193.0074689330380124     -0.0205285
    -192.4043896252636330     -0.0097133
    -191.8013078894803698      0.0072671
    -191.1982237257880684     -0.0049478
    -190.5951371340868263      0.0125673
    -189.9920481144432642     -0.0161081
    -189.3889566667575082      0.0044664
    -188.7858627910628400     -0.0074333
    -188.1827664873925414     -0.0037964
    -187.5796677555801750     -0.0132313
    -186.9765665957922351      0.0039321
    -186.3734630078289740      0.0047088
    -185.7703569918567723     -0.0003652
    -185.1672485477425596     -0.0055951
    -184.5641376755528427      0.0114196
    -183.9610243751545227      0.0032143
    -183.3579086466807269     -0.0126044
    -182.7547904899650462      0.0083070
    -182.1516699051406079      0.0027177
    -181.5485468921075949     -0.0116794
    -180.9454214508326118      0.0003139
    -180.3422935813823642      0.0004611
    -179.7391632836569215     -0.0128059
    -179.1360305577228758      0.0057295
    -178.5328954034470712      0.0121494
    -177.9297578209626636      0.0000902
    -177.3266178101365256      0.0018736
    -176.7234753710351924     -0.0161687
    -176.1203305035588471     -0.0095696
    -175.5171832077740532      0.0029454
    -174.9140334836807824      0.0014290
    -174.3108813311459073      0.0053317
    -173.7077267502693019     -0.0030837
    -173.1045697409510922     -0.0149336
    -172.5014103032578703      0.0070048
    -171.8982484370897623     -0.0038828
    -171.2950841425466137      0.0145607
    -170.6919174194620155      0.0128583
    -170.0887482680024050     -0.0084244
    -169.4855766879680630     -0.0030300
    -168.8824026794921735     -0.0126766
    -168.2792262424414673     -0.0079274
    -167.6760473769492137     -0.0070125
    -167.0728660828822569      0.0024683
    -166.4696823602072584     -0.0025512
    -165.8664962089908101      0.0166217
    -165.2633076291663485     -0.0034040
    -164.6601166207671554      0.0069111
    -164.0569231836934136     -0.0027044
    -163.4537273180448835      0.0016682
    -162.8505290237218048      0.0035534
    -162.2473283007574594     -0.0067784
    -161.6441251490519448      0.0031565
    -161.0409195687384170      0.0174776
    -160.4377115597170302      0.0026906
    -159.8345011218879108      0.0041075
    -159.2312882554174962     -0.0148819
    -158.6280729601060671     -0.0094641
    -158.0248552360868075      0.0175023
    -157.4216350832598437      0.0015835
    -156.8184125016916823      0.0038879
    -156.2151874912492815      0.0166858
    -155.6119600520324582      0.0210087
    -155.0087301839080567     -0.0132610
    -154.4054978870092043     -0.0099089
    -153.8022631612360840      0.0110286
    -153.1990260065221037     -0.0038122
    -152.5957864229671372     -0.0039562
    -151.9925444104380574      0.0055053
    -151.3892999690346528      0.0121923
    -150.7860530986571348     -0.0069528
    -150.1828037993720386     -0.0029191
    -149.5795520710462654      0.0023569
    -148.9762979137796322     -0.0086293
    -148.3730413275055753     -0.0026876
    -147.7697823122241232      0.0015554
    -147.1665208678686838      0.0033139
    -146.5632569945390742     -0.0027939
    -145.9599906921355057      0.0018577
    -145.3567219606246681     -0.0020978
    -144.7534508000398716     -0.0066634
    -144.1501772103477776      0.0144063
    -143.5469011915484145      0.0071526
    -142.9436227436085289     -0.0007371
    -142.3403418665280640     -0.0115604
    -141.7370585602737947      0.0056216
    -141.1337728248789176      0.0139931
    -140.5304846602104192      0.0047031
    -139.9271940664345948     -0.0064075
    -139.3239010434184024     -0.0115629
    -138.7206055910952500     -0.0157957
    -138.1173077095982364     -0.0380679
    -137.5140073987942628     -0.0073336
    -136.9107046587498928     -0.0130446
    -136.3073994893652809     -0.0226823
    -135.7040918907069624      0.0091225
    -135.1007818627084021      0.0078546
    -134.4974694054028532      0.0081585
    -133.8941545186905273      0.0031065
    -133.2908372026711845      0.0017169
    -132.6875174572450362      0.0151883
    -132.0841952824120824      0.0172095
    -131.4808706781722947      0.0127886
    -130.8775436444923912      0.0136953
    -130.2742141814056822      0.0189794
    -129.6708822888123223      0.0196982
    -129.0675479668121000      0.0026757
    -128.4642112152719449      0.0157213
    -127.8608720342916882      0.0301023
    -127.2575304237381886      0.0122983
    -126.6541863837113056      0.0258612
    -126.0508399140778977      0.0306433
    -125.4474910149378104      0.0320045
    -124.8441396862577761      0.0344673
    -124.2407859279046534      0.0372410
    -123.6374297400115694      0.0527108
    -123.0340711224454111      0.0695468
    -122.4307100753060098      0.0688995
    -121.8273465984602240      0.0716737
    -121.2239806920079133      0.0698699
    -120.6206123558492465      0.0866727
    -120.0172415900507588      0.0943789
    -119.4138683944793371      0.0837821
    -118.8104927692348269      0.1036095
    -118.2071147142506504      0.1216029
    -117.6037342294935542      0.1423690
    -117.0003513149967773      0.1384478
    -116.3969659706937847      0.1513230
    -115.7935781966511399      0.1655414
    -115.1901879927357015      0.1880952
    -114.5867953590473149      0.2033783
    -113.9834002954861489      0.2008907
    -113.3800028021187671      0.2133935
    -112.7766028788119996      0.2206604
    -112.1732005256990163      0.2441786
    -111.5697957427132536      0.2450319
    -110.9663885297215558      0.2600403
    -110.3629788868903603      0.2814255
    -109.7595668140532155      0.2964292
    -109.1561523113100236      0.2988378
    -108.5527353785276006      0.3335178
    -107.9493160158391163      0.3512357
    -107.3458942231114150      0.3373512
    -106.7424700004110747      0.3266145
    -106.1390433476382498      0.3310420
    -105.5356142648594897      0.3509939
    -104.9321827519749490      0.3529722
    -104.3287488090511914      0.3659048
    -103.7253124360882310      0.3783392
    -103.1218736329529406      0.3587191
    -102.5184323997451372      0.3606075
    -101.9149887363650038      0.3543618
    -101.3115426428790755      0.3694011
    -100.7080941191875496      0.3583586
    -100.1046431653569471      0.3501238
     -99.5011897813207042      0.3428440
     -98.8977339671121314      0.3428194
     -98.2942757226313546      0.3147218
     -97.6908150479782336      0.3025912
     -97.0873519430862046      0.3051872
     -96.4838864078554224      0.2882994
     -95.8804184424189998      0.2720064
     -95.2769480466438239      0.2510352
     -94.6734752205964440      0.2586578
     -94.0699999641770290      0.2379188
     -93.4665222774854101      0.2167087
     -92.8630421603884599      0.2189123
     -92.2595596129527564      0.1856443
     -91.6560746351117075      0.1822195
     -91.0525872269319052      0.1891916
     -90.4490973883467717      0.1744476
     -89.8456051192564615      0.1533023
     -89.2421104197941020      0.1556266
     -88.6386132898265657      0.1313495
     -88.0351137294536841      0.1169308
     -87.4316117385423581      0.1154990
     -86.8281073171924049      0.1040118
     -86.2246004652707256      0.1093512
     -85.6210911828771231      0.1014709
     -85.0175794698784841      0.1166061
     -84.4140653263746970      0.0985460
     -83.8105487522991268      0.0859210
     -83.2070297476185488      0.0747282
     -82.6035083123662162      0.0797068
     -81.9999844464422836      0.0821733
     -81.3964581499465964      0.0843345
     -80.7929294227460275      0.0826841
     -80.1893982649404506      0.0696866
     -79.5858646764299635      0.0736566
     -78.9823286572811725      0.0902309
     -78.3787902073609359      0.0796779
     -77.7752493267690852      0.0746443
     -77.1717060154058032      0.0850337
     -76.5681602733376252      0.0976348
     -75.9646121005312835      0.0760935
     -75.3610614968869186      0.0850527
     -74.7575084624711224      0.1059797
     -74.1539529972505704      0.1045233
     -73.5503951012252912      0.0886620
     -72.9468347743287211      0.1034684
     -72.3432720166274095      0.1315719
     -71.7397068280215109      0.1269979
     -71.1361392085776032      0.1330347
     -70.5325691581958267      0.1317617
     -69.9289966769427451      0.1325885
     -69.3254217647850766      0.1266459
     -68.7218444216229898      0.1552714
     -68.1182646475562876      0.1512671
     -67.5146824424851673      0.1600107
     -66.9110978064761923      0.1542106
     -66.3075107394294747      0.1654605
     -65.7039212414116207      0.1600141
     -65.1003293123227422      0.1706309
     -64.4967349522294597      0.1823269
     -63.8931381610318638      0.2066913
     -63.2895389388298426      0.2089582
     -62.6859372855568182      0.2140115
     -62.0823332011129452      0.2259028
     -61.4787266855980619      0.2088820
     -60.8751177389123228      0.2230490
     -60.2715063611223059      0.2514600
     -59.6678925521614332      0.2580313
     -59.0642763120297118      0.2402887
     -58.4606576406938387      0.2662182
     -57.8570365381871241      0.2807463
     -57.2534130044429830      0.2971013
     -56.6497870394947043      0.2905955
     -56.0461586432424355      0.3033892
     -55.4425278157860362      0.3310410
     -54.8388945570589286      0.3300217
     -54.2352588669945490      0.3236518
     -53.6316207456927430      0.3533292
     -53.0279801929871013      0.3591172
     -52.4243372090107584      0.3966697
     -51.8206917936305729      0.4039111
     -51.2170439469464043      0.4125657
     -50.6133936688251040      0.4119005
     -50.0097409593665461      0.4310005
     -49.4060858184375675      0.4485782
     -48.8024282461380352      0.4839394
     -48.1987682424346673      0.4853885
     -47.5951058071943294      0.4816734
     -46.9914409405501416      0.5042033
     -46.3877736423689839      0.5201517
     -45.7841039127507017      0.5148124
     -45.1804317515621676      0.5345212
     -44.5767571589032201      0.5579023
     -43.9730801346407389      0.5790374
     -43.3694006788745696      0.5811794
     -42.7657187915048524      0.6122149
     -42.1620344725981582      0.6325249
     -41.5583477220879303      0.6476157
     -40.9546585399075838      0.6583066
     -40.3509669261569854      0.6647217
     -39.7472728807362898      0.6976495
     -39.1435764036787504      0.7128274
     -38.5398774949178318      0.7291020
     -37.9361761544868017      0.7636027
     -37.3324723823523712      0.7953357
     -36.7287661785145616      0.8267500
     -36.1250575429067808      0.8553694
     -35.5213464755956139      0.8620738
     -34.9176329764812081      0.8965451
     -34.3139170456634091      0.9502423
     -33.7101986830090752      0.9702192
     -33.1064778885515025      0.9957671
     -32.5027546622906911      1.0019380
     -31.8990290041600630      1.0459414
     -31.2953009142261962      1.0923593
     -30.6915703923559491      1.1154442
     -30.0878374386824596      1.1494387
     -29.4841020530725899      1.1706612
     -28.8803642355929142      1.1829770
     -28.2766239861435764      1.2231860
     -27.6728813048244255      1.2371259
     -27.0691361915356126      1.2488725
     -26.4653886462105774      1.2284262
     -25.8616386689824438      1.2412752
     -25.2578862597180809      1.2580315
     -24.6541314184840559      1.2614923
     -24.0503741451472379      1.2721393
     -23.4466144398740397      1.2673678
     -22.8428523024647632      1.2433183
     -22.2390877330192609      1.2481425
     -21.6353207314709586      1.2343040
     -21.0315512978531451      1.2302394
     -20.4277794321325352      1.2171367
     -19.8240051342425616      1.2260972
     -19.2202284042497915      1.2074587
     -18.6164492420543795      1.2326272
     -18.0126676477228820      1.2543244
     -17.4088836211887426      1.2243706
     -16.8050971624519505      1.2636393
     -16.2013082714792311      1.2441427
     -15.5975169483371499      1.2629217
     -14.9937231928925705      1.3155371
     -14.3899270052453438      1.3658370
     -13.7861283852290502      1.4305674
     -13.1823273330101109      1.4747772
     -12.5785238484886737      1.5663134
     -11.9747179315981729      1.6759433
     -11.3709095824051722      1.7788866
     -10.7670988008431063      1.9457182
     -10.1632855869452623      2.1506519
      -9.5594699406117822      2.3935325
      -8.9556518619758041      2.7511604
      -8.3518313508376281      3.2530994
      -7.7480084073636712      4.0327888
      -7.1441830313875121      5.2243075
      -6.5403552230090067      6.8916235
      -5.9365249821615835      8.7240400
      -5.3326923087786779     10.1748533
      -4.7288572029601390     10.8701887
      -4.1250196646061177     11.0488672
      -3.5211796937498963     11.1057482
      -2.9173372902916244     11.2109957
      -2.3134924543644360     11.2500105
      -1.7096451858019135     11.2935543
      -1.1057954847039075     11.4274902
      -0.5019433509372837     11.6610575
       0.1019112153648234     11.8519888
       0.7057682143355487     11.9319725
       1.3096276459416081     12.0428400
       1.9134895101830021     12.2961149
       2.5173538071262973     12.6413679
       3.1212205367049273     13.0171642
       3.7250896990520261     12.9569740
       4.3289612941010267     12.2544746
       4.9328353218519281     11.1914015
       5.5367117823712988      9.9924145
       6.1405906756591389      8.8194141
       6.7444720016488802      7.6599398
       7.3483557605402243      6.5329175
       7.9522419521334715      5.5427227
       8.5561305765617544      4.6547384
       9.1600216338916400      3.9031689
       9.7639151239899942      3.2726846
      10.3678110469899529      2.7287395
      10.9717094028915163      2.2786186
      11.5756101916946808      1.8812001
      12.1795134133328826      1.5682995
      12.7834190679392563      1.3202134
      13.3873271554472328      1.0875460
      13.9912376759233794      0.9116881
      14.5951506293676960      0.7650899
      15.1990660157801845      0.6374450
      15.8029838352274101      0.5535073
      16.4069040876428076      0.4810985
      17.0108267731595113      0.3845668
      17.6147518915778178      0.3217374
      18.2186794431639960      0.2880954
      18.8226094277849150      0.2465379
      19.4265418455071384      0.2205658
      20.0304766962640954      0.1754022
      20.6344139802554949      0.1469938
      21.2383536972150679      0.1346378
      21.8422958474090798      0.1100768
      22.4462404307709669      0.0995792
      23.0501874472341548      0.0790255
      23.6541368969983523      0.0628052
      24.2580887798638543      0.0739099
      24.8620430959637950      0.0566021
      25.4659998452981782      0.0652998
      26.0699590279335673      0.0461257
      26.6739206437368317      0.0553837
      27.2778846929076693      0.0453482
      27.8818511753129421      0.0214073
      28.4858200910192281      0.0439647
      29.0897914400265165      0.0425958
      29.6937652224013853      0.0379739
      30.2977414381438237      0.0359274
      30.9017200871872753      0.0274076
      31.5057011696648637      0.0236155
      32.1096846855100253      0.0179675
      32.7136706347893309      0.0237691
      33.3176590174362133      0.0149859
      33.9216498335838068      0.0080941
      34.5256430830989700      0.0128897
      35.1296387661148373      0.0327497
      35.7336368826314299      0.0350969
      36.3376374325821558      0.0236334
      36.9416404161667131      0.0046236
      37.5456458331854321      0.0132575
      38.1496536837714189      0.0058788
      38.7536639678581096      0.0225110
      39.3576766855786531      0.0089342
      39.9616918368664713      0.0299427
      40.5657094217215644      0.0131426
      41.1697294402104959     -0.0033141
      41.7737518923998508      0.0032798
      42.3777767780899026     -0.0051026
      42.9818040974803708     -0.0098634
      43.5858338506378189      0.0049974
      44.1898660373625418      0.0111613
      44.7939006578542447      0.0129034
      45.3979377120463568      0.0197520
      46.0019772000054417      0.0057102
      46.6060191215983792     -0.0038789
      47.2100634770914240      0.0047262
      47.8141102662848851      0.0027438
      48.4181594892453262      0.0154593
      49.0222111460393037      0.0266362
      49.6262652366668320      0.0002363
      50.2303217611279109      0.0001168
      50.8343807193559627      0.0127405
      51.4384421115506925     -0.0083199
      52.0425059375789729     -0.0070482
      52.6465721975073677      0.0085622
      53.2506408913358698      0.0180433
      53.8547120191310498      0.0085294
      54.4587855807597876      0.0144706
      55.0628615764217599      0.0007173
      55.6669400060504174      0.0031780
      56.2710208696457528      0.0150118
      56.8751041672077804      0.0031115
      57.4791898987364789     -0.0038070
      58.0832780644315605      0.0175927
      58.6873686640267564      0.0072093
      59.2914616977883284      0.0163280
      59.8955571655165855     -0.0060010
      60.4996550674112257     -0.0048439
      61.1037554033391146     -0.0021230
      61.7078581734333795      0.0009714
      62.3119633776274640      0.0219536
      62.9160710159879315      0.0017599
      63.5201810884482114     -0.0029926
      64.1242935951414381      0.0100369
      64.7284085360010550      0.0165557
      65.3325259110270480      0.0114143
      65.9366457203525442      0.0059048
      66.5407679638444591      0.0125357
      67.1448926415692853     -0.0047826
      67.7490197535936431      0.0126909
      68.3531492999175185      0.0071912
      68.9572812804077842      0.0003927
      69.5614156953306946     -0.0030013
      70.1655525444865447     -0.0067125
      70.7696918280750680     -0.0096916
      71.3738335458965309      0.0053705
      71.9779776981506245      0.0048940
      72.5821242847708277     -0.0012618
      73.1862733057571120     -0.0137928
      73.7904247611760411     -0.0008585
      74.3945786510276292      0.0048559
      74.9987349753118622     -0.0011529
      75.6028937340287399      0.0140339
      76.2070549272448403      0.0002369
      76.8112185548935997     -0.0131896
      77.4153846171081454      0.0134827
      78.0195531137553360     -0.0054637
      78.6237240449017349      0.0053640
      79.2278974106805123      0.0066953
      79.8320732109584981      0.0112199
      80.4362514458688196      0.0071120
      81.0404321152783780     -0.0065824
      81.6446152193202863      0.0010953
      82.2488007579945588      0.0106572
      82.8529887313011528      0.0223251
      83.4571791391735616      0.0182127
      84.0613719818114475      0.0256364
      84.6655672590151198      0.0073462
      85.2697649709842977      0.0061201
      85.8739651176523751      0.0305557
      86.4781676989528023      0.0119075
      87.0823727150852989      0.0071527
      87.6865801659167090      0.0173081
      88.2907900515136106      0.0156076
      88.8950023718759894      0.0003736
      89.4992171270704375     -0.0087278
      90.1034343170303629     -0.0036222
      90.7076539418223575      0.0155233
      91.3118760014463930     -0.0043036
      91.9161004959024837      0.0039140
      92.5203274252572072     -0.0014662
      93.1245567894439858     -0.0105931
      93.7287885885293832     -0.0076258
      94.3330228225133851     -0.0074044
      94.9372594914626120     -0.0138927
      95.5414985953104292      0.0007475
      96.1457401341900209      0.0013939
      96.7499841079682312     -0.0056322
      97.3542305167116240      0.0035411
      97.9584793604867912      0.0061155
      98.5627306392937044     -0.0062787
      99.1669843530658000      0.0081774
      99.7712405018696558     -0.0125511
     100.3754990857718496     -0.0075809
     100.9797601047057896     -0.0102432
     101.5840235588046170     -0.0045978
     102.1882894479352046      0.0164745
     102.7925577722306940      0.0193791
     103.3968285315579436     -0.0023078
     104.0011017261166302      0.0050903
     104.6053773557736548      0.0134095
     105.2096554206621306      0.0018469
     105.8139359207155081     -0.0101633
     106.4182188559337874      0.0012759
     107.0225042263834894     -0.0098203
     107.6267920320646851     -0.0115784
     108.2310822730438957     -0.0002359
     108.8353749491879796     -0.0136245
     109.4396700606966704     -0.0109425
     110.0439676074368265     -0.0028062
     110.6482675895415895      0.0019524
     111.2525700069443531     -0.0029571
     111.8568748597117235      0.0005449
     112.4611821477105451      0.0036406
     113.0654918711405372     -0.0117664
     113.6698040300016714     -0.0182707
     114.2741186241608489     -0.0061811
     114.8784356538177462     -0.0103525
     115.4827551188392505     -0.0093971
     116.0870770193584747     -0.0013734
     116.6914013552422773      0.0072716
     117.2957281266904062      0.0092354
     117.9000573335031135     -0.0101304
     118.5043889759466680     -0.0194125
     119.1087230537548294     -0.0019818
     119.7130595671938522      0.0020761
     120.3173985161306092      0.0031506
     120.9217399006316498     -0.0025858
     121.5260837206970024     -0.0044842
     122.1304299763932022      0.0018363
     122.7347786676537140     -0.0057466
     123.3391297944785094     -0.0120974
     123.9434833570007299     -0.0176458
     124.5478393551538119     -0.0083309
     125.1521977890043331      0.0101808
     125.7565586584191522      0.0054785
     126.3609219635979741      0.0167860
     126.9652877044742070      0.0087806
     127.5696558810478791     -0.0083876
     128.1740264933855542     -0.0081512
     128.7783995414206402      0.0087301
     129.3827750252197575      0.0026603
     129.9871529448494130      0.0042979
     130.5915333002430714      0.0140763
     131.1959160914007327     -0.0040094
     131.8003013184555243     -0.0062031
     132.4046889812742904     -0.0091506
     133.0090790799902152      0.0015024
     133.6134716145366781      0.0053644
     134.2178665849802996     -0.0137962
     134.8222639913210514     -0.0178671
     135.4266638335589334     -0.0024247
     136.0310661116939457      0.0015802
     136.6354708257926518     -0.0070358
     137.2398779759216154     -0.0197582
     137.8442875618811456      0.0123045
     138.4486995839375254      0.0028351
     139.0531140418910354     -0.0067050
     139.6575309359413666      0.0018428
     140.2619502659554200     -0.0035603
     140.8663720320662947     -0.0096215
     141.4707962342074268     -0.0025062
     142.0752228723788164      0.0069481
     142.6796519467136477      0.0025183
     143.2840834570787365     -0.0008014
     143.8885174036072101     -0.0059861
     144.4929537862325049      0.0051517
     145.0973926050212128     -0.0137237
     145.7018338599067704      0.0065106
     146.3062775510888400     -0.0163648
     146.9107236783677308     -0.0167977
     147.5151722418766269     -0.0013693
     148.1196232416154714      0.0037093
     148.7240766775177292      0.0146793
     149.3285325497164990      0.0063269
     149.9329908582118094      0.0137921
     150.5374516029371250      0.0137724
     151.1419147839589527     -0.0119293
     151.7463804013438562     -0.0166079
     152.3508484549587649     -0.0099424
     152.9553189450033415      0.0197013
     153.5597918712778664     -0.0070685
     154.1642672340486513     -0.0000104
     154.7687450331159766      0.0238010
     155.3732252685463777      0.0167362
     155.9777079404730102      0.0134307
     156.5821930487627753     -0.0041326
     157.1866805935487434     -0.0176244
     157.7911705747644362      0.0132233
     158.3956629924763035      0.0103840
     159.0001578466178955     -0.0010124
     159.6046551372556905     -0.0201273
     160.2091548644563090     -0.0210749
     160.8136570281531590     -0.0007459
     161.4181616283462404      0.0067505
     162.0226686651686805      0.0068224
     162.6271781385539441     -0.0041475
     163.2316900484354676     -0.0048325
     163.8362043950129134     -0.0022521
     164.4407211781531544     -0.0074852
     165.0452403979893461      0.0044699
     165.6497620544548965      0.0092649
     166.2542861475498341     -0.0021890
     166.8588126773406941      0.0039074
     167.4633416438275049      0.0027482
     168.0678730469436744     -0.0025372
     168.6724068868889219      0.0050878
     169.2769431634635566      0.0064295
     169.8814818768006774     -0.0262400
     170.4860230269669046     -0.0108970
     171.0905666138956178     -0.0005246
     171.6951126375868455      0.0033159
     172.2996610981071512     -0.0256704
     172.9042119954565067      0.0017769
     173.5087653295683765      0.0051461
     174.1133211006424801      0.0020882
     174.7178793084790414      0.0088050
     175.3224399532778364     -0.0110916
     175.9270030349057379     -0.0189676
     176.5315685534958163      0.0045087
     177.1361365089815365      0.0157872
     177.7407069014294621     -0.0120518
     178.3452797308395930     -0.0219577
     178.9498549971453940     -0.0063268
     179.5544327005465277      0.0069332
     180.1590128408433031      0.0091977
     180.7635954182354112     -0.0105999
     181.3681804325897247      0.0089781
     181.9727678840393708     -0.0050412
     182.5773577725178143     -0.0032207
     183.1819500980915905     -0.0109110
     183.7865448606941641     -0.0058285
     184.3911420603920703     -0.0055722
     184.9957416973184365      0.0085175
     185.6003437712736002      0.0103348
     186.2049482824572237      0.0132776
     186.8095552307362084     -0.0138816
     187.4141646162436530      0.0087242
     188.0187764388464586      0.0036706
     188.6233906987443163     -0.0003991
     189.2280073958040418     -0.0072574
     189.8326265301588478     -0.0112737
     190.4372481017421137     -0.0069458
     191.0418721104873043      0.0002727
     191.6464985566607027     -0.0005677
     192.2511274400625325      0.0076994
     192.8557587607594144      0.0038084
     193.4603925188179119     -0.0033539
     194.0650287141714614      0.0026600
     194.6696673468866265      0.0115982
     195.2743084170299710      0.0229573
     195.8789519244683390      0.0000811
     196.4835978694014784      0.0128866
     197.0882462516296698      0.0016678
     197.6928970712860121     -0.0123274
     198.2975503285036893      0.0067758
     198.9022060230829538     -0.0115059
     199.5068641551569897     -0.0036873
     200.1115247247257685      0.0137532
     200.7161877317893186      0.0132074
     201.3208531763475548      0.0205803
     201.9255210584671545     -0.0137831
     202.5301913780814687     -0.0046476
     203.1348641353237099     -0.0017671
     203.7395393300606656     -0.0221687
     204.3442169624920552     -0.0096995
     204.9488970324182162     -0.0062997
     205.5535795399722758     -0.0105090
     206.1582644852207693     -0.0148015
     206.7629518680305694     -0.0206120
     207.3676416886013669      0.0173888
     207.9723339468000916     -0.0114800
     208.5770286426932500     -0.0073042
     209.1817257762808424     -0.0007335
     209.7864253476294323     -0.0136745
     210.3911273566725129     -0.0220929
     210.9958318034765909      0.0052582
     211.6005386880416665     -0.0048766
     212.2052480103677965     -0.0146020
     212.8099597705880512      0.0059401
     213.4146739685027967      0.0022534
     214.0193906043116385     -0.0121187
     214.6241096778815347     -0.0030319
     215.2288311894121193      0.0032286
     215.8335551387037299      0.0028755
     216.4382815259560573     -0.0044874
     217.0430103510359743     -0.0079196
     217.6477416140766081     -0.0018876
     218.2524753150113952     -0.0038553
     218.8572114539068991     -0.0130794
     219.4619500307631199      0.0004162
     220.0666910455800576     -0.0051434
     220.6714344984243041     -0.0122477
     221.2761803892292392     -0.0264517
     221.8809287180614547      0.0000961
     222.4856794849209791      0.0004618
     223.0904326898743477     -0.0003466
     223.6951883327884048     -0.0046262
     224.2999464138629264     -0.0125542
     224.9047069329647002     -0.0013554
     225.5094698902269386     -0.0170043
     226.1142352855164290     -0.0240528
     226.7190031190329194     -0.0062343
     227.3237733906432538     -0.0047408
     227.9285461004139961     -0.0162113
     228.5333212484117382     -0.0114994
     229.1380988345698881     -0.0049161
     229.7428788589550663      0.0132735
     230.3476613215671875      0.0100283
     230.9524462224063086     -0.0015040
     231.5572335614724011      0.0048502
     232.1620233388321140      0.0202906
     232.7668155544853050      0.0012027
     233.3716102083655244     -0.0061235
     233.9764073006058425     -0.0146631
     234.5812068311397525     -0.0072682
     235.1860088001002964     -0.0004237
     235.7908132072878686     -0.0091755
     236.3956200529686953     -0.0177912
     237.0004293369430854     -0.0079340
     237.6052410594107016     -0.0003659
     238.2100552201719097     -0.0079118
     238.8148718194929074     -0.0025059
     239.4196908571074687      0.0073139
     240.0245123332818196     -0.0074012
     240.6293362478829181     -0.0042519
     241.2341626009772710     -0.0129357
     241.8389913926314136      0.0088268
     242.4438226227122470      0.0172456
     243.0486562914194906      0.0042286
     243.6534923986199601      0.0101999
     244.2583309443802762     -0.0166778
     244.8631719287004387     -0.0134325
     245.4680153517135466      0.0011956
     246.0728612132199089     -0.0116133
     246.6777095134192166     -0.0109817
     247.2825602521783424     -0.0027149
     247.8874134295638783     -0.0263157
     248.4922690457089232     -0.0125989
     249.0971271004803782      0.0053466
     249.7019875940113423     -0.0001160
     250.3068505261687164      0.0114220
     250.9117158970855996      0.0150299
     251.5165837067619918      0.0110134
     252.1214539551979499     -0.0079503
     252.7263266423268533      0.0136424
     253.3312017682818293      0.0025957
     253.9360793329963712      0.0079101
     254.5409593365369574      0.0101690
     255.1458417789702366     -0.0127510
     255.7507266601630249     -0.0098120
     256.3556139803150700      0.0050287
     256.9605037392266240     -0.0025467
     257.5653959370973780      0.0088988
     258.1702905738608251      0.0123400
     258.7751876495169086     -0.0139761
     259.3800871640656851     -0.0212344
     259.9849891176402252     -0.0116631
     260.5898935101074585     -0.0112859
     261.1948003415338917      0.0009131
     261.7997096120527090      0.0108894
     262.4046213214641057      0.0105802
     263.0095354699680001      0.0103504
     263.6144520574976013      0.0097758
     264.2193710840530230     -0.0011255
     264.8242925496342082      0.0118241
     265.4292164543743979      0.0170324
     266.0341427981402944      0.0136126
     266.6390715810651955      0.0033331
     267.2440028030824237     -0.0036663
     267.8489364642585429     -0.0088916
     268.4538725645271029     -0.0060472
     269.0588111039544970      0.0015855
     269.6637520826740229      0.0083942
     270.2686955004858760      0.0150609
     270.8736413575898609      0.0128161
     271.4785896538526799      0.0003974
     272.0835403893410671      0.0036255
     272.6884935641214724      0.0106155
     273.2934491781940096      0.0158978
     273.8984072314920013      0.0222312
     274.5033677241486316      0.0112641
     275.1083306560972801      0.0039111
     275.7132960273380036      0.0024374
     276.3182638379374225      0.0112636
     276.9232340878954233     -0.0032411
     277.5282067772786263     -0.0090757
     278.1331819059539043     -0.0034396
     278.7381594741209483      0.0034043
     279.3431394816466309     -0.0007993
     279.9481219286640226      0.0074928
     280.5531068150401097      0.0042248
     281.1580941409745265      0.0222085
     281.7630839063341455     -0.0125779
     282.3680761111855304      0.0072979
     282.9730707555286244      0.0063252
     283.5780678393635412      0.0051887
     284.1830673628233512      0.0135688
     284.7880693257749272      0.0012547
     285.3930737283513963     -0.0011464
     285.9980805704196314     -0.0034375
     286.6030898521127597     -0.0059085
     287.2081015734307812      0.0012961
     287.8131157343736959      0.0173320
     288.4181323349415607      0.0044435
     289.0231513751343186      0.0161361
     289.6281728550184766     -0.0001250
     290.2331967745941483      0.0156253
     290.8382231338613337      0.0078753
     291.4432519328199191      0.0128070
     292.0482831715365819      0.0246716
     292.6533168500112652      0.0145091
     293.2583529682439121      0.0117976
     293.8633915261680727     -0.0031373
     294.4684325239168743     -0.0055032
     295.0734759614903169      0.0186916
     295.6785218388882868      0.0066115
     296.2835701560443340      0.0052308
     296.8886209130914722      0.0132275
     297.4936741100298718     -0.0049525
     298.0987297467927988     -0.0068526
     298.7037878235134940     -0.0053098
     299.3088483400588302      0.0050557
     299.9139112965618779      0.0092050
     300.5189766929560733     -0.0037321
     301.1240445293746006     -0.0035463
     301.7291148056843326      0.0007615
     302.3341875220182828      0.0090474
     302.9392626783100013     -0.0072318
     303.5443402745594312      0.0005671
     304.1494203109663772     -0.0032102
     304.7545027873309778     -0.0008978
     305.3595877037199671     -0.0132734
     305.9646750601997383      0.0117060
     306.5697648568370255     -0.0038784
     307.1748570934320242      0.0051241
     307.7799517702510457     -0.0269175
     308.3850488871609059     -0.0162744
     308.9901484442282253     -0.0161593
     309.5952504413863835     -0.0097051
     310.2003548787020009     -0.0069171
     310.8054617563082047      0.0147802
     311.4105710740052473      0.0015916
     312.0156828319929332     -0.0076059
     312.6207970301379646     -0.0025643
     313.2259136686402030      0.0182397
     313.8310327472999006      0.0073512
     314.4361542662500710      0.0077345
     315.0412782254908848      0.0140119
     315.6464046250888487      0.0242255
     316.2515334649108354      0.0163068
     316.8566647451564791      0.0046758
     317.4617984656926524      0.0104092
     318.0669346265860895     -0.0036829
     318.6720732278365631      0.0065079
     319.2772142695108073      0.0043577
     319.8823577516087653      0.0061349
     320.4875036740638166     -0.0197173
     321.0926520370757089     -0.0029329
     321.6978028404448082      0.0033261
     322.3029560843041281     -0.0144909
     322.9081117685871618     -0.0077933
     323.5132698934270365     -0.0102465
     324.1184304587571887     -0.0039851
     324.7235934645776183     -0.0090522
     325.3287589110214526     -0.0028670
     325.9339267979555643      0.0160645
     326.5390971254465171     -0.0007962
     327.1442698935609315      0.0036377
     327.7494451022321869      0.0122946
     328.3546227515267901     -0.0116699
     328.9598028415113617      0.0051529
     329.5649853720528313      0.0064425
     330.1701703432842692     -0.0073401
     330.7753577552056754      0.0096081
     331.3805476077504295      0.0010932
     331.9857399010517724      0.0007768
     332.5909346350431406      0.0066219
     333.1961318097910407     -0.0090996
     333.8013314252954160      0.0191513
     334.4065334815563801      0.0215299
     335.0117379785073695      0.0287067
     335.6169449163479612      0.0191419
     336.2221542949451418      0.0012871
     336.8273661143654181      0.0030941
     337.4325803746087900      0.0146443
     338.0377970757418780      0.0033050
     338.6430162176980616      0.0021596
     339.2482378005439614      0.0108683
     339.8534618242794636      0.0148985
     340.4586882889046819     -0.0019987
     341.0639171945527437     -0.0102732
     341.6691485410239011      0.0104064
     342.2743823285178451      0.0043446
     342.8796185569014483     -0.0004699
     343.4848572263078950      0.0038005
     344.0900983367371850      0.0051620
     344.6953418881892617     -0.0185960
     345.3005878805976181     -0.0178690
     345.9058363140287042     -0.0042608
     346.5110871886158179     -0.0065207
     347.1163405041591545      0.0036678
     347.7215962609250255      0.0047780
     348.3268544586471194     -0.0001866
     348.9321150975916908      0.0041086
     349.5373781776257260      0.0168019
     350.1426436988156752      0.0117115
     350.7479116610949745      0.0108756
     351.3531820646633719      0.0013857
     351.9584549093212331     -0.0211558
     352.5637301952014582     -0.0134946
     353.1690079223708381     -0.0035155
     353.7742880906961886      0.0088932
     354.3795707003106372      0.0123701
     354.9848557511475633      0.0122858
     355.5901432432735874     -0.0016131
     356.1954331766886526     -0.0104708
     356.8007255514594931     -0.0056640
     357.4060203674526974     -0.0127644
     358.0113176248681839     -0.0094982
     358.6166173236393320      0.0124682
     359.2219194637660848      0.0005733
     359.8272240451819926     -0.0077192
     360.4325310680866323     -0.0047087
     361.0378405323469337      0.0099084
     361.6431524380960809      0.0092069
     362.2484667852673397      0.0121451
     362.8537835737943169      0.0301878
     363.4591028039431535      0.0135979
     364.0644244754477086      0.0147267
     364.6697485885741230      0.0066599
     365.2750751431228196      0.0088136
     365.8804041392268118     -0.0059564
     366.4857355768196499     -0.0108397
     367.0910694560343472      0.0174120
     367.6964057768044540      0.0086746
     368.3017445391298565      0.0151926
     368.9070857431437389      0.0004788
     369.5124293886464670      0.0029043
     370.1177754759042386     -0.0036910
     370.7231240047173060     -0.0059288
     371.3284749752854736      0.0091492
     371.9338283874089939     -0.0068548
     372.5391842413541212      0.0027024
     373.1445425369211648      0.0081827
     373.7499032741766882      0.0016680
     374.3552664532538756     -0.0179194
     374.9606320740195429     -0.0016187
     375.5660001366067604      0.0094826
     376.1713706408825146     -0.0102687
     376.7767435870464396     -0.0098912
     377.3821189749654650      0.0071171
     377.9874968047060406     -0.0083434
     378.5928770762683371     -0.0107041
     379.1982597897853111     -0.0278842
     379.8036449450573286     -0.0105419
     380.4090325422841943     -0.0160071
     381.0144225813326102     -0.0037807
     381.6198150623358174     -0.0009819
     382.2252099852937590      0.0091774
     382.8306073501398146      0.0030237
     383.4360071570072819     -0.0040191
     384.0414094057629200      0.0015065
     384.6468140965399130     -0.0021814
     385.2522212293382040     -0.0008309
     385.8576308041577931     -0.0181641
     386.4630428209321735     -0.0096353
     387.0684572798609793     -0.0157929
     387.6738741807445763      0.0078585
     388.2792935237826555     -0.0022527
     388.8847153089085396      0.0087855
     389.4901395360557785      0.0086598
     390.0955662054240634      0.0199769
     390.7009953168136462      0.0209850
     391.3064268704908386     -0.0050205
     391.9118608661893290      0.0211587
     392.5172973041754858      0.0024294
     393.1227361843160679      0.0030832
     393.7281775066776390     -0.0052460
     394.3336212711936923      0.0072937
     394.9390674779973551      0.0033407
     395.5445161270885706      0.0138476
     396.1499672183342682     -0.0061672
     396.7554207520007026     -0.0092140
     397.3608767278881260     -0.0066286
     397.9663351461297225     -0.0008715
     398.5717960065923648     -0.0064121
     399.1772593095423076     -0.0013772
     399.7827250547132394      0.0094412
     400.3881932423714716     -0.0113389
     400.9936638723173132     -0.0083496
     401.5991369447504553     -0.0180485
     402.2046124594711500      0.0002523
     402.8100904166791452      0.0045365
     403.4155708163744976     -0.0069582
     404.0210536584905299      0.0026024
     404.6265389431604262      0.0070519
     405.2320266701844957      0.0071526
     405.8375168398289929      0.0054251
     406.4430094518942269      0.0178870
     407.0485045065798317      0.0084620
     407.6540020037527938     -0.0062667
     408.2595019435461836      0.0102725
     408.8650043258268170      0.0066524
     409.4705091507279349     -0.0008828
     410.0760164183159873     -0.0133546
     410.6815261283913969      0.0014297
     411.2870382812203616     -0.0047527
     411.8925528766031334     -0.0008320
     412.4980699147395171     -0.0061247
     413.1035893954962717     -0.0145796
     413.7091113190066949     -0.0052982
     414.3146356852040526     -0.0030872
     414.9201624941550222      0.0153954
     415.5256917457263057     -0.0072917
     416.1312234401177648     -0.0164551
     416.7367575773293993     -0.0162529
     417.3422941572945888      0.0124463
     417.9478331800799538     -0.0000808
     418.5533746456187600      0.0118416
     419.1589185540443623      0.0232466
     419.7644649052235195      0.0253432
     420.3700136993558658     -0.0147546
     420.9755649363084444      0.0026469
     421.5811186162142690      0.0013551
     422.1866747389401553      0.0129235
     422.7922333046193444      0.0099006
     423.3977943131852726     -0.0012693
     424.0033577647709535     -0.0000715
     424.6089236593099940     -0.0079746
     425.2144919967356032     -0.0146078
     425.8200627772477560     -0.0143284
     426.4256360007130979     -0.0131428
     427.0312116672648699     -0.0008355
     427.6367897767698878      0.0045641
     428.2423703294278425     -0.0008629
     428.8479533250391000     -0.0113015
     429.4535387638032944      0.0002944
     430.0591266455874120     -0.0021857
     430.6647169705244096      0.0030940
     431.2703097386143440     -0.0101005
     431.8759049497907654     -0.0166594
     432.4815026041866872     -0.0090572
     433.0871027016690391      0.0078973
     433.6927052423708915      0.0017061
     434.2983102262922444     -0.0045269
     434.9039176534331546      0.0021345
     435.5095275237271153     -0.0107349
     436.1151398373736470     -0.0051117
     436.7207545941731723     -0.0066538
     437.3263717942588187     -0.0150567
     437.9319914376970928      0.0104172
     438.5376135243549243      0.0052320
     439.1432380544320608     -0.0199062
     439.7488650277285842      0.0114249
     440.3544944444444695      0.0118571
     440.9601263045129826      0.0166320
     441.5657606079341235     -0.0093949
     442.1713973547745695     -0.0037322
     442.7770365449677001     -0.0004998
     443.3826781786465290      0.0083337
     443.9883222557447198      0.0042753
     444.5939687761954815      0.0046914
     445.1996177401986756      0.0045593
     445.8052691476876248      0.0089571
     446.4109229985958791      0.0210435
     447.0165792931229589      0.0018869
     447.6222380310694007     -0.0128711
     448.2278992126347248      0.0005268
     448.8335628376858040      0.0093567
     449.4392289064224428     -0.0124636
     450.0448974185783300      0.0076466
     450.6505683744862836     -0.0089126
     451.2562417738800491     -0.0057452
     451.8619176168926970      0.0124105
     452.4675959036574682      0.0019158
     453.0732766339745581     -0.0052688
     453.6789598080437713     -0.0008040
     454.2846454257319806      0.0071658
     454.8903334872387632     -0.0172340
     455.4960239922978644      0.0013802
     456.1017169412422163     -0.0014584
     456.7074123338055074      0.0036424
     457.3131101701874854      0.0058860
     457.9188104503214731      0.0119568
     458.5245131742741478      0.0026183
     459.1302183420454526      0.0086602
     459.7359259535687670      0.0003699
     460.3416360089773889     -0.0015986
     460.9473485082045840     -0.0049441
     461.5530634513170298     -0.0186669
     462.1587808382481057     -0.0078002
     462.7645006691974459     -0.0046700
     463.3702229438989093      0.0023361
     463.9759476626853143      0.0080936
     464.5816748252903494      0.0006711
     465.1874044319137624      0.0052642
     465.7931364824223124      0.0011191
     466.3988709769492402     -0.0034755
     467.0046079154944891     -0.0007246
     467.6103472980581159     -0.0157721
     468.2160891246400638     -0.0124618
     468.8218333952403327     -0.0051171
     469.4275801099255432      0.0012952
     470.0333292686290747      0.0026985
     470.6390808714840546     -0.0055563
     471.2448349184240328      0.0102528
     471.8505914094488389     -0.0076248
     472.4563503446251502     -0.0145851
     473.0621117238864031     -0.0080314
     473.6678755474322315     -0.0024896
     474.2736418149963811     -0.0041219
     474.8794105269117267      0.0201618
     475.4851816829120139      0.0092128
     476.0909552831968767     -0.0070970
     476.6967313276331879      0.0113424
     477.3025098164207520     -0.0160303
     477.9082907493597645     -0.0152794
     478.5140741267165367     -0.0029828
     479.1198599482247573     -0.0010388
     479.7256482140841740     -0.0132183
     480.3314389242947300     -0.0073435
     480.9372320787899753      0.0046404
     481.5430276777028666      0.0027771
     482.1488257209670110     -0.0115411
     482.7546262086489151     -0.0218403
     483.3604291406153948      0.0055803
     483.9662345170661411      0.0041592
     484.5720423379347039      0.0010483
     485.1778526032875334      0.0075352
     485.7836653129916158      0.0039501
     486.3894804671799648     -0.0087821
     486.9952980659192008     -0.0042318
     487.6011181091427034     -0.0125039
     488.2069405968505862     -0.0051428
     488.8127655291092992      0.0063012
