Scan:    457          UGC1098 2015-10-24 +06 10 11.0
         OPTICAL                 Tb    
        km/s-LSR                 I
    -522.5305738125041444      0.0134916
    -521.9288179022195209      0.0044090
    -521.3270595719473022      0.0096627
    -520.7252988217209122      0.0165329
    -520.1235356514736168     -0.0039056
    -519.5217700612720364     -0.0037269
    -518.9200020510496643     -0.0016287
    -518.3182316207398799     -0.0030930
    -517.7164587704426140      0.0070197
    -517.1146835000245119      0.0126387
    -516.5129058095857317     -0.0149328
    -515.9111256990261154     -0.0193617
    -515.3093431683460039      0.0030428
    -514.7075582175450563      0.0049567
    -514.1057708465901896     -0.0099409
    -513.5039810555479107      0.0119208
    -512.9021888443185162      0.0204939
    -512.3003942128351582     -0.0015154
    -511.6985971612311346      0.0043321
    -511.0967976893733180      0.0282456
    -510.4949957973282153      0.0070460
    -509.8931914850626299      0.0072204
    -509.2913847524766879      0.0199118
    -508.6895755996701496      0.0069933
    -508.0877640265432547     -0.0072580
    -507.4859500331625668      0.0006899
    -506.8841336194614655      0.0014164
    -506.2823147854066406     -0.0038682
    -505.6804935310315159      0.0006924
    -505.0786698562693573     -0.0035955
    -504.4768437611869558      0.0014169
    -503.8750152456842102     -0.0017979
    -503.2731843097612341     -0.0012949
    -502.6713509534845912      0.0024858
    -502.0695151767211541      0.0121398
    -501.4676769795707401     -0.0004310
    -500.8658363619335319     -0.0230419
    -500.2639933238095864     -0.0075974
    -499.6621478652321002     -0.0001450
    -499.0602999861011995      0.0020318
    -498.4584496864835614      0.0142365
    -497.8565969663458191      0.0110931
    -497.2547418256213518     -0.0101272
    -496.6528842644101474     -0.0121258
    -496.0510242825456544     -0.0084552
    -495.4491618801278605     -0.0069490
    -494.8472970571233986      0.0013382
    -494.2454298134657620     -0.0096183
    -493.6435601491880902     -0.0274135
    -493.0416880642572437     -0.0088469
    -492.4398135586732224      0.0088751
    -491.8379366324359125      0.0078027
    -491.2360572854455540      0.0138449
    -490.6341755178019639      0.0224020
    -490.0322913294053251      0.0014579
    -489.4304047202888910     -0.0217991
    -488.8285156904526616     -0.0128580
    -488.2266242397634528      0.0097221
    -487.6247303683878158      0.0166314
    -487.0228340761260029      0.0218010
    -486.4209353631443378     -0.0132333
    -485.8190342293097501     -0.0150677
    -485.2171306746222967      0.0068428
    -484.6152246991151742      0.0065379
    -484.0133163026552552      0.0098604
    -483.4114054854090341      0.0065200
    -482.8094922472432131      0.0012040
    -482.2075765881247094      0.0099616
    -481.6056585081532830     -0.0110056
    -481.0037380071624398     -0.0182739
    -480.4018150852855342     -0.0020554
    -479.7998897423558446      0.0065690
    -479.1979619785067825      0.0170846
    -478.5960317936716137     -0.0080909
    -477.9940991877838314      0.0062142
    -477.3921641609099424      0.0090953
    -476.7902267129169331     -0.0046885
    -476.1882868439378171      0.0021825
    -475.5863445538728342     -0.0035315
    -474.9843998426886174     -0.0159940
    -474.3824527104518438     -0.0125314
    -473.7805031570625260     -0.0056283
    -473.1785511825873414      0.0032670
    -472.5765967869263591      0.0067955
    -471.9746399701129462     -0.0000185
    -471.3726807321469892     -0.0048271
    -470.7707190729287845     -0.0107606
    -470.1687549925913459      0.0074865
    -469.5667884910016028      0.0025213
    -468.9648195681594984      0.0027751
    -468.3628482240983999     -0.0066501
    -467.7608744587516298     -0.0017613
    -467.1588982721525554      0.0161200
    -466.5569196642679231      0.0072104
    -465.9549386350310556     -0.0014485
    -465.3529551845418837     -0.0010184
    -464.7509693126339698      0.0106070
    -464.1489810194736947      0.0016430
    -463.5469903048947344      0.0060803
    -462.9449971689302288      0.0088715
    -462.3430016116136017      0.0069552
    -461.7410036328117258     -0.0165355
    -461.1390032326575579      0.0028117
    -460.5370004110847617      0.0056910
    -459.9349951679932360     -0.0010875
    -459.3329875034830820      0.0072611
    -458.7309774174542554      0.0123699
    -458.1289649099401231      0.0005817
    -457.5269499809739955      0.0046272
    -456.9249326303893781      0.0016212
    -456.3229128583195120      0.0025490
    -455.7208906646644664      0.0059126
    -455.1188660494908049      0.0210177
    -454.5168390127319640     -0.0059353
    -453.9148095543213799      0.0066744
    -453.3127776743589834      0.0078117
    -452.7107433727115335     -0.0118061
    -452.1087066494789042     -0.0031496
    -451.5066675045613351     -0.0108210
    -450.9046259379587127      0.0001737
    -450.3025819497043472      0.0048023
    -449.7005355396983646      0.0037082
    -449.0984867080406957     -0.0011712
    -448.4964354546314667      0.0045727
    -447.8943817794373103     -0.0074876
    -447.2923256825581575     -0.0077781
    -446.6902671638276274      0.0013131
    -446.0882062233787906     -0.0117810
    -445.4861428611117162     -0.0123302
    -444.8840770769933215      0.0015810
    -444.2820088710899995     -0.0047614
    -443.6799382432686798      0.0118308
    -443.0778651936625465      0.0088324
    -442.4757897221716121      0.0163963
    -441.8737118287294265     -0.0110095
    -441.2716315134691740     -0.0033217
    -440.6695487762242465     -0.0029987
    -440.0674636170613780     -0.0029353
    -439.4653760359804551      0.0093659
    -438.8632860328817742      0.0156765
    -438.2611936078650388      0.0101272
    -437.6590987607971215      0.0006310
    -437.0570014917780099     -0.0180213
    -436.4549018007409700     -0.0149761
    -435.8527996875862414      0.0050792
    -435.2506951524802616     -0.0233255
    -434.6485881952232830      0.0012400
    -434.0464788159484897      0.0044127
    -433.4443670145892611      0.0074943
    -432.8422527910457802      0.0161218
    -432.2401361454511175      0.0043232
    -431.6380170776388923      0.0015843
    -431.0358955877755420      0.0006252
    -430.4337716756946861      0.0072326
    -429.8316453413962677      0.0079970
    -429.2295165849801037     -0.0125000
    -428.6273854062465603     -0.0071013
    -428.0252518053953281     -0.0045710
    -427.4231157822600267     -0.0080762
    -426.8209773368405422     -0.0066088
    -426.2188364692034384     -0.0008763
    -425.6166931792157584      0.0156733
    -425.0145474670105159      0.0168052
    -424.4123993324545268      0.0069618
    -423.8102487755479046     -0.0076522
    -423.2080957963238461     -0.0091227
    -422.6059403947158444      0.0030125
    -422.0037825707571528      0.0011073
    -421.4016223244477146     -0.0079360
    -420.7994596556545730     -0.0033549
    -420.1972945645106279      0.0117597
    -419.5951270508829225      0.0091592
    -418.9929571148712171     -0.0033467
    -418.3907847564090048     -0.0162454
    -417.7886099753964118     -0.0076399
    -417.1864327719332550      0.0068350
    -416.5842531459530278     -0.0119802
    -415.9820710974889266      0.0208134
    -415.3798866264744447     -0.0060261
    -414.7776997328762718     -0.0075558
    -414.1755104167943387      0.0123858
    -413.5733186780620940      0.0073158
    -412.9711245167795823      0.0007954
    -412.3689279328800126     -0.0074522
    -411.7667289263302450     -0.0089573
    -411.1645274971967297     -0.0050953
    -410.5623236453465097     -0.0105557
    -409.9601173709125419     -0.0133788
    -409.3579086737618127     -0.0083620
    -408.7556975538942652      0.0071419
    -408.1534840113764631      0.0001360
    -407.5512680460752790      0.0152162
    -406.9490496580573335      0.0019547
    -406.3468288473225698     -0.0108041
    -405.7446056137710571      0.0001052
    -405.1423799574695863      0.0034640
    -404.5401518783181132      0.0009169
    -403.9379213764165115      0.0060447
    -403.3356884516983314      0.0042816
    -402.7334531040968955     -0.0016901
    -402.1312153336787674      0.0048543
    -401.5289751403108767     -0.0027178
    -400.9267325241596041      0.0115459
    -400.3244874850252586     -0.0009240
    -399.7222400230409676     -0.0017934
    -399.1199901381402242     -0.0025035
    -398.5177378302230409      0.0012033
    -397.9154830994226586     -0.0016168
    -397.3132259455726398      0.0029581
    -396.7109663688060550     -0.0039315
    -396.1087043690565110     -0.0087774
    -395.5064399462239635     -0.0010042
    -394.9041731004083431      0.0142606
    -394.3019038314765226      0.0013822
    -393.6996321395616292     -0.0077709
    -393.0973580245637891      0.0048835
    -392.4950814864497488     -0.0012441
    -391.8928025252528187      0.0059644
    -391.2905211409063782     -0.0069937
    -390.6882373334769341     -0.0057546
    -390.0859511028980933     -0.0000604
    -389.4836624491031216      0.0001643
    -388.8813713721920067     -0.0072933
    -388.2790778720315075     -0.0076012
    -387.6767819487214979     -0.0018390
    -387.0744836021621609      0.0035669
    -386.4721828323534965     -0.0068188
    -385.8698796393287580     -0.0044112
    -385.2675740229880716      0.0034915
    -384.6652659834313681      0.0177234
    -384.0629555205920269     -0.0115914
    -383.4606426343701742      0.0069660
    -382.8583273248657406      0.0102380
    -382.2560095920121057     -0.0132604
    -381.6536894358425798      0.0060649
    -381.0513668562904854     -0.0058951
    -380.4490418533226830     -0.0051374
    -379.8467144270056792      0.0032196
    -379.2443845772396571     -0.0068015
    -378.6420523040911235      0.0016374
    -378.0397176074935146      0.0054218
    -377.4373804873803238      0.0254322
    -376.8350409438846214      0.0023169
    -376.2326989768401404     -0.0012126
    -375.6303545863464706     -0.0032643
    -375.0280077723372187     -0.0197259
    -374.4256585347458781     -0.0075991
    -373.8233068736720952      0.0062278
    -373.2209527889829133     -0.0149523
    -372.6185962807780356     -0.0014757
    -372.0162373489910124      0.0008567
    -371.4138759935552798     -0.0197973
    -370.8115122145373448      0.0190492
    -370.2091460118373902      0.0157771
    -369.6067773855552900     -0.0092717
    -369.0044063356243669     -0.0036450
    -368.4020328619781139      0.0024546
    -367.7996569646831517     -0.0048563
    -367.1972786436062961     -0.0202621
    -366.5948978988807312     -0.0054645
    -365.9925147304398365     -0.0025788
    -365.3901291381837382     -0.0110724
    -364.7877411222456203     -0.0112037
    -364.1853506824589886      0.0086680
    -363.5829578189238873     -0.0024309
    -362.9805625316068358     -0.0022479
    -362.3781648203747636      0.0077249
    -361.7757646853940514     -0.0003970
    -361.1733621265316856      0.0207478
    -360.5709571438208059      0.0027288
    -359.9685497372614691      0.0068080
    -359.3661399067206048      0.0010643
    -358.7637276523645937     -0.0133490
    -358.1613129739936312      0.0089508
    -357.5588958717742116     -0.0098603
    -356.9564763455732646     -0.0010925
    -356.3540543953574229     -0.0213909
    -355.7516300212266174     -0.0110677
    -355.1492032230476070      0.0031745
    -354.5467740009203226     -0.0161630
    -353.9443423547448333     -0.0085333
    -353.3419082844879426      0.0048907
    -352.7394717902494676     -0.0074891
    -352.1370328718629708     -0.0044156
    -351.5345915294616361     -0.0081799
    -350.9321477629455899     -0.0085957
    -350.3297015722814649     -0.0092600
    -349.7272529575359385     -0.0091469
    -349.1248019186091369     -0.0168396
    -348.5223484555676237     -0.0111297
    -347.9198925683448351     -0.0085831
    -347.3174342569074611      0.0043445
    -346.7149735212887549      0.0055325
    -346.1125103614222667     -0.0052821
    -345.5100447773744463      0.0076009
    -344.9075767691120404     -0.0024075
    -344.3051063365019786     -0.0154484
    -343.7026334796773313      0.0000898
    -343.1001581985049143     -0.0004351
    -342.4976804931180254      0.0122814
    -341.8952003633833101      0.0000511
    -341.2927178092677423     -0.0047625
    -340.6902328308709684     -0.0105760
    -340.0877454280599181     -0.0163295
    -339.4852556009011550     -0.0031834
    -338.8827633493614258     -0.0000927
    -338.2802686733741666     -0.0040394
    -337.6777715730391378     -0.0023049
    -337.0752720481900155      0.0084238
    -336.4727700989266168      0.0085188
    -335.8702657252489416     -0.0130622
    -335.2677589269905525     -0.0048997
    -334.6652497043179437     -0.0063458
    -334.0627380570978744     -0.0057976
    -333.4602239853970218     -0.0089706
    -332.8577074891487086     -0.0002826
    -332.2551885682864850      0.0042152
    -331.6526672229433643     -0.0010862
    -331.0501434529530229      0.0114737
    -330.4476172584152209     -0.0034735
    -329.8450886392634516      0.0024971
    -329.2425575954644614     -0.0040227
    -328.6400241270515039      0.0164782
    -328.0374882339246483      0.0047147
    -327.4349499161838821     -0.0093043
    -326.8324091737958952     -0.0078350
    -326.2298660066274465     -0.0003897
    -325.6273204147784668     -0.0039200
    -325.0247723981823924      0.0015267
    -324.4222219569057302      0.0047802
    -323.8196690908154665      0.0016161
    -323.2171137999780512      0.0005437
    -322.6145560843602311     -0.0098956
    -322.0119959439287527      0.0024416
    -321.4094333786835591      0.0135419
    -320.8068683885914538      0.0045529
    -320.2043009737190005     -0.0068295
    -319.6017311339661546     -0.0111998
    -318.9991588692666369     -0.0122222
    -318.3965841797534040     -0.0007659
    -317.7940070652933287     -0.0021789
    -317.1914275259530314     -0.0157398
    -316.5888455616992019     -0.0072612
    -315.9862611724319663     -0.0037815
    -315.3836743582512554      0.0121635
    -314.7810851190571384      0.0066142
    -314.1784934549162358      0.0040323
    -313.5758993657619271     -0.0010672
    -312.9733028515609590     -0.0041892
    -312.3707039123466416      0.0150149
    -311.7681025480522976      0.0007831
    -311.1654987587446044      0.0026729
    -310.5628925443570552      0.0154050
    -309.9602839048229157      0.0118071
    -309.3576728402421168     -0.0042632
    -308.7550593504815311     -0.0047729
    -308.1524434356410325      0.0198787
    -307.5498250956206334      0.0013079
    -306.9472043304205044      0.0074611
    -306.3445811400738990      0.0004427
    -305.7419555244808862      0.0106886
    -305.1393274837080867      0.0162471
    -304.5366970177221901     -0.0039716
    -303.9340641264566898     -0.0022897
    -303.3314288100113458      0.0051126
    -302.7287910682198344     -0.0120315
    -302.1261509011819157      0.0093074
    -301.5235083088643364      0.0083578
    -300.9208632911672794      0.0036610
    -300.3182158482238151      0.0098691
    -299.7155659798676766     -0.0029126
    -299.1129136861985103      0.0143744
    -298.5102589671831765      0.0158043
    -297.9076018227217446      0.0073602
    -297.3049422529141452     -0.0081934
    -296.7022802576271374      0.0222452
    -296.0996158369606519      0.0180295
    -295.4969489908481250      0.0179893
    -294.8942797192229932      0.0070265
    -294.2916080221849597     -0.0010978
    -293.6889338996343781      0.0047613
    -293.0862573516044449      0.0033775
    -292.4835783780619067     -0.0021096
    -291.8808969789068328     -0.0030118
    -291.2782131543057176      0.0147875
    -290.6755269040588132      0.0213344
    -290.0728382282993039      0.0129663
    -289.4701471269605690     -0.0018474
    -288.8674535999427917      0.0007221
    -288.2647576473457889      0.0262523
    -287.6620592691030538     -0.0015582
    -287.0593584652477830     -0.0082985
    -286.4566552357135265      0.0067465
    -285.8539495804669173      0.0123490
    -285.2512414995412087     -0.0043621
    -284.6485309929032042     -0.0088671
    -284.0458180605861571      0.0177060
    -283.4431027024901937      0.0111997
    -282.8403849186486241      0.0086178
    -282.2376647090613915      0.0003149
    -281.6349420736287357      0.0003933
    -281.0322170124837271      0.0050758
    -280.4294895254932385      0.0003477
    -279.8267596126573267      0.0067453
    -279.2240272740424984      0.0108310
    -278.6212925094823163      0.0080013
    -278.0185553191432177     -0.0072791
    -277.4158157028920755     -0.0100726
    -276.8130736606956930     -0.0047875
    -276.2103291926537736      0.0039638
    -275.6075822985999935      0.0105245
    -275.0048329787007333     -0.0077774
    -274.4020812327896124     -0.0025930
    -273.7993270608998273     -0.0094782
    -273.1965704630647451      0.0084915
    -272.5938114391845488      0.0280046
    -271.9910499893256883      0.0134940
    -271.3882861134549671      0.0141667
    -270.7855198114724544     -0.0033106
    -270.1827510834780810     -0.0005109
    -269.5799799293720298      0.0113082
    -268.9772063492206939     -0.0076736
    -268.3744303429577371     -0.0048197
    -267.7716519105496786     -0.0058700
    -267.1688710520298855     -0.0073726
    -266.5660877673317941      0.0022950
    -265.9633020565219681     -0.0028463
    -265.3605139195338438      0.0110128
    -264.7577233563008576      0.0059207
    -264.1549303669228834      0.0151674
    -263.5521349512333700     -0.0166168
    -262.9493371093989253     -0.0030020
    -262.3465368413195051      0.0074841
    -261.7437341468954628      0.0015449
    -261.1409290262597551      0.0145665
    -260.5381214792793685     -0.0038379
    -259.9353115060541199      0.0002902
    -259.3324991064841356     -0.0080590
    -258.7296842805361052      0.0081266
    -258.1268670282766493     -0.0025283
    -257.5240473496392042      0.0074029
    -256.9212252446237130      0.0164690
    -256.3184007132302327      0.0091290
    -255.7155737553589177     -0.0049363
    -255.1127443711428384     -0.0161508
    -254.5099125604156711      0.0034886
    -253.9070783232771760      0.0037070
    -253.3042416596940996     -0.0105584
    -252.7014025695666248     -0.0039932
    -252.0985610529945404      0.0147671
    -251.4957171098447475      0.0006644
    -250.8928707402171199     -0.0164944
    -250.2900219440450655     -0.0190697
    -249.6871707212953027     -0.0112709
    -249.0843170720010846     -0.0056783
    -248.4814609960625944      0.0090367
    -247.8786024935797059      0.0020102
    -247.2757415644857986      0.0069424
    -246.6728782087143372      0.0081739
    -246.0700124263318855     -0.0051034
    -245.4671442172385696      0.0117300
    -244.8642735815342633      0.0005387
    -244.2614005190858393      0.0003925
    -243.6585250299931431     -0.0079021
    -243.0556471141563293      0.0069714
    -242.4527667715753694      0.0132005
    -241.8498840022502634      0.0032103
    -241.2469988061477864     -0.0064281
    -240.6441111833011632     -0.0053625
    -240.0412211336771122      0.0013534
    -239.4383286571758163     -0.0011097
    -238.8354337539303742     -0.0063367
    -238.2325364237744054      0.0018877
    -237.6296366668410087     -0.0078973
    -237.0267344830303671      0.0120462
    -236.4238298722759168      0.0024936
    -235.8209228346774466     -0.0046587
    -235.2180133701351394      0.0094115
    -234.6151014787155589      0.0103189
    -234.0121871603854800      0.0106621
    -233.4092704150117186     -0.0247214
    -232.8063512427273736     -0.0085035
    -232.2034296434326279     -0.0142778
    -231.6005056171608203     -0.0129096
    -230.9975791638785836     -0.0057884
    -230.3946502835526360     -0.0065309
    -229.7917189762163446      0.0059813
    -229.1887852417697786      0.0032255
    -228.5858490803127836     -0.0108047
    -227.9829104917788527     -0.0004882
    -227.3799694760681405     -0.0070889
    -226.7770260333137173      0.0135620
    -226.1740801633824560      0.0058812
    -225.5711318663409486     -0.0007878
    -224.9681811421559416      0.0121994
    -224.3652279907275613     -0.0085400
    -223.7622724121888780      0.0034631
    -223.1593144063735679     -0.0106182
    -222.5563539734147298     -0.0075146
    -221.9533911132124899     -0.0034198
    -221.3504258257002846     -0.0010530
    -220.7474581109780161     -0.0091807
    -220.1444879689457537     -0.0128573
    -219.5415153996701463     -0.0076165
    -218.9385404031178552     -0.0087262
    -218.3355629791557817     -0.0020455
    -217.7325831279170245     -0.0089439
    -217.1296008493017382      0.0076192
    -216.5266161433432330      0.0081417
    -215.9236290100081987      0.0038659
    -215.3206394492633819     -0.0023039
    -214.7176474611420360     -0.0158485
    -214.1146530455443155     -0.0022431
    -213.5116562025700944      0.0010041
    -212.9086569321194702      0.0040907
    -212.3056552341592464      0.0107931
    -211.7026511087892118     -0.0045426
    -211.0996445558762105     -0.0017646
    -210.4966355754868346     -0.0015469
    -209.8936241675878307      0.0000728
    -209.2906103320793250      0.0036170
    -208.6875940690611628      0.0039414
    -208.0845753784667806     -0.0023635
    -207.4815542602961784      0.0050294
    -206.8785307145493277      0.0044065
    -206.2755047411264400      0.0061189
    -205.6724763401273322     -0.0165838
    -205.0694455114521304      0.0015611
    -204.4664122551674268      0.0122382
    -203.8633765712066861      0.0178145
    -203.2603384595032878      0.0102958
    -202.6572979201571059     -0.0025840
    -202.0542549530350129     -0.0098116
    -201.4512095582368261     -0.0109464
    -200.8481617356960101     -0.0035374
    -200.2451114853460012     -0.0054863
    -199.6420588072866167      0.0024454
    -199.0390037013847575      0.0157262
    -198.4359461677069874      0.0014237
    -197.8328862062532494     -0.0152283
    -197.2298238168572198     -0.0172878
    -196.6267589997185326     -0.0216547
    -196.0236917546374968      0.0000434
    -195.4206220817472683     -0.0083050
    -194.8175499809479732     -0.0029396
    -194.2144754522063579     -0.0032791
    -193.6113984955889862     -0.0129255
    -193.0083191109959557     -0.0024588
    -192.4052372984938586      0.0005195
    -191.8021530580161880      0.0065039
    -191.1990663895295484     -0.0040833
    -190.5959772931006171     -0.0020717
    -189.9928857685962100     -0.0112890
    -189.3897918161161442     -0.0045648
    -188.7866954356271947      0.0204947
    -188.1835966269962057      0.0109807
    -187.5804953903895864      0.0018234
    -186.9773917256076174     -0.0119726
    -186.3742856328167932      0.0114988
    -185.7711771119171829      0.0097298
    -185.1680661628089410     -0.0157892
    -184.5649527856252803     -0.0146759
    -183.9618369802329596     -0.0035581
    -183.3587187467319097      0.0023314
    -182.7555980850555386     -0.0213667
    -182.1524749951039439     -0.0113822
    -181.5493494770103666      0.0052130
    -180.9462215306083124      0.0033178
    -180.3430911560309085      0.0003601
    -179.7399583532116480     -0.0008280
    -179.1368231220506004      0.0063650
    -178.5336854626476963      0.0094416
    -177.9305453749030335      0.0025834
    -177.3274028589164573      0.0190952
    -176.7242579145548973     -0.0012123
    -176.1211105418182967     -0.0118009
    -175.5179607407732192     -0.0121647
    -174.9148085113198192     -0.0217703
    -174.3116538534914355     -0.0079362
    -173.7084967672880111      0.0075147
    -173.1053372525763905      0.0020790
    -172.5021753095230679     -0.0045128
    -171.8990109379615774     -0.0185923
    -171.2958441379584826     -0.0203925
    -170.6926749095137836     -0.0037321
    -170.0895032525276349     -0.0130997
    -169.4863291670666285     -0.0057398
    -168.8831526530309191     -0.0115562
    -168.2799737105202666     -0.0155770
    -167.6767923394016293     -0.0139849
    -167.0736085397748525      0.0063981
    -166.4704223115400623     -0.0053790
    -165.8672336546972303     -0.0055988
    -165.2640425692796668      0.0150443
    -164.6608490551875548      0.0107699
    -164.0576531124874009      0.0038896
    -163.4544547411459519     -0.0075197
    -162.8512539410966440     -0.0058741
    -162.2480507124060409      0.0025889
    -161.6448450549743256      0.0027676
    -161.0416369689012583      0.0076181
    -160.4384264540538254     -0.0009867
    -159.8352135104651666      0.0090735
    -159.2319981381354239      0.0039191
    -158.6287803369979486      0.0007384
    -158.0255601071193041     -0.0061268
    -157.4223374484329554      0.0101330
    -156.8191123609055921      0.0105063
    -156.2158848445705246     -0.0054106
    -155.6126548993611891     -0.0046679
    -155.0094225253108675     -0.0046281
    -154.4061877224195314     -0.0098224
    -153.8029504905873353      0.0121844
    -153.1997108298808712     -0.0027212
    -152.5964687402335755     -0.0102808
    -151.9932242216786733     -0.0123149
    -151.3899772742162213     -0.0028787
    -150.7867278977130638     -0.0033927
    -150.1834760922691032      0.0062219
    -149.5802218578176621     -0.0091045
    -148.9769651943921076     -0.0026369
    -148.3737061019258761      0.0044925
    -147.7704445804189390      0.0030560
    -147.1671806298712681      0.0150345
    -146.5639142502163565     -0.0119854
    -145.9606454415540213     -0.0016488
    -145.3573742037844170      0.0058618
    -144.7541005368742617     -0.0140817
    -144.1508244408568373      0.0006163
    -143.5475459156988904      0.0046360
    -142.9442649614003642      0.0243381
    -142.3409815779280052      0.0013799
    -141.7376957652485316      0.0000863
    -141.1344075234285071      0.0088757
    -140.5311168523347760     -0.0038954
    -139.9278237520672690     -0.0080793
    -139.3245282225260269     -0.0060077
    -138.7212302637111065     -0.0044850
    -138.1179298756890717     -0.0016067
    -137.5146270583267665      0.0020733
    -136.9113218116908115     -0.0003631
    -136.3080141357478681     -0.0086712
    -135.7047040304646544      0.0127055
    -135.1013914958411988      0.0208369
    -134.4980765318442195      0.0015759
    -133.8947591385069700     -0.0057913
    -133.2914393157629149      0.0042067
    -132.6881170636120260      0.0010113
    -132.0847923820543315     -0.0071252
    -131.4814652710232394      0.0120428
    -130.8781357306186237      0.0014953
    -130.2748037607406104     -0.0072154
    -129.6714693613226359     -0.0010027
    -129.0681325324978275      0.0072761
    -128.4647932740998328     -0.0025038
    -127.8614515862283980     -0.0031478
    -127.2581074688170304     -0.0028179
    -126.6547609217991379     -0.0021036
    -126.0514119453078621     -0.0068827
    -125.4480605391434977     -0.0018961
    -124.8447067034724398      0.0079941
    -124.2413504381616036      0.0172862
    -123.6379917432109465      0.0085416
    -123.0346306186537646     -0.0019995
    -122.4312670644235084      0.0179649
    -121.8279010805534313     -0.0101436
    -121.2245326669769980     -0.0098924
    -120.6211618236941661      0.0029141
    -120.0177885507382740     -0.0055235
    -119.4144128480094196      0.0059472
    -118.8110347156074909      0.0016067
    -118.2076541534326140      0.0071093
    -117.6042711614182252      0.0041758
    -117.0008857396974662      0.0003654
    -116.3974978881372095     -0.0099111
    -115.7941076068040047     -0.0048411
    -115.1907148956312739      0.0154065
    -114.5873197545857636      0.0154659
    -113.9839221837007699     -0.0028593
    -113.3805221829096723     -0.0071317
    -112.7771197523123590     -0.0022946
    -112.1737148917756883     -0.0072146
    -111.5703076012996604     -0.0090230
    -110.9668978809175428      0.0097830
    -110.3634857305628145      0.0041452
    -109.7600711503019824     -0.0147442
    -109.1566541400352293      0.0002732
    -108.5532346997625552     -0.0009130
    -107.9498128295172421      0.0022982
    -107.3463885292327120      0.0011152
    -106.7429617989422610      0.0093552
    -106.1395326385793112     -0.0091182
    -105.5361010481438768      0.0049778
    -104.9326670276692255     -0.0086807
    -104.3292305770555117     -0.0014267
    -103.7257916963693134      0.0163881
    -103.1223503855773345     -0.0088554
    -102.5189066445797152     -0.0013842
    -101.9154604735096257      0.0053256
    -101.3120118722005998     -0.0047561
    -100.7085608407858217     -0.0083934
    -100.1051073791654034      0.0053044
     -99.5016514872727811      0.0157048
     -98.8981931652411106     -0.0106003
     -98.2947324128706725      0.0076358
     -97.6912692303278902     -0.0002229
     -97.0878036175129040     -0.0077279
     -96.4843355743924604     -0.0001164
     -95.8808651009998130      0.0136447
     -95.2773921972351161      0.0179916
     -94.6739168631982153      0.0040721
     -94.0704390988225612      0.0123679
     -93.4669589040415900      0.0020208
     -92.8634762789551189      0.0015283
     -92.2599912233967672      0.0049556
     -91.6565037375329297     -0.0140551
     -91.0530138212304792      0.0017177
     -90.4495214744561196      0.0019184
     -89.8460266972764430      0.0224133
     -89.2425294895915755      0.0046045
     -88.6390298514681092      0.0090237
     -88.0355277828394520      0.0013489
     -87.4320232837389000      0.0015660
     -86.8285163541331713      0.0064894
     -86.2250069939224062      0.0134988
     -85.6214952032397463     -0.0060614
     -85.0179809819520500      0.0108974
     -84.4144643300926134      0.0158167
     -83.8109452476947041      0.0141061
     -83.2074237345919130      0.0096836
     -82.6038997909506634      0.0087004
     -82.0003734166378138     -0.0020463
     -81.3968446116866460      0.0029194
     -80.7933133760971600      0.0073433
     -80.1897797097695104     -0.0011757
     -79.5862436128035426      0.0198117
     -78.9827050850661294      0.0162071
     -78.3791641266903980      0.0210229
     -77.7756207375432211      0.0068962
     -77.1720749175913028      0.0177241
     -76.5685266669345168      0.0262683
     -75.9649759854729751      0.0124081
     -75.3614228732067062      0.0119016
     -74.7578673301690060      0.0203538
     -74.1543093562600006      0.0109311
     -73.5507489515462538      0.0188670
     -72.9471861159279058      0.0038215
     -72.3436208494715629      0.0167801
     -71.7400531521771967      0.0161388
     -71.1364830238783838      0.0342789
     -70.5329104647415761      0.0274926
     -69.9293354746336036      0.0294849
     -69.3257580536210440      0.0313067
     -68.7221782016706300      0.0395653
     -68.1185959186824732      0.0437064
     -67.5150112047564619      0.0597294
     -66.9114240597927363      0.0847649
     -66.3078344838245641      0.0912182
     -65.7042424768519737      0.0887920
     -65.1006480387750770      0.0935724
     -64.4970511696937479      0.1181374
     -63.8934518695081408      0.1179279
     -63.2898501382515306      0.1187809
     -62.6862459758906354      0.1436460
     -62.0826393823588774      0.1580729
     -61.4790303577561232      0.1671768
     -60.8754189019492316      0.1920808
     -60.2718050150380549      0.2159361
     -59.6681886969560153      0.2132162
     -59.0645699476032746      0.2251822
     -58.4609487671129671      0.2479191
     -57.8573251553519583      0.2540878
     -57.2536991123868049      0.2534316
     -56.6500706381842321      0.2668716
     -56.0464397326443873      0.2878506
     -55.4428063959004049      0.2902061
     -54.8391706277858759      0.3000942
     -54.2355324284339133      0.3135231
     -53.6318917977446858      0.3170417
     -53.0282487356516157      0.3365320
     -52.4246032422878443      0.3382890
     -51.8209553174869413      0.3296485
     -51.2173049613487734      0.3389114
     -50.6136521738067700      0.3501003
     -50.0099969547943530      0.3471043
     -49.4063393044113823      0.3586281
     -48.8026792225580053      0.3547854
     -48.1990167092675037      0.3573154
     -47.5953517645398847      0.3600782
     -46.9916843882419997      0.3663574
     -46.3880145805069972      0.3829941
     -45.7843423412017358      0.3959565
     -45.1806676704260681      0.4173073
     -44.5769905681134233      0.4257227
     -43.9733110341639630      0.4503247
     -43.3696290687108075      0.4758632
     -42.7659446715875404      0.4962847
     -42.1622578429272963      0.5231035
     -41.5585685826635256      0.5826784
     -40.9548768906963545      0.6440325
     -40.3511827671256356      0.6714416
     -39.7474862118848122      0.7178177
     -39.1437872249738774      0.7944899
     -38.5400858063928453      0.9050669
     -37.9363819560418492      1.0046949
     -37.3326756740207415      1.1092314
     -36.7289669601963880      1.2033744
     -36.1252558147019300      1.3462620
     -35.5215422374042333      1.4847324
     -34.9178262283032836      1.6399494
     -34.3141077874656588      1.8089004
     -33.7103869147582316      1.9934587
     -33.1066636102808403      2.1822746
     -32.5029378739336394      2.4006946
     -31.8992097057166291      2.5978839
     -31.2954791056630945      2.7929218
     -30.6917460736731762      2.9541290
     -30.0880106098467337      3.0869284
     -29.4842727141171963      3.1529143
     -28.8805323863847150      3.1395152
     -28.2767896267824241      3.0554159
     -27.6730444351771858      2.8833940
     -27.0692968116355743      2.7066839
     -26.4655467560910154      2.5111618
     -25.8617942685102271      2.3053129
     -25.2580393489930621      2.1445985
     -24.6542819973398153      1.9937931
     -24.0505222137501917      1.8580486
     -23.4467599980577717      1.7183595
     -22.8429953502625587      1.6392977
     -22.2392282703978310      1.5307465
     -21.6354587584303069      1.4570663
     -21.0316868143599898      1.4102604
     -20.4279124381535908      1.3778415
     -19.8241356297445463      1.3521036
     -19.2203563892659872      1.3572259
     -18.6165747165182154      1.3831182
     -18.0127906116343652      1.4232563
     -17.4090040745478660      1.5055327
     -16.8052151051921541      1.6085722
     -16.2014237036670785      1.7546118
     -15.5976298698062195      1.9310851
     -14.9938336037427167      2.1625788
     -14.3900349054099994      2.4471776
     -13.7862337747414987      2.7742646
     -13.1824302117705017      3.1180596
     -12.5786242164637230      3.5159202
     -11.9748157888544444      3.9004068
     -11.3710049288428205      4.3322959
     -10.7671916365286968      4.8168287
     -10.1633759118122242      5.4820685
      -9.5595577546601174      6.3129783
      -8.9557371651389488      7.4061632
      -8.3519141431155788      8.8920822
      -7.7480886887231444     10.9234819
      -7.1442608018950775     13.7289934
      -6.5404304825315274     17.0617027
      -5.9365977307323448     20.3404446
      -5.3327625463643944     23.1960258
      -4.7289249295275289     25.4655552
      -4.1250848801884628     26.5819225
      -3.5212423982473466     25.8384228
      -2.9173974837707468     23.6322193
      -2.3135501366920961     20.9609871
      -1.7097003570779628     18.4605999
      -1.1058481448617781     16.2515373
      -0.5019934999769758     14.3467245
       0.1018635774765936     12.6842346
       0.7057230876986318     11.1964254
       1.3095850304228700      9.7087364
       1.9134494059155769      8.2896624
       2.5173162141101852      6.9521370
       3.1211854550066955      5.7921023
       3.7250571286051071      4.8185720
       4.3289312349054203      4.0253735
       4.9328077739742033      3.3966575
       5.5366867458780220      2.8620660
       6.1405681504837419      2.4159374
       6.7444519879244984      2.0451350
       7.3483382581337233      1.7468143
       7.9522269611779848      1.5114574
       8.5561180971238500      1.3094888
       9.1600116658381836      1.1292686
       9.7639076675206891      0.9874663
      10.3678061019716630      0.8596578
      10.9717069693908069      0.7506206
      11.5756102697115555      0.6680349
      12.1795160029339051      0.5872292
      12.7834241691244284      0.5278493
      13.3873347682831216      0.4938997
      13.9912478003434178      0.4457190
      14.5951632655050201      0.3877052
      15.1990811635682235      0.3340285
      15.8030014947327366      0.3116973
      16.4069242587988491      0.2954973
      17.0108494559662695      0.2723499
      17.6147770862349944      0.2456217
      18.2187071495384600      0.1958778
      18.8226396460097938      0.1899412
      19.4265745755158683      0.1695093
      20.0305119381232473      0.1712680
      20.6344517338984978      0.1414469
      21.2383939627750600      0.1309860
      21.8423386248860538      0.1229317
      22.4462857200983557      0.1186801
      23.0502352485450999      0.0909880
      23.6541872102262829      0.0907295
      24.2581416050753411      0.0985840
      24.8620984332254018      0.0637622
      25.4660576945433377      0.0635691
      26.0700193890957124      0.0531531
      26.6739835170822310      0.0613891
      27.2779500782366178      0.0576832
      27.8819190727585848      0.0242007
      28.4858905005815579      0.0360560
      29.0898643617055370      0.0286331
      29.6938406562636601      0.0208265
      30.2978193841227892      0.0131258
      30.9018005454160587      0.0241448
      31.5057841400769014      0.0179712
      32.1097701681718917      0.0220585
      32.7137586297010188      0.0229738
      33.3177495245977155      0.0284216
      33.9217428530617013      0.0325344
      34.5257386148932568      0.0221055
      35.1297368102255234      0.0295398
      35.7337374391250648      0.0162772
      36.3377405015253103      0.0064939
      36.9417459974262670      0.0118392
      37.5457539268945055      0.0236897
      38.1497642898634481      0.0281904
      38.7537770864662363      0.0133909
      39.3577923166363064      0.0177117
      39.9618099804402078     -0.0037222
      40.5658300778113912      0.0233086
      41.1698526088164201      0.0217285
      41.7738775735218582      0.0162038
      42.3779049718611418      0.0090762
      42.9819348039008418      0.0246339
      43.5859670695743802      0.0162794
      44.1900017689483278      0.0232418
      44.7940389021558190      0.0200070
      45.3980784689971628      0.0075415
      46.0021204696720432      0.0082415
      46.6061649039807762      0.0254114
      47.2102117721230456      0.0208242
      47.8142610741654366      0.0064770
      48.4183128099082296      0.0099788
      49.0223669795511441      0.0194106
      49.6264235829610314     -0.0070595
      50.2304826202044694      0.0049730
      50.8345440914145854      0.0116778
      51.4386079963916814      0.0253577
      52.0426743353354553      0.0050744
      52.6467431081793436      0.0055657
      53.2508143149233391      0.0015064
      53.8548879557005833     -0.0000086
      54.4589640303779419      0.0069970
      55.0630425390219926      0.0274898
      55.6671234816327072     -0.0060586
      56.2712068582766776      0.0014994
      56.8752926688873259      0.0120476
      57.4793809135977867     -0.0067875
      58.0834715923414961      0.0021616
      58.6875647051184544      0.0003078
      59.2916602519286684      0.0111465
      59.8957582329052514     -0.0029462
      60.4998586479150902      0.0099592
      61.1039614970913121     -0.0104308
      61.7080667803673393     -0.0067121
      62.3121744978097567      0.0055110
      62.9162846494851280     -0.0025554
      63.5203972351937338      0.0001123
      64.1245122552018643      0.0111107
      64.7286297093763778     -0.0016319
      65.3327495977838453     -0.0094337
      65.9368719204242524     -0.0040325
      66.5409966772975991      0.0100142
      67.1451238685370413      0.0101873
      67.7492534939428737      0.0093543
      68.3533855537147872     -0.0036112
      68.9575200477196546      0.0023200
      69.5616569760240253      0.0109152
      70.1657963387610550      0.0233758
      70.7699381357975881      0.0260714
      71.3740823672667943      0.0126231
      71.9782290330355039      0.0009446
      72.5823781332368725      0.0074975
      73.1865296679374495      0.0109059
      73.7906836369375583      0.0002429
      74.3948400404368755      0.0102662
      74.9989988783688375      0.0141138
      75.6031601508000364      0.0108867
      76.2073238577304295      0.0098589
      76.8114899990934958      0.0230999
      77.4156585750223343      0.0120170
      78.0198295854503954      0.0087093
      78.6240030304442428      0.0121588
      79.2281789100038765      0.0158652
      79.8323572241292965     -0.0022498
      80.4365379728870806      0.0024291
      81.0407211562106369      0.0225459
      81.6449067740999794      0.0260365
      82.2490948266882498      0.0250078
      82.8532853139088701      0.0239462
      83.4574782358284040      0.0168096
      84.0616735923802878      0.0218893
      84.6658713836311136      0.0311460
      85.2700716095808389      0.0041727
      85.8742742702295061      0.0099403
      86.4784793657102142      0.0158324
      87.0826868958232865      0.0107565
      87.6868968607683996      0.0055397
      88.2911092605455678      0.0063048
      88.8953240950216639      0.0017118
      89.4995413643298150      0.0009026
      90.1037610684700212      0.0212622
      90.7079832074422683      0.0091730
      91.3122077813131625      0.0041370
      91.9164347900160976      0.0085598
      92.5206642336176657      0.0091541
      93.1248961121178240      0.0053096
      93.7291304254500659      0.0233771
      94.3333671738140680     -0.0052068
      94.9376063570766888      0.0102954
      95.5418479753710557      0.0057505
      96.1460920284974918      0.0001672
      96.7503385166556740      0.0073472
      97.3545874399121800      0.0123093
      97.9588387980673190      0.0027753
      98.5630925913873313      0.0116209
      99.1673488196059907      0.0310146
      99.7716074829229598      0.0122666
     100.3758685814048164      0.0107137
     100.9801321148518696      0.0274986
     101.5843980835303739      0.0103178
     102.1886664872406527      0.0069810
     102.7929373260492412     -0.0002555
     103.3972106000892950      0.0056218
     104.0014863092276727     -0.0110035
     104.6057644535975157      0.0075112
     105.2100450331322321      0.0006054
     105.8143280478984281      0.0097325
     106.4186134978960609      0.0065374
     107.0229013830586098      0.0057875
     107.6271917035857371      0.0108174
     108.2314844592777519      0.0046324
     108.8357796502677957     -0.0008287
     109.4400772765558827      0.0071568
     110.0443773382085340     -0.0068692
     110.6486798351592284     -0.0114770
     111.2529847674079519     -0.0023347
     111.8572921350212681      0.0078772
     112.4616019380657406      0.0233978
     113.0659141764082420     -0.0067012
     113.6702288502484777      0.0088465
     114.2745459593867281      0.0166913
     114.8788655040226985      0.0082230
     115.4831874840898536     -0.0035939
     116.0875118995881508      0.0015647
     116.6918387506507599     -0.0066833
     117.2961680371445112     -0.0049337
     117.9004997590694472      0.0054384
     118.5048339166252305      0.0091742
     119.1091705096121700     -0.0112542
     119.7135095382299710     -0.0122504
     120.3178510023455203      0.0030212
     120.9221949020253390      0.0017726
     121.5265412374026113     -0.0105713
     122.1308900082775892      0.0085529
     122.7352412148500207      0.0015130
     123.3395948569867357     -0.0017475
     123.9439509347543122      0.0083203
     124.5483094482858917      0.0182130
     125.1526703974483183     -0.0018158
     125.7570337823081843      0.0081146
     126.3613996028654753      0.0039893
     126.9657678591202199      0.0105019
     127.5701385511389390      0.0122775
     128.1745116789216468      0.0203618
     128.7788872424683859      0.0114015
     129.3832652417790996     -0.0019487
     129.9876456768538162      0.0178358
     130.5920285478256631      0.0041054
     131.1964138545615128      0.0082032
     131.8008015971279008      0.0158215
     132.4051917755914758      0.0146036
     133.0095843898855321      0.0048531
     133.6139794400768039     -0.0027632
     134.2183769261651491     -0.0082625
     134.8227768482172451      0.0058187
     135.4271792061664144      0.0064148
     136.0315840000127423     -0.0030573
     136.6359912298893562      0.0136543
     137.2404008956630719     -0.0004904
     137.8448129975336371      0.0059513
     138.4492275353013611      0.0079104
     139.0536445090993141      0.0022392
     139.6580639189940882      0.0005609
     140.2624857648526131     -0.0006311
     140.8669100468744944     -0.0092222
     141.4713367648600695     -0.0031499
     142.0757659190090862     -0.0068792
     142.6801975092549242      0.0103326
     143.2846315355975833      0.0143476
     143.8890679981036556      0.0036109
     144.4935068967065490      0.0057649
     145.0979482315394193     -0.0174440
     145.7023920025357029     -0.0016982
     146.3068382096953712     -0.0000056
     146.9112868530849880      0.0096130
     147.5157379327045817     -0.0017858
     148.1201914485541522     -0.0016115
     148.7246474006337280     -0.0092644
     149.3291057890098159     -0.0029653
     149.9335666136823875      0.0071212
     150.5380298745849927     -0.0073440
     151.1424955718506737      0.0149976
     151.7469637054128953      0.0054706
     152.3514342753382209      0.0115084
     152.9559072816266507     -0.0083700
     153.5603827242782131      0.0017133
     154.1648606033593865      0.0106035
     154.7693409188036924     -0.0192890
     155.3738236706111024     -0.0055158
     155.9783088589147440     -0.0122660
     156.5827964836480817      0.0021258
     157.1872865448110304     -0.0104401
     157.7917790424702673      0.0092416
     158.3962739766257357      0.0116314
     159.0007713472774071     -0.0013158
     159.6052711544253668      0.0057588
     160.2097733981361216     -0.0042741
     160.8142780784096431      0.0011441
     161.4187851951794244     -0.0032779
     162.0232947485785928      0.0144915
     162.6278067385405564     -0.0030021
     163.2323211651318786      0.0169397
     163.8368380283525880      0.0164195
     164.4413573281360925      0.0133716
     165.0458790646821114     -0.0095881
     165.6504032377909255     -0.0160372
     166.2549298476622539     -0.0055084
     166.8594588941629695     -0.0096848
     167.4639903774261711     -0.0139529
     168.0685242973852951     -0.0143501
     168.6730606541069619     -0.0030599
     169.2775994475911148     -0.0099782
     169.8821406777712184     -0.0084374
     170.4866843447804001      0.0168370
     171.0912304486186599      0.0149065
     171.6957789892194057     -0.0046439
     172.3003299666492296      0.0000518
     172.9048833809746952     -0.0056502
     173.5094392320626753      0.0071073
     174.1139975201128607     -0.0013561
     174.7185582449920958      0.0004964
     175.3231214068335930     -0.0036768
     175.9276870055041115     -0.0064475
     176.5322550411368638     -0.0020264
     177.1368255137983851     -0.0101313
     177.7413984232890130     -0.0033465
     178.3459737698749450      0.0055684
     178.9505515533565472     -0.0013337
     179.5551317738668899     -0.0106286
     180.1597144314060301      0.0010478
     180.7642995259739394     -0.0068944
     181.3688870576372096      0.0022062
     181.9734770263292205      0.0114140
     182.5780694320500572      0.0019950
     183.1826642749327618     -0.0064437
     183.7872615549108275      0.0272850
     184.3918612719842258      0.0031636
     184.9964634262195489     -0.0012917
     185.6010680175502330      0.0003648
     186.2056750461093486     -0.0025216
     186.8102845118303890      0.0120947
     187.4148964147799177     -0.0136785
     188.0195107548913427      0.0050527
     188.6241275321647208     -0.0012575
     189.2287467467996862      0.0083091
     189.8333683986630831     -0.0027731
     190.4379924877550252     -0.0095543
     191.0426190141419909     -0.0068645
     191.6472479778239801      0.0002412
     192.2518793788675850      0.0070150
     192.8565132172062704      0.0055929
     193.4611494929065429     -0.0107655
     194.0657882059018675     -0.0049855
     194.6704293563253714     -0.0140736
     195.2750729441770545      0.0008768
     195.8797189693237613      0.0187088
     196.4843674319652393      0.0043923
     197.0890183320348967      0.0046247
     197.6936716694661698      0.0032560
     198.2983274444587209     -0.0061411
     198.9029856568794798     -0.0088498
     199.5076463068615737     -0.0303607
     200.1123093942718469     -0.0124525
     200.7169749191768346      0.0030172
     201.3216428817096926     -0.0051602
     201.9263132816707582     -0.0041885
     202.5309861193262861     -0.0025628
     203.1356613944765286     -0.0049864
     203.7403391072546697      0.0078973
     204.3450192576606810      0.0012145
     204.9497018456280273     -0.0058656
     205.5543868712898075      0.0094769
     206.1590743345129226      0.0028281
     206.7637642354970353      0.0011626
     207.3684565741755819     -0.0045264
     207.9731513504820555     -0.0071201
     208.5778485645494982     -0.0048141
     209.1825482163114032     -0.0122704
     209.7872503057677704     -0.0094953
     210.3919548331182625      0.0127999
     210.9966617980966817      0.0029995
     211.6013712009691972     -0.0133132
     212.2060830415362034     -0.0019748
     212.8107973199973628     -0.0106844
     213.4155140362860834      0.0026467
     214.0202331904023936     -0.0136430
     214.6249547824128570     -0.0079431
     215.2296788121843463     -0.0134754
     215.8344052799165240      0.0049415
     216.4391341856094471      0.0053972
     217.0438655291299597      0.0072061
     217.6485993106111323     -0.0004546
     218.2533355300531070     -0.0007014
     218.8580741874557418      0.0011320
     219.4628152828190935     -0.0031573
     220.0675588162097540     -0.0048764
     220.6723047875611314      0.0057597
     221.2770531969397894     -0.0037924
     221.8818040443457562     -0.0224472
     222.4865573299120740      0.0044208
     223.0913130533726019      0.0054798
     223.6960712150601296      0.0031074
     224.3008318147748810      0.0029203
     224.9055948526500970     -0.0046273
     225.5103603285525935     -0.0177533
     226.1151282426155262      0.0032631
     226.7198985949054304      0.0150354
     227.3246713852891787     -0.0030363
     227.9294466138999269     -0.0119193
     228.5342242806710829      0.0048574
     229.1390043856692103      0.0090063
     229.7437869289609296     -0.0135559
     230.3485719104130283     -0.0033984
     230.9533593301587473     -0.0084574
     231.5581491881313809     -0.0047124
     232.1629414844641985     -0.0065919
     232.7677362190905228      0.0056665
     233.3725333919438469     -0.0028731
     233.9773330032238619     -0.0005571
     234.5821350527974403     -0.0046492
     235.1869395407311458      0.0005595
     235.7917464670915138     -0.0059394
     236.3965558317454452      0.0017741
     237.0013676348926310     -0.0194872
     237.6061818763999725      0.0048634
     238.2109985563339762     -0.0128248
     238.8158176748277981      0.0015274
     239.4206392316817755     -0.0048404
     240.0254632270289505      0.0051670
     240.6302896608694368     -0.0025471
     241.2351185332031491      0.0021068
     241.8399498441632716      0.0072660
     242.4447835935500564     -0.0095324
     243.0496197815632513     -0.0028308
     243.6544584080697007     -0.0108217
     244.2592994731359681      0.0193879
     244.8641429768952094     -0.0051989
     245.4689889192142687     -0.0108700
     246.0738373002262733     -0.0053671
     246.6786881197981245      0.0046212
     247.2835413779963574     -0.0068355
     247.8883970749540993      0.0026977
     248.4932552105382513      0.0030593
     249.0981157848819407     -0.0002656
     249.7029787978519835     -0.0095797
     250.3078442495815636     -0.0066206
     250.9127121400706812     -0.0044773
     251.5175824693193078      0.0168951
     252.1224552373940639      0.0137263
     252.7273304441617370     -0.0041974
     253.3322080897555395      0.0067115
     253.9370881741754147      0.0178426
     254.5419706974213909     -0.0105043
     255.1468556595600035     -0.0171548
     255.7517430605247171     -0.0099806
     256.3566329003155602      0.0007536
     256.9615251791321384     -0.0071009
     257.5664198967082825     -0.0127197
     258.1713170533102470      0.0074602
     258.7762166488047910     -0.0099453
     259.3811186831920850      0.0063470
     259.9860231566717061      0.0039250
     260.5909300690439636      0.0087354
     261.1958394204420415     -0.0137161
     261.8007512107993193     -0.0048981
     262.4056654402489812     -0.0215630
     263.0105821087244635      0.0034127
     263.6155012162256526      0.0132661
     264.2204227628193394     -0.0008743
     264.8253467484387329     -0.0188527
     265.4302731732170741     -0.0068343
     266.0352020370877426      0.0127485
     266.6401333400507951      0.0040935
     267.2450670822393590     -0.0030179
     267.8500032635203070      0.0116124
     268.4549418839601458     -0.0001127
     269.0598829436254960     -0.0047989
     269.6648264425163575      0.0074325
     270.2697723805661099     -0.0038235
     270.8747207579079372     -0.0035558
     271.4796715744087123     -0.0038599
     272.0846248302680692      0.0018592
     272.6895805252864307      0.0189081
     273.2945386597299375     -0.0108208
     273.8994992333323921     -0.0041134
     274.5044622463601058     -0.0045887
     275.1094276986797809     -0.0078023
     275.7143955903580945      0.0030575
     276.3193659213951605     -0.0018417
     276.9243386917906946      0.0137062
     277.5293139016115447      0.0021004
     278.1342915508575402      0.0072389
     278.7392716394622312      0.0123162
     279.3442541675585744      0.0010344
     279.9492391350801768     -0.0081341
     280.5542265420270382     -0.0066570
     281.1592163885987361     -0.0001277
     281.7642086745290158      0.0090101
     282.3692034000176818     -0.0054420
     282.9742005649981706      0.0055541
     283.5792001695369322      0.0160920
     284.1842022137005870      0.0145608
     284.7892066973560077      0.0131228
     285.3942136206363784      0.0048701
     285.9992229834750219      0.0196563
     286.6042347859385586      0.0024943
     287.2092490280270454      0.0111764
     287.8142657097404822      0.0085273
     288.4192848312118258      0.0133850
     289.0243063922415558     -0.0001217
     289.6293303929627996     -0.0077558
     290.2343568335085706     -0.0030452
     290.8393857136792917     -0.0030816
     291.4444170336080902      0.0009360
     292.0494507932282886      0.0093360
     292.6544869926065644      0.0132639
     293.2595256318759880      0.0113265
     293.8645667108368116      0.0049528
     294.4696102296888967     -0.0045265
     295.0746561882324386     -0.0146344
     295.6797045866671283     -0.0148736
     296.2847554249930226     -0.0022380
     296.8898087031434443     -0.0017649
     297.4948644212516342      0.0028274
     298.0999225791844651      0.0016504
     298.7049831770083870     -0.0081186
     299.3100462147901339      0.0062907
     299.9151116924629719      0.0061868
     300.5201796101601985     -0.0042016
     301.1252499678151366     -0.0095969
     301.7303227654278430      0.0005079
     302.3353980030647108     -0.0103535
     302.9404756806594605      0.0016124
     303.5455557983449921      0.0076904
     304.1506383559883488     -0.0065484
     304.7557233537890511     -0.0225761
     305.3608107916141989      0.0011654
     305.9659006694635082      0.0082005
     306.5709929875368971      0.0096858
     307.1760877456345611      0.0006576
     307.7811849439561911      0.0105027
     308.3862845823022099      0.0022853
     308.9913866608721946     -0.0137304
     309.5964911795995818      0.0030062
     310.2015981385510486     -0.0063575
     310.8067075377264814      0.0022767
     311.4118193770593734     -0.0100750
     312.0169336566162315     -0.0083850
     312.6220503764636760      0.0091748
     313.2271695365351434     -0.0064606
     313.8322911369637609      0.0184781
     314.4374151776164013      0.0139034
     315.0425416585595713      0.0100420
     315.6476705798598914      0.0136239
     316.2528019415173048      0.0034508
     316.8579357435319821      0.0092095
     317.4630719858371322      0.0214492
     318.0682106685660528     -0.0145611
     318.6733517917186305     -0.0133891
     319.2784953552283582      0.0178761
     319.8836413592284202      0.0132962
     320.4887898036520824     -0.0014935
     321.0939406884995151     -0.0001357
     321.6990940138372252     -0.0005497
     322.3042497796652128     -0.0010311
     322.9094079859834778     -0.0061741
     323.5145686327919634     -0.0019388
     324.1197317201573469      0.0048708
     324.7248972480795715     -0.0152606
     325.3300652165586371     -0.0170423
     325.9352356255945438     -0.0046259
     326.5404084752538552     -0.0113154
     327.1455837654035008     -0.0027881
     327.7507614963096216     -0.0084758
     328.3559416677725267      0.0009160
     328.9611242799255137      0.0090184
     329.5663093327019055      0.0173611
     330.1714968261682088      0.0040416
     330.7766867603245373      0.0130269
     331.3818791351708342      0.0025329
     331.9870739507736630     -0.0002589
     332.5922712070664602     -0.0132053
     333.1974709041158462     -0.0064350
     333.8026730419883279      0.0059635
     334.4078776206173416     -0.0142002
     335.0130846400694509     -0.0077469
     335.6182941002781490      0.0143747
     336.2235060013099428     -0.0036931
     336.8287203431648322     -0.0271223
     337.4339371259094378     -0.0173398
     338.0391563495436458      0.0084681
     338.6443780140010062      0.0061986
     339.2496021194146465      0.0133360
     339.8548286657179460     -0.0188383
     340.4600576529109617      0.0091175
     341.0652890811267071      0.0067223
     341.6705229502321686      0.0071227
     342.2757592603604166     -0.0141787
     342.8809980114450013      0.0011083
     343.4862392035523158     -0.0082279
     344.0914828366824736     -0.0059996
     344.6967289107688543     -0.0023631
     345.3019774259446422     -0.0238071
     345.9072283822098370      0.0038254
     346.5124817794978185      0.0104642
     347.1177376179417706     -0.0079451
     347.7229958974750730     -0.0141019
     348.3282566180977255      0.0046053
     348.9335197798763488     -0.0019555
     349.5387853827443791     -0.0156445
     350.1440534269014506     -0.0094450
     350.7493239121479291      0.0035096
     351.3545968385504352      0.0089523
     351.9598722062419256     -0.0073632
     352.5651500151559503     -0.0069843
     353.1704302652924525     -0.0232824
     353.7757129566516028     -0.0239395
     354.3809980892331168     -0.0035167
     354.9862856632369130     -0.0050254
     355.5915756783966799      0.0114350
     356.1968681349786152      0.0045787
     356.8021630328496485      0.0000443
     357.4074603720097798     -0.0145998
     358.0127601525921364      0.0085254
     358.6180623745301546      0.0008481
     359.2233670378903412     -0.0114938
     359.8286741425396258      0.0030757
     360.4339836886776993     -0.0160365
     361.0392956762379981     -0.0213509
     361.6446101052870858      0.0035020
     362.2499269757583988      0.0018501
     362.8552462876519371      0.0190827
     363.4605680411008279      0.0135889
     364.0658922360384508      0.0024411
     364.6712188724649195      0.0004372
     365.2765479505132475     -0.0126905
     365.8818794699838008      0.0050714
     366.4872134310763272      0.0087670
     367.0925498337907698      0.0053231
     367.6978886780605080      0.0128149
     368.3032299639522194     -0.0037674
     368.9085736913992264      0.0164598
     369.5139198605347701      0.0103605
     370.1192684713587937      0.0142840
     370.7246195237381698      0.0025586
     371.3299730179391531     -0.0053078
     371.9353289536954890     -0.0127968
     372.5406873312734319     -0.0094555
     373.1460481505398548      0.0000645
     373.7514114114948143      0.0036587
     374.3567771143379446     -0.0083111
     374.9621452588029911      0.0025440
     375.5675158450896447      0.0028698
     376.1728888732644691     -0.0193897
     376.7782643431278302     -0.0194905
     377.3836422549459257     -0.0054209
     377.9890226085191216     -0.0029719
     378.5944054039138678     -0.0082082
     379.1997906413299688     -0.0022583
     379.8051783205011134      0.0059899
     380.4105684416270492      0.0125567
     381.0159610046411558      0.0161330
     381.6213560096765036      0.0117366
     382.2267534565335723      0.0052472
     382.8321533454119390      0.0062038
     383.4375556763116037      0.0112478
     384.0429604490994961      0.0176847
     384.6483676639753071      0.0052383
     385.2537773208723593     -0.0110000
     385.8591894197241459     -0.0110261
     386.4646039607304715     -0.0106775
     387.0700209437581520     -0.0044187
     387.6754403688736375      0.0002037
     388.2808622360770414     -0.0029775
     388.8862865453018003      0.0186085
     389.4917132968140550     -0.0041507
     390.0971424903477214     -0.0069841
     390.7025741261024336     -0.0064025
     391.3080082039449508      0.0082316
     391.9134447240085706      0.0002252
     392.5188836863597430      0.0060953
     393.1243250907987772      0.0066005
     393.7297689375254777      0.0195071
     394.3352152264731671      0.0047246
     394.9406639577084661     -0.0034103
     395.5461151311647541     -0.0016524
     396.1515687469752152      0.0220814
     396.7570248050732857      0.0145805
     397.3624833054589089      0.0099920
     397.9679442481321985      0.0039063
     398.5734076332261111     -0.0004986
     399.1788734606077469      0.0128148
     399.7843417304765126      0.0152943
     400.3898124426330014      0.0152813
     400.9952855972101702      0.0058063
     401.6007611942746394      0.0131313
     402.2062392336932817      0.0227990
     402.8117197156657880      0.0361704
     403.4172026399924107      0.0130842
     404.0226880068063338      0.0215469
     404.6281758161741777      0.0186802
     405.2336660680293221     -0.0029742
     405.8391587624382169     -0.0171819
     406.4446538993344689     -0.0111473
     407.0501514787846418     -0.0235915
     407.6556515007886219     -0.0135293
     408.2611539654130297     -0.0094726
     408.8666588726578652     -0.0095198
     409.4721662224565648     -0.0035902
     410.0776760148756921      0.0034952
     410.6831882499818676     -0.0028414
     411.2887029277084139     -0.0188629
     411.8942200481885152      0.0018333
     412.4997396112890442      0.0037336
     413.1052616170765646      0.0161966
     413.7107860656176967      0.0091227
     414.3163129568458203      0.0067321
     414.9218422908274988     -0.0029636
     415.5273740675626755     -0.0050831
     416.1329082871180844      0.0110382
     416.7384449494269916     -0.0207302
     417.3439840545560742     -0.0140607
     417.9495256025052754     -0.0058506
     418.5550695932745384     -0.0174982
     419.1606160268640338      0.0062623
     419.7661649034067750      0.0085697
     420.3717162227695781      0.0106463
     420.9772699850191202      0.0001317
     421.5828261901553446     -0.0024823
     422.1883848382448718     -0.0033634
     422.7939459292876450      0.0014055
     423.3995094632837208     -0.0060777
     424.0050754402329858     -0.0025498
     424.6106438601355535     -0.0025242
     425.2162147230579876      0.0056039
     425.8217880290002313     -0.0073400
     426.4273637779622845     -0.0120247
     427.0329419699441473     -0.0040730
     427.6385226050124402     -0.0026319
     428.2441056831005994     -0.0003996
     428.8496912043416955     -0.0127120
     429.4552791686026580     -0.0080776
     430.0608695760830642      0.0035896
     430.6664624266500141      0.0029712
     431.2720577203032235      0.0010519
     431.8776554571760471      0.0025998
     432.4832556372018075      0.0138606
     433.0888582604471821      0.0065808
     433.6944633268454368     -0.0001684
     434.3000708364631919      0.0051711
     434.9056807893671248     -0.0067649
     435.5112931854906151     -0.0080640
     436.1169080249001127      0.0034035
     436.7225253075292244      0.0055940
     437.3281450334444003      0.0180331
     437.9337672027122608     -0.0097399
     438.5393918153327490      0.0022483
     439.1450188712393583     -0.0115021
     439.7506483704986522      0.0037329
     440.3562803131106307      0.0031052
     440.9619146991418006      0.0095585
     441.5675515285257120      0.0173376
     442.1731908013953785     -0.0078703
     442.7788325176177295      0.0070031
     443.3844766772593289     -0.0014968
     443.9901232804532469      0.0023545
     444.5957723270664701     -0.0174728
     445.2014238171654483     -0.0259000
     445.8070777507502385     -0.0040817
     446.4127341278208405     -0.0027777
     447.0183929485103818      0.0001416
     447.6240542126191713     -0.0065775
     448.2297179204134068      0.0155601
     448.8353840716934542      0.0036974
     449.4410526665925545     -0.0024686
     450.0467237051104803      0.0151692
     450.6523971871808385      0.0177323
     451.2580731130032063      0.0154403
     451.8637514823780066      0.0169270
     452.4694322953716892      0.0049646
     453.0751155521174383     -0.0055251
     453.6808012525487470     -0.0096043
     454.2864893967321223     -0.0213616
     454.8921799845344367     -0.0151012
     455.4978730160888176     -0.0153268
     456.1035684914618287     -0.0096537
     456.7092664105869062     -0.0143088
     457.3149667734640502      0.0136422
     457.9206695801598812      0.0070673
     458.5263748306743423      0.0014372
     459.1320825249408131      0.0115523
     459.7377926630925344     -0.0128710
     460.3435052451295064     -0.0134544
     460.9492202709851085     -0.0137646
     461.5549377407258476     -0.0015834
     462.1606576543518372      0.0157753
     462.7663800119295843     -0.0043455
     463.3721048134591456     -0.0066770
     463.9778320588739007      0.0055662
     464.5835617483069768     -0.0058594
     465.1892938816253036     -0.0112853
     465.7950284589619514      0.0190963
     466.4007654803834839     -0.0080465
     467.0065049456902102     -0.0153015
     467.6122468551484417     -0.0022485
     468.2179912085584306     -0.0173559
     468.8237380060533610     -0.0332737
     469.4294872476997398     -0.0167009
     470.0352389333644965     -0.0062903
     470.6409930631807015     -0.0104235
     471.2467496370152844     -0.0059455
     471.8525086550678793     -0.0072244
     472.4582701172719226     -0.0157868
     473.0640340236274710      0.0005105
     473.6698003742010883     -0.0018765
     474.2755691688595903     -0.0082907
     474.8813404078027247     -0.0051218
     475.4871140909638711     -0.0103845
     476.0928902183430864     -0.0093535
     476.6986687900734978     -0.0188776
     477.3044498059553575     -0.0212720
     477.9102332661217929      0.0093465
     478.5160191706394812      0.0033354
     479.1218075194416883     -0.0061091
     479.7275983125951484     -0.0185910
     480.3333915500997477     -0.0322131
     480.9391872318889796     -0.0078568
     481.5449853581625348      0.0023499
     482.1507859287207225     -0.0059922
     482.7565889437631768     -0.0082877
     483.3623944031568271     -0.0065170
     483.9682023069682373     -0.0030069
     484.5740126552639140      0.0069232
     485.1798254479774073     -0.0220523
     485.7856406852417308     -0.0142609
     486.3914583669238141     -0.0018142
     486.9972784931567844     -0.0007441
     487.6031010639406418      0.0011163
     488.2089260791422021     -0.0137739
     488.8147535390278335     -0.0116100
