Scan:     16        ZW535.012 2015-10-21 +01 15 56.0
         OPTICAL                 Tb    
        km/s-LSR                 XX
    -522.5139099473648230     -0.0180179
    -521.9121733053839307     -0.0081262
    -521.3104342435153740      0.0067190
    -520.7086927618922800      0.0006600
    -520.1069488604147182     -0.0014907
    -519.5052025391161123     -0.0058806
    -518.9034537979297284     -0.0151165
    -518.3017026368889901     -0.0051925
    -517.6999490559271635     -0.0060094
    -517.0981930550111656      0.0031215
    -516.4964346342406998      0.0024293
    -515.8946737935160627      0.0013687
    -515.2929105328371406     -0.0156806
    -514.6911448522038199     -0.0124594
    -514.0893767515498212     -0.0065895
    -513.4876062308749169     -0.0010361
    -512.8858332902457278     -0.0050812
    -512.2840579295957468     -0.0046041
    -511.6822801488916639     -0.0100860
    -511.0804999481334789     -0.0078906
    -510.4787173273211351     -0.0114826
    -509.8769322864214359     -0.0049869
    -509.2751448253677040     -0.0052828
    -508.6733549442599269      0.0024593
    -508.0715626429981171      0.0016088
    -507.4697679216156985      0.0264043
    -506.8679707800459369     -0.0028705
    -506.2661712183555665     -0.0050625
    -505.6643692364447134     -0.0033406
    -505.0625648342799536     -0.0127730
    -504.4607580119612180     -0.0172056
    -503.8589487694219997     -0.0043353
    -503.2571371066289885     -0.0126226
    -502.6553230235488172     -0.0075932
    -502.0535065202481064     -0.0074073
    -501.4516875965604754      0.0092946
    -500.8498662526523049     -0.0036508
    -500.2480424884237777      0.0038727
    -499.6462163038415270     -0.0068398
    -499.0443876989056093      0.0032383
    -498.4425566736493352     -0.0019119
    -497.8407232279728873      0.0042228
    -497.2388873618760954     -0.0094014
    -496.6370490754256366     -0.0071348
    -496.0352083685550042     -0.0004639
    -495.4333652412641413     -0.0039638
    -494.8315196935197378      0.0039665
    -494.2296717252885401      0.0035504
    -493.6278213365372380     -0.0144841
    -493.0259685273657055     -0.0057087
    -492.4241132976741255      0.0026685
    -491.8222556474291309     -0.0139496
    -491.2203955766972854      0.0017350
    -490.6185330853788855     -0.0018058
    -490.0166681735070711      0.0118497
    -489.4148008410153352     -0.0109283
    -488.8129310879701848      0.0027281
    -488.2110589143051698      0.0037014
    -487.6091843200201765      0.0000975
    -487.0073073050820085      0.0072698
    -486.4054278695238054     -0.0095169
    -485.8035460132126104     -0.0188369
    -485.2016617363147475     -0.0078157
    -484.5997750386638359     -0.0052036
    -483.9978859203263255      0.0054677
    -483.3959943812690767     -0.0030375
    -482.7941004214920895     -0.0080388
    -482.1922040409286865     -0.0188137
    -481.5903052395457280      0.0002410
    -480.9884040174429174     -0.0160325
    -480.3865003745204376     -0.0074233
    -479.7845943107783455     -0.0062587
    -479.1826858262166411     -0.0028832
    -478.5807749208352675     -0.0058407
    -477.9788615945344077     -0.0124936
    -477.3769458473806822     -0.0004417
    -476.7750276793739772     -0.0002048
    -476.1731070904477292      0.0002931
    -475.5711840806353621     -0.0126979
    -474.9692586498702553     -0.0058836
    -474.3673307981522385      0.0010145
    -473.7654005254149752     -0.0065525
    -473.1634678317582257     -0.0042477
    -472.5615327171486797     -0.0088633
    -471.9595951814865202     -0.0004279
    -471.3576552248383109     -0.0030178
    -470.7557128471374313     -0.0080908
    -470.1537680483506279     -0.0156170
    -469.5518208285445780      0.0003467
    -468.9498711876526045      0.0055362
    -468.3479191257079606      0.0043861
    -467.7459646426108293      0.0142554
    -467.1440077384277743      0.0098084
    -466.5420484130923455     -0.0074585
    -465.9400866665378089      0.0045555
    -465.3381224988972917     -0.0154889
    -464.7361559100711474     -0.0008778
    -464.1341869000591487     -0.0050182
    -463.5322154688281557     -0.0016295
    -462.9302416163781118      0.0057582
    -462.3282653426757065      0.0070660
    -461.7262866476878003      0.0107649
    -461.1243055314807293     -0.0207826
    -460.5223219939881005      0.0011216
    -459.9203360351766037     -0.0027003
    -459.3183476550794353      0.0044543
    -458.7163568536633989      0.0145328
    -458.1143636308619307      0.0103375
    -457.5123679867415376      0.0055118
    -456.9103699212356560      0.0044140
    -456.3083694343776529     -0.0078637
    -455.7063665261009078     -0.0066703
    -455.1043611964053639     -0.0074099
    -454.5023534452911349      0.0006281
    -453.9003432726915435     -0.0164831
    -453.2983306786732101     -0.0097375
    -452.6963156632028813      0.0066064
    -452.0942982262139367     -0.0139995
    -451.4922783677729967     -0.0110120
    -450.8902560877801307     -0.0021223
    -450.2882313862020851      0.0012040
    -449.6862042631387908      0.0070554
    -449.0841747185235704      0.0135096
    -448.4821427523232273      0.0148099
    -447.8801083645710150      0.0117115
    -447.2780715551670028      0.0070500
    -446.6760323241779247     -0.0109506
    -446.0739906715036796     -0.0004435
    -445.4719465972111152      0.0032171
    -444.8699001012668077     -0.0045583
    -444.2678511836374469     -0.0097215
    -443.6657998443564566      0.0049804
    -443.0637460833237355      0.0063730
    -442.4616899005395112      0.0111897
    -441.8596312960702903      0.0038500
    -441.2575702698494524      0.0041859
    -440.6555068218770543     -0.0002253
    -440.0534409521197858      0.0075795
    -439.4513726605776469     -0.0012842
    -438.8493019472173273      0.0006846
    -438.2472288119723203      0.0047352
    -437.6451532549424428      0.0079476
    -437.0430752760944415      0.0080953
    -436.4409948753617527     -0.0052592
    -435.8389120527443197     -0.0033956
    -435.2368268082088321     -0.0021401
    -434.6347391417554036     -0.0097820
    -434.0326490534172308      0.0135546
    -433.4305565431277500      0.0049513
    -432.8284616108870182      0.0192522
    -432.2263642566617250     -0.0136472
    -431.6242644804851807     -0.0046389
    -431.0221622822907648     -0.0009323
    -430.4200576620451670      0.0037205
    -429.8179506198150648      0.0037057
    -429.2158411555670909      0.0029641
    -428.6137292692346819     -0.0005795
    -428.0116149608178375     -0.0093515
    -427.4094982303499251      0.0172052
    -426.8073790777642671      0.0070923
    -426.2052575030276103     -0.0031178
    -425.6031335062066319      0.0155583
    -425.0010070872345977      0.0107953
    -424.3988782461115647     -0.0144990
    -423.7967469828042795      0.0030378
    -423.1946132973459953      0.0027408
    -422.5924771896035850      0.0031457
    -421.9903386596769224      0.0039946
    -421.3881977075659506     -0.0169634
    -420.7860543331709096     -0.0085541
    -420.1839085365250526     -0.0113443
    -419.5817603176283228      0.0042793
    -418.9796096764142135      0.0143377
    -418.3774566128493575     -0.0002805
    -417.7753011270004890      0.0050021
    -417.1731432188341273     -0.0066901
    -416.5709828883503860     -0.0066123
    -415.9688201354493913      0.0024122
    -415.3666549601977636     -0.0025870
    -414.7644873625288255     -0.0005983
    -414.1623173424758875     -0.0025973
    -413.5601448999724425      0.0167211
    -412.9579700350850544      0.0093953
    -412.3557927477137923      0.0087694
    -411.7536130378920234     -0.0030785
    -411.1514309055864373      0.0139017
    -410.5492463507304706      0.0030345
    -409.9470593734239401      0.0031272
    -409.3448699736003391      0.0076661
    -408.7426781512263005     -0.0125573
    -408.1404839063018812      0.0006268
    -407.5382872388270812      0.0038669
    -406.9360881487020833     -0.0079120
    -406.3338866360266479      0.0035236
    -405.7316827007342681      0.0055015
    -405.1294763428250008     -0.0001968
    -404.5272675622653651     -0.0061060
    -403.9250563590888419     -0.0109248
    -403.3228427331955004      0.0016903
    -402.7206266845853975     -0.0007993
    -402.1184082133250399     -0.0054122
    -401.5161873193811175      0.0086223
    -400.9139640026538132     -0.0055589
    -400.3117382632430576     -0.0119206
    -399.7095101010155531      0.0006241
    -399.1072795160047804      0.0076635
    -398.5050465082438222      0.0075257
    -397.9028110776995391     -0.0011095
    -397.3005732243053103      0.0056838
    -396.6983329480943894      0.0188301
    -396.0960902490668332      0.0234126
    -395.4938451271227677      0.0054500
    -394.8915975822955033      0.0014096
    -394.2893476146182365     -0.0207201
    -393.6870952240577708     -0.0080665
    -393.0848404105475424     -0.0012115
    -392.4825831741208049     -0.0049330
    -391.8803235147443047      0.0019948
    -391.2780614323513646      0.0168486
    -390.6757969270419721      0.0174263
    -390.0735299987161397     -0.0016654
    -389.4712606474073482      0.0120626
    -388.8689888730488065      0.0179145
    -388.2667146757071919     -0.0072739
    -387.6644380552827442      0.0006497
    -387.0621590117420396      0.0103873
    -386.4598775451516985      0.0080171
    -385.8575936555116641      0.0040126
    -385.2553073427221761     -0.0086290
    -384.6530186068497983     -0.0061522
    -384.0507274478278532     -0.0143464
    -383.4484338656232012     -0.0018174
    -382.8461378602356717      0.0016287
    -382.2438394316987456      0.0072492
    -381.6415385799789988      0.0044500
    -381.0392353050431780     -0.0053526
    -380.4369296068913400      0.0140473
    -379.8346214854568075      0.0094377
    -379.2323109407730044      0.0031238
    -378.6299979728398171      0.0000796
    -378.0276825816239921      0.0023621
    -377.4253647671255862      0.0039910
    -376.8230445292779223      0.0041276
    -376.2207218681476775      0.0026538
    -375.6183967836349211      0.0075683
    -375.0160692757396532     -0.0019226
    -374.4137393445285511     -0.0098678
    -373.8114069899016272     -0.0067559
    -373.2090722118923054     -0.0063395
    -372.6067350104671050      0.0037512
    -372.0043953856261965      0.0004266
    -371.4020533372697059      0.0059201
    -370.7997088654973936     -0.0010690
    -370.1973619702760629     -0.0080949
    -369.5950126515390934      0.0031041
    -368.9926609093197953      0.0077909
    -368.3903067435849152      0.0029307
    -367.7879501543011429      0.0067108
    -367.1855911414351681      0.0007589
    -366.5832297050535544      0.0029334
    -365.9808658450897951      0.0055310
    -365.3784995615105800      0.0120588
    -364.7761308543491054     -0.0003626
    -364.1737597235722319     -0.0189012
    -363.5713861691133388      0.0143610
    -362.9690101910389330      0.0178579
    -362.3666317893158180     -0.0019564
    -361.7642509639106834      0.0074342
    -361.1618677148234724     -0.0017638
    -360.5594820419876214      0.0119127
    -359.9570939454698077      0.0007328
    -359.3547034251368473     -0.0191810
    -358.7523104811218104      0.0050218
    -358.1499151133248802     -0.0024713
    -357.5475173217793667      0.0098224
    -356.9451171064187065     -0.0086940
    -356.3427144672428994     -0.0022177
    -355.7403094041852682      0.0200447
    -355.1379019173458005      0.0056171
    -354.5354920066245654     -0.0006495
    -353.9330796720549870     -0.0131892
    -353.3306649136368378     -0.0159896
    -352.7282477312704714      0.0033557
    -352.1258281250222808      0.0045524
    -351.5234060947925627     -0.0076928
    -350.9209816406478808     -0.0000521
    -350.3185547625548111      0.0208718
    -349.7161254605134673      0.0144445
    -349.1136937344572289      0.0182212
    -348.5112595844194061      0.0086000
    -347.9088230103001820     -0.0032083
    -347.3063840121993735     -0.0125927
    -346.7039425900836704      0.0044392
    -346.1014987438865091      0.0125120
    -345.4990524736080033      0.0113554
    -344.8966037792479824      0.0180771
    -344.2941526608065601     -0.0052763
    -343.6916991181504955     -0.0091407
    -343.0892431514463397     -0.0033867
    -342.4867847605942188      0.0012042
    -341.8843239455940193     -0.0017882
    -341.2818607063792911      0.0031928
    -340.6793950429832307      0.0028888
    -340.0769269554058951     -0.0077150
    -339.4744564435474672     -0.0015794
    -338.8719835075077071      0.0007797
    -338.2695081471868548     -0.0040639
    -337.6670303626514169      0.0212282
    -337.0645501538015196      0.0050858
    -336.4620675206704732      0.0144290
    -335.8595824631917708      0.0228360
    -335.2570949813986658      0.0109046
    -334.6546050753243549     -0.0084206
    -334.0521127448690777     -0.0003902
    -333.4496179900328343     -0.0058646
    -332.8471208108488781     -0.0087559
    -332.2446212072506455     -0.0166304
    -331.6421191791715728      0.0015690
    -331.0396147267447873      0.0024594
    -330.4371078498704719      0.0019006
    -329.8345985485485130     -0.0013586
    -329.2320868227790811     -0.0020639
    -328.6295726724954989     -0.0068347
    -328.0270560976645129      0.0034014
    -327.4245370983859971     -0.0147936
    -326.8220156745600207     -0.0031667
    -326.2194918261866405      0.0013241
    -325.6169655532658567     -0.0014693
    -325.0144368557977259     -0.0045904
    -324.4119057337155709      0.0179227
    -323.8093721869861952     -0.0006697
    -323.2068362157094157      0.0009990
    -322.6042978197853017     -0.0004173
    -322.0017569992139670     -0.0016689
    -321.3992137539953546      0.0008010
    -320.7966680840962113      0.0057202
    -320.1941199894832835     -0.0096963
    -319.5915694701898246     -0.0125170
    -318.9890165261824677      0.0087893
    -318.3864611574280161      0.0000830
    -317.7839033639597233     -0.0028987
    -317.1813431457111392     -0.0039772
    -316.5787805026820934      0.0026641
    -315.9762154348060790     -0.0137928
    -315.3736479421829699     -0.0268765
    -314.7710780247461457     -0.0213587
    -314.1685056824624098     -0.0055133
    -313.5659309153649588     -0.0175795
    -312.9633537233539755     -0.0129136
    -312.3607741064627703     -0.0070419
    -311.7581920646913431     -0.0033382
    -311.1556075980063838     -0.0054309
    -310.5530207064411456     -0.0098030
    -309.9504313898958685      0.0029696
    -309.3478396484037489     -0.0078392
    -308.7452454819647869      0.0022298
    -308.1426488904791654      0.0017389
    -307.5400498740800685      0.0027997
    -306.9374484326343122     -0.0033013
    -306.3348445661751498     -0.0136307
    -305.7322382746692710     -0.0158113
    -305.1296295581167897     -0.0016580
    -304.5270184164843386      0.0039028
    -303.9244048497387212      0.0184585
    -303.3217888579130772      0.0090910
    -302.7191704410074635      0.0066597
    -302.1165495989554302      0.0026361
    -301.5139263317901168      0.0016802
    -300.9113006394450167      0.0005874
    -300.3086725218535662      0.0122802
    -299.7060419791488926     -0.0014430
    -299.1034090112643753     -0.0009426
    -298.5007736181335076      0.0081980
    -297.8981357997895429      0.0039009
    -297.2954955561992847     -0.0035175
    -296.6928528873293658     -0.0159647
    -296.0902077931797294      0.0065903
    -295.4875602737504892      0.0208221
    -294.8849103290415883      0.0021677
    -294.2822579589865200     -0.0023116
    -293.6796031636184807     -0.0002860
    -293.0769459429042172      0.0101318
    -292.4742862967772226     -0.0115680
    -291.8716242253039468      0.0111574
    -291.2689597284844467     -0.0018263
    -290.6662928062189053     -0.0062902
    -290.0636234585405759      0.0051657
    -289.4609516854495155     -0.0071923
    -288.8582774868791034      0.0050620
    -288.2556008627959727     -0.0038593
    -287.6529218133001109     -0.0024070
    -287.0502403383248975      0.0059369
    -286.4475564378037689      0.0201758
    -285.8448701118032886      0.0183480
    -285.2421813602236398     -0.0022583
    -284.6394901830647086      0.0107366
    -284.0367965803599191      0.0131568
    -283.4341005521092143      0.0066959
    -282.8314020982460306      0.0064212
    -282.2287012187703681      0.0024056
    -281.6259979136821130     -0.0260157
    -281.0232921829481825     -0.0153649
    -280.4205840265019560     -0.0117173
    -279.8178734444431939     -0.0007734
    -279.2151604367053892     -0.0212210
    -278.6124450032552886      0.0041482
    -278.0097271440927784     -0.0088751
    -277.4070068592179723      0.0152482
    -276.8042841485309964     -0.0154040
    -276.2015590121648643      0.0045303
    -275.5988314500199863      0.0048276
    -274.9961014620628248      0.0001685
    -274.3933690483267469     -0.0048235
    -273.7906342087452458      0.0031160
    -273.1878969433848283     -0.0046598
    -272.5851572520791137      0.0057838
    -271.9824151349944259      0.0122935
    -271.3796705920310615      0.0062946
    -270.7769236231556533      0.0063004
    -270.1741742284014549      0.0031668
    -269.5714224077352128      0.0111559
    -268.9686681610571100     -0.0116642
    -268.3659114885002737      0.0037892
    -267.7631523899647732      0.0037647
    -267.1603908654840325      0.0015808
    -266.5576269149913173      0.0008432
    -265.9548605384867415      0.0103487
    -265.3520917359703049      0.0145792
    -264.7493205073753870      0.0026201
    -264.1465468527685516     -0.0032364
    -263.5437707721166021     -0.0022695
    -262.9409922653529179     -0.0137657
    -262.3382113325107525     -0.0149840
    -261.7354279735568525      0.0007506
    -261.1326421884912179      0.0027503
    -260.5298539772139748     -0.0079010
    -259.9270633398583072     -0.0044654
    -259.3242702763242846     -0.0138601
    -258.7214747866120206      0.0047727
    -258.1186768707214014     -0.0034033
    -257.5158765285859204      0.0023286
    -256.9130737601722672      0.0035095
    -256.3102685656136259      0.0023625
    -255.7074609447435023      0.0104898
    -255.1046508976285452     -0.0023267
    -254.5018384242354159     -0.0031376
    -253.8990235245641145      0.0054320
    -253.2962061985481057     -0.0188387
    -252.6933864461540793     -0.0149442
    -252.0905642674819092     -0.0035153
    -251.4877396624316930      0.0032966
    -250.8849126310035160     -0.0067481
    -250.2820831732305749      0.0073573
    -249.6792512890131093     -0.0195869
    -249.0764169783510056      0.0052409
    -248.4735802413109411     -0.0028595
    -247.8707410778262670      0.0003149
    -247.2678994878637582     -0.0143927
    -246.6650554714234147     -0.0013342
    -246.0622090285051797     -0.0025791
    -245.4593601590757999     -0.0139119
    -244.8565088631019648     -0.0071463
    -244.2536551406170418     -0.0162289
    -243.6507989915876635      0.0010871
    -243.0479404160138586      0.0025219
    -242.4450794138623451     -0.0000965
    -241.8422159850998412      0.0151513
    -241.2393501296930651     -0.0113729
    -240.6364818477085805      0.0111373
    -240.0336111390798237      0.0145887
    -239.4307380038067663      0.0069303
    -238.8278624418561549      0.0155410
    -238.2249844532612713      0.0001206
    -237.6221040379555518     -0.0031710
    -237.0192211958724045      0.0088236
    -236.4163359271449849      0.0010997
    -235.8134482316401659      0.0302688
    -235.2105581094244542      0.0000279
    -234.6076655603981180     -0.0140038
    -234.0047705846276074     -0.0076518
    -233.4018731819798518      0.0084052
    -232.7989733525879217     -0.0061780
    -232.1960710963853671     -0.0161509
    -231.5931664133055108      0.0110180
    -230.9902593033816629      0.0097627
    -230.3873497666138519     -0.0010424
    -229.7844378029355141     -0.0067814
    -229.1815234123133109     -0.0069477
    -228.5786065948138628      0.0048409
    -227.9756873504038595      0.0010199
    -227.3727656790500191      0.0051740
    -226.7698415807191168     -0.0062911
    -226.1669150554110388     -0.0095081
    -225.5639861031258704     -0.0027350
    -224.9610547237970195     -0.0127742
    -224.3581209174910498     -0.0046582
    -223.7551846841747079     -0.0178304
    -223.1522460237813732     -0.0008969
    -222.5493049363443561      0.0010939
    -221.9463614218304031     -0.0130534
    -221.3434154801728937      0.0042133
    -220.7404671114717019      0.0003569
    -220.1375163156270105     -0.0072439
    -219.5345630926720162     -0.0044335
    -218.9316074425735223     -0.0012537
    -218.3286493652982188     -0.0140116
    -217.7256888608460770      0.0017932
    -217.1227259291172800     -0.0054185
    -216.5197605702782084     -0.0067691
    -215.9167927841957919      0.0005161
    -215.3138225708700020      0.0042480
    -214.7108499303340921      0.0050917
    -214.1078748624882166      0.0167138
    -213.5048973673324042     -0.0114445
    -212.9019174448999081      0.0073393
    -212.2989350951907568      0.0102417
    -211.6959503181383866     -0.0098043
    -211.0929631137760509     -0.0172961
    -210.4899734820371862     -0.0018982
    -209.8869814229218491     -0.0072888
    -209.2839869363966443     -0.0152042
    -208.6809900224949956      0.0044780
    -208.0779906811835076     -0.0019363
    -207.4749889124622086     -0.0078738
    -206.8719847162978169     -0.0048801
    -206.2689780926570791     -0.0046468
    -205.6659690415067132      0.0246660
    -205.0629575629464796     -0.0086619
    -204.4599436568433646     -0.0175510
    -203.8569273232638750     -0.0103538
    -203.2539085621081369     -0.0139076
    -202.6508873734427709      0.0090009
    -202.0478637572011849      0.0092980
    -201.4448377133500685     -0.0056438
    -200.8418092419560423     -0.0003643
    -200.2387783429525143     -0.0177206
    -199.6357450163394560     -0.0022645
    -199.0327092620836424      0.0021988
    -198.4296710801850168     -0.0070290
    -197.8266304705770438     -0.0064529
    -197.2235874333262871     -0.0101246
    -196.6205419683994933     -0.0109260
    -196.0174940757632953      0.0018747
    -195.4144437554177784     -0.0026110
    -194.8113910073296040      0.0095842
    -194.2083358314987720      0.0035949
    -193.6052782278254654      0.0090556
    -193.0022181964428114      0.0100200
    -192.3991557372842465      0.0083536
    -191.7960908502831785     -0.0203525
    -191.1930235354729177      0.0094079
    -190.5899537928201539      0.0103082
    -189.9868816222916337      0.0068954
    -189.3838070239206104     -0.0166243
    -188.7807299976738307      0.0109581
    -188.1776505435179843      0.0006415
    -187.5745686614530996     -0.0167469
    -186.9714843514790914      0.0071461
    -186.3683976135628200     -0.0010060
    -185.7653084476376080     -0.0077062
    -185.1622168537700475      0.0028732
    -184.5591228319601669     -0.0049494
    -183.9560263821080923     -0.0112251
    -183.3529275042804159     -0.0150092
    -182.7498261984105170      0.0018354
    -182.1467224644651424     -0.0041742
    -181.5436163024443204      0.0067989
    -180.9405077124145578      0.0002224
    -180.3373966942760376     -0.0032514
    -179.7342832480287882      0.0186284
    -179.1311673736727812     -0.0021671
    -178.5280490712079882      0.0072413
    -177.9249283405345921      0.0031131
    -177.3218051817191565     -0.0127263
    -176.7186795947616815     -0.0018847
    -176.1155515795956035      0.0043282
    -175.5124211362542042     -0.0073348
    -174.9092882646708915      0.0176703
    -174.3061529648456940      0.0123870
    -173.7030152367453582      0.0028796
    -173.0998750804363624     -0.0129564
    -172.4967324958189181      0.0016382
    -171.8935874829263071     -0.0000630
    -171.2904400417252191     -0.0113478
    -170.6872901722156826      0.0004604
    -170.0841378742978520      0.0039781
    -169.4809831480715729      0.0052623
    -168.8778259935035067      0.0092559
    -168.2746664105604282      0.0129100
    -167.6715043992090557      0.0120129
    -167.0683399594493608     -0.0038968
    -166.4651730912480616     -0.0160783
    -165.8620037945719048     -0.0115428
    -165.2588320694874255     -0.0036926
    -164.6556579159613420     -0.0006772
    -164.0524813339271191      0.0017282
    -163.4493023233846998      0.0090422
    -162.8461208843341410      0.0131860
    -162.2429370167421325      0.0105533
    -161.6397507206086743      0.0161904
    -161.0365619959670767      0.0087167
    -160.4333708427174372     -0.0010422
    -159.8301772608930946     -0.0133994
    -159.2269812504607387     -0.0113674
    -158.6237828114203694     -0.0095060
    -158.0205819437053947      0.0145154
    -157.4173786474156884      0.0079399
    -156.8141729224181233      0.0052067
    -156.2109647687792915      0.0012272
    -155.6077541864658826      0.0030342
    -155.0045411754112763      0.0241790
    -154.4013257356155577     -0.0003192
    -153.7981078671119803      0.0005830
    -153.1948875699005157      0.0060889
    -152.5916648438813468      0.0025835
    -151.9884396891210372     -0.0147686
    -151.3852121055530233      0.0010187
    -150.7819820931772767      0.0055175
    -150.1787496519605156      0.0220953
    -149.5755147819360786      0.0066885
    -148.9722774830706271     -0.0072547
    -148.3690377553308792     -0.0064089
    -147.7657955986835532     -0.0038820
    -147.1625510131952694     -0.0100330
    -146.5593039987328154      0.0012659
    -145.9560545553628117      0.0126563
    -145.3528026830852582     -0.0112159
    -144.7495483818668447      0.0119354
    -144.1462916516743178      0.0214231
    -143.5430324924743388      0.0141044
    -142.9397709043002465     -0.0004670
    -142.3365068870521384      0.0003731
    -141.7332404408299453      0.0192756
    -141.1299715656003002      0.0169938
    -140.5267002612634144      0.0073144
    -139.9234265278857947      0.0143891
    -139.3201503654342446     -0.0031224
    -138.7168717738753685      0.0157070
    -138.1135907531426881      0.0111811
    -137.5103073033360488      0.0232146
    -136.9070214243888017      0.0189064
    -136.3037331162677788      0.0099681
    -135.7004423789728662      0.0077872
    -135.0971492125041493      0.0048060
    -134.4938536167950076      0.0044749
    -133.8905555919120616     -0.0040737
    -133.2872551377886907      0.0246184
    -132.6839522544249235      0.0234753
    -132.0806469418207598      0.0197949
    -131.4773391999096077      0.0166898
    -130.8740290287248058      0.0184755
    -130.2707164281664518      0.0358919
    -129.6674013983676730      0.0349540
    -129.0640839392286807      0.0325385
    -128.4607640507161079      0.0243834
    -127.8574417328633075      0.0275209
    -127.2541169856369692      0.0495086
    -126.6507898089372475      0.0627487
    -126.0474602028972555      0.0576205
    -125.4441281674504580      0.0340985
    -124.8407937025635590      0.0428277
    -124.2374568082032624      0.0329419
    -123.6341174844028643      0.0345190
    -123.0307757310958010      0.0376627
    -122.4274315482487765      0.0409362
    -121.8240849359616362      0.0453270
    -121.2207358941345632      0.0614160
    -120.6173844227675147      0.0529788
    -120.0140305218605192      0.0515754
    -119.4106741913802949      0.0388585
    -118.8073154312602497      0.0531283
    -118.2039542416002718      0.0493117
    -117.6005906223004729      0.0587099
    -116.9972245733941492      0.0599541
    -116.3938560948480188      0.0760054
    -115.7904851866620817      0.0818789
    -115.1871118487697885      0.0593997
    -114.5837360811710965      0.0594698
    -113.9803578838993445      0.0780559
    -113.3769772569211938      0.0855327
    -112.7735942002034051      0.0693587
    -112.1702087137459500      0.0713679
    -111.5668207975488286      0.1021693
    -110.9634304515122096      0.1034162
    -110.3600376757359385      0.0836232
    -109.7566424701534231      0.0918416
    -109.1532448347314244      0.0986489
    -108.5498447695031956      0.1098667
    -107.9464422744354550      0.1184292
    -107.3430373494949208      0.1114974
    -106.7396299946150293      0.1188546
    -106.1362202099289078      0.1057797
    -105.5328079953034290      0.1000103
    -104.9293933507718890      0.1091265
    -104.3259762763009775      0.1099473
    -103.7225567718574268      0.1146094
    -103.1191348374745189      0.1063792
    -102.5157104730523940      0.1054834
    -101.9122836786909119      0.1087680
    -101.3088544543235230      0.1185748
    -100.7054227999501848      0.1123952
    -100.1019887155043619      0.1055109
     -99.4985522010193364      0.1102073
     -98.8951132564285160      0.1147481
     -98.2916718817652253      0.1071863
     -97.6882280770627176      0.1147899
     -97.0847818421878515      0.1085087
     -96.4813331772405007      0.0952917
     -95.8778820821208058      0.0905382
     -95.2744285568620484      0.0996868
     -94.6709726013643831      0.1178037
     -94.0675142157276554      0.0914607
     -93.4640533999185834      0.0915087
     -92.8605901538706036      0.1001958
     -92.2571244776169976      0.1143356
     -91.6536563710911878      0.1180132
     -91.0501858342931740      0.1103964
     -90.4467128672229848      0.0908942
     -89.8432374699138734      0.1090874
     -89.2397596422660087      0.1233519
     -88.6362793843126582      0.1110276
     -88.0327966960205544      0.1117792
     -87.4293115774229506      0.1033697
     -86.8258240283534661      0.1137143
     -86.2223340490117778      0.1207714
     -85.6188416392314764      0.1390122
     -85.0153467990791398      0.1398833
     -84.4118495284881760      0.1407213
     -83.8083498274918952      0.1431147
     -83.2048476959571417      0.1566354
     -82.6013431340170712      0.1701315
     -81.9978361416050916      0.1663362
     -81.3943267187212172      0.1846370
     -80.7908148652988700      0.2089808
     -80.1873005813713604      0.2318408
     -79.5837838669053781      0.2596785
     -78.9802647218343452      0.2776862
     -78.3767431462248680      0.3073556
     -77.7732191400769182      0.3361779
     -77.1696927032906643      0.3691248
     -76.5661638358993599      0.3988568
     -75.9626325379030476      0.4281929
     -75.3590988092018392      0.4714193
     -74.7555626499288763      0.5159313
     -74.1520240599510458      0.5407758
     -73.5484830393016153      0.5995562
     -72.9449395879472888      0.6559110
     -72.3413937058547987      0.6892081
     -71.7378453930574267      0.7433065
     -71.1342946494886093      0.7885000
     -70.5307414751816424      0.8298508
     -69.9271858701032016      0.8859526
     -69.3236278342533154      0.9410765
     -68.7200673675986877      0.9774143
     -68.1165044701393469      1.0155275
     -67.5129391417754050      1.0596867
     -66.9093713826067358      1.0991222
     -66.3058011926000432      1.1328994
     -65.7022285717220598      1.1586566
     -65.0986535199394893      1.1632571
     -64.4950760372523320      1.1679020
     -63.8914961236605876      1.1635188
     -63.2879137790644108      1.1433501
     -62.6843290035969360      1.1084493
     -62.0807417971582964      1.0776825
     -61.4771521597152386      1.0738827
     -60.8735600913010231      1.0188597
     -60.2699655918823609      0.9730322
     -59.6663686614259916      0.9608929
     -59.0627692998986191      0.9467328
     -58.4591675073668071      0.9022752
     -57.8555632837639919      0.8659511
     -57.2519566290901807      0.8243114
     -56.6483475433120702      0.7962291
     -56.0447360263964001      0.7809941
     -55.4411220783431560      0.7386402
     -54.8375056991856269      0.7007262
     -54.2338868888905239      0.7129837
     -53.6302656474245723      0.6703380
     -53.0266419747544830      0.6441171
     -52.4230158708802563      0.6273144
     -51.8193873358351738      0.5948027
     -51.2157563694861011      0.5640601
     -50.6121229719328909      0.5518739
     -50.0084871431422684      0.5331056
     -49.4048488830476487      0.5251301
     -48.8012081917156095      0.5128831
     -48.1975650690462984      0.4999126
     -47.5939195150397225      0.4834478
     -46.9902715297291493      0.5001191
     -46.3866211130813042      0.4999897
     -45.7829682650629053      0.5222120
     -45.1793129856739526      0.5108200
     -44.5756552749144390      0.5134168
     -43.9719951327178151      0.5332536
     -43.3683325590840525      0.5488595
     -42.7646675540464543      0.5519691
     -42.1610001175717386      0.5789634
     -41.5573302496266166      0.5914561
     -40.9536579502110811      0.6368021
     -40.3499832192918646      0.6676991
     -39.7463060568356639      0.7104540
     -39.1426264629090639      0.7419720
     -38.5389444374122121      0.7681214
     -37.9352599804116650      0.8199498
     -37.3315730918075701      0.8861486
     -36.7278837716332234      0.9420235
     -36.1241920198886177      1.0123590
     -35.5204978364406188      1.1141956
     -34.9168012214556427      1.2191900
     -34.3131021748005693      1.3367761
     -33.7094006965086592      1.5081973
     -33.1056967865466447      1.6913629
     -32.5019904449145258      1.8909398
     -31.8982816715124429      2.0485003
     -31.2945704664735338      2.1609678
     -30.6908568296646713      2.2339556
     -30.0871407611524120      2.2557766
     -29.4834222608701921      2.2591314
     -28.8797013288180153      2.2815921
     -28.2759779649958816      2.3565342
     -27.6722521693039347      2.4466558
     -27.0685239418420274      2.5360384
     -26.4647932825435923      2.6685944
     -25.8610601914419149      2.8136661
     -25.2573246684371462      2.9554935
     -24.6535867135958497      3.1357696
     -24.0498463268181766      3.3537443
     -23.4461035081374050      3.5626819
     -22.8423582575535455      3.7999272
     -22.2386105750333058      4.1004400
     -21.6348604606099713      4.3943734
     -21.0311079141836927      4.7759523
     -20.4273529357877521      5.1874504
     -19.8235955253555787      5.6492128
     -19.2198356829537502      6.1271343
     -18.6160734085489743      6.5634356
     -18.0123087021079691      6.9622087
     -17.4085415635974528      7.1959386
     -16.8047719930507071      7.1238403
     -16.2009999904011686      6.8635187
     -15.5972255556155464      6.4818363
     -14.9934486887604148      6.1613994
     -14.3896693898024868      5.8362942
     -13.7858876586751933      5.4933119
     -13.1821034954118215      5.2215757
     -12.5783168999790878      4.9802370
     -11.9745278723437032      4.7988400
     -11.3707364125056749      4.6853566
     -10.7669425204982829      4.6048760
     -10.1631461962549619      4.5746093
      -9.5593474397424245      4.5521054
      -8.9555462509939563      4.5912037
      -8.3517426299762754      4.6163812
      -7.7479365766228137      4.6995406
      -7.1441280910334202      4.8370247
      -6.5403171731082459      5.0311947
      -5.9365038228472891      5.2489476
      -5.3326880402838350      5.5916915
      -4.7288698253180321      6.0769563
      -4.1250491779498804      6.7885799
      -3.5212260982126637      7.8451614
      -2.9174005861063814      9.2900171
      -2.3135726415644671     11.1409864
      -1.7097422646202041     13.1229210
      -1.1059094552070248     14.9681902
      -0.5020742133249296     16.3629551
       0.1017634610593654     17.4490013
       0.7056035679125764     18.3708076
       1.3094461072679870     18.6873856
       1.9132910791255977     18.3240528
       2.5171384835519754     17.6389008
       3.1209883205471196     16.5216179
       3.7248405901110315     14.7628393
       4.3286952921771427     12.6483660
       4.9325524268785887     10.6552944
       5.5364119942153680      9.1191292
       6.1402739941209150      7.9523706
       6.7441384267283642      6.9715896
       7.3480052919045793      6.0716825
       7.9518745898492638      5.2241645
       8.5557463204292823      4.4564004
       9.1596204837112030      3.7838869
       9.7634970796950249      3.2100284
      10.3673761083807481      2.7733662
      10.9712575698349415      2.3936417
      11.5751414640576016      2.0773923
      12.1790277910487337      1.7668903
      12.7829165508083307      1.5187144
      13.3868077434029669      1.3110826
      13.9907013687660715      1.1387742
      14.5945974269642118      0.9793344
      15.1984959179973877      0.8226765
      15.8023968419321701      0.7091949
      16.4063001987685517      0.6341544
      17.0102059883734071      0.5425392
      17.6141142109464326      0.4796888
      18.2180248664876245      0.4074275
      18.8219379548638521      0.3647282
      19.4258534762748241      0.3157727
      20.0297714306539625      0.2659992
      20.6336918179347037      0.2292619
      21.2376146382501858      0.1999256
      21.8415398915338379      0.1900811
      22.4454675778522272      0.1701324
      23.0493976972053574      0.1516883
      23.6533302496597884      0.1345130
      24.2572652351489637      0.1101077
      24.8612026537394364      0.0985553
      25.4651425053646534      0.1062883
      26.0690847900911749      0.0972247
      26.6730295079855679      0.0901512
      27.2769766590478326      0.0689986
      27.8809262432114053      0.0736645
      28.4848782606094169      0.0624286
      29.0888327111087293      0.0717458
      29.6927895948424876      0.0748302
      30.2967489117441175      0.0714241
      30.9007106618801899      0.0620196
      31.5046748453838319      0.0500007
      32.1086414619887819      0.0472498
      32.7126105119613086      0.0704449
      33.3165819951682707      0.0452062
      33.9205559116762387      0.0574766
      34.5245322614852199      0.0586674
      35.1285110445952000      0.0481147
      35.7324922612058984      0.0459508
      36.3364759110510320      0.0550437
      36.9404619942637424      0.0558986
      37.5444505108440296      0.0469586
      38.1484414609250209      0.0590435
      38.7524348443070181      0.0596008
      39.3564306612563044      0.0676708
      39.9604289115731532      0.0637650
      40.5644295953241425      0.0697676
      41.1684327125758500      0.0657733
      41.7724382633282616      0.0401327
      42.3764462475813843      0.0461729
      42.9804566654017748      0.0335784
      43.5844695167228835      0.0429046
      44.1884848016112670      0.0458570
      44.7925025200003688      0.0603786
      45.3965226720232948      0.0424812
      46.0005452576135170      0.0370761
      46.6045702768375705      0.0609771
      47.2085977296954695      0.0501291
      47.8126276161872141      0.0528467
      48.4166599363128043      0.0391950
      49.0206946900722329      0.0336040
      49.6247318775320778      0.0303525
      50.2287714986923319      0.0291224
      50.8328135536195589      0.0262679
      51.4368580422472093      0.0207188
      52.0409049645752617      0.0293314
      52.6449543206702941      0.0429620
      53.2490061105988701      0.0310754
      53.8530603342278624      0.0146399
      54.4571169916903983      0.0256687
      55.0611760829864778      0.0172615
      55.6652376081161080      0.0211704
      56.2693015670792747      0.0128971
      56.8733679598759920      0.0057217
      57.4774367865728237      0.0047113
      58.0815080471031990      0.0056228
      58.6855817416002594      0.0035969
      59.2896578699974270      0.0183419
      59.8937364323612798      0.0116358
      60.4978174286252397      0.0228495
      61.1019008588558847      0.0130467
      61.7059867230532078      0.0146012
      62.3100750212172159      0.0065121
      62.9141657534144585      0.0071375
      63.5182589197115277      0.0043751
      64.1223545199752749     -0.0064625
      64.7264525542722708     -0.0033467
      65.3305530226690792      0.0176343
      65.9346559250991362     -0.0131812
      66.5387612616290198     -0.0061979
      67.1428690323252653     -0.0010220
      67.7469792371213231      0.0011907
      68.3510918760837853     -0.0158133
      68.9552069491460458     -0.0158473
      69.5593244563746964     -0.0038675
      70.1634443977697231      0.0008957
      70.7675667733977036      0.0060698
      71.3716915832586380     -0.0026425
      71.9758188273525121     -0.0044774
      72.5799485056127764      0.0024086
      73.1840806181725441      0.0000059
      73.7882151650318434     -0.0011607
      74.3923521461240824     -0.0025112
      74.9964915615824168     -0.0038427
      75.6006334113402545      0.0070687
      76.2047776953976097      0.0095566
      76.8089244137544966     -0.0055045
      77.4130735665440284      0.0097458
      78.0172251536330776      0.0025811
      78.6213791751547717     -0.0071170
      79.2255356311756884     -0.0032003
      79.8296945214961227     -0.0082244
      80.4338558462492017      0.0019019
      81.0380196055015176     -0.0096054
      81.6421857991864641     -0.0143670
      82.2463544273040554     -0.0076361
      82.8505254900540251      0.0089707
      83.4546989871700617     -0.0077279
      84.0588749188518989      0.0018177
      84.6630532850995081      0.0016075
      85.2672340858463400      0.0056766
      85.8714173211589724     -0.0047451
      86.4756029911039406      0.0072094
      87.0797910956146950      0.0113159
      87.6839816347577994      0.0059754
      88.2881746084667043      0.0008766
      88.8923700168745228      0.0013179
      89.4965678599146912      0.0153372
      90.1007681375872238      0.0240444
      90.7049708500252336      0.0166135
      91.3091759970956076     -0.0005538
      91.9133835788648810     -0.0075219
      92.5175935953996458      0.0023165
      93.1218060466333526     -0.0070850
      93.7260209326991003     -0.0000842
      94.3302382534637758      0.0108788
      94.9344580090605064      0.0046719
      95.5386801994892920      0.0098315
      96.1429048246169771      0.0043712
      96.7471318846433093      0.0069108
      97.3513613795016823     -0.0094294
      97.9555933092586884      0.0032652
      98.5598276738477495      0.0168127
      99.1640644734019929      0.0070851
      99.7683037077882915     -0.0060295
     100.3725453770732088     -0.0280124
     100.9767894813233227     -0.0054948
     101.5810360204720695      0.0115211
     102.1852849946525481      0.0023713
     102.7895364037982375      0.0049899
     103.3937902479091093      0.0027671
     103.9980465270517414     -0.0085597
     104.6023052412261336      0.0081665
     105.2065663903657082     -0.0005697
     105.8108299746036067      0.0008734
     106.4150959938732655     -0.0053158
     107.0193644483078117      0.0001622
     107.6236353377741182      0.0022955
     108.2279086624053122      0.0058573
     108.8321844220682664     -0.0020253
     109.4364626169626860      0.0050008
     110.0407432469554294      0.0127677
     110.6450263121796240      0.0056113
     111.2493118125021425     -0.0084700
     111.8535997480561264     -0.0046916
     112.4578901188415614     -0.0133972
     113.0621829247918981      0.0109390
     113.6664781660402497      0.0105206
     114.2707758425200666      0.0055385
     114.8750759542979267     -0.0025716
     115.4793785013737732     -0.0044723
     116.0836834836811136     -0.0151616
     116.6879909013530323     -0.0068258
     117.2923007543895579      0.0077098
     117.8966130427240842     -0.0197775
     118.5009277664232172     -0.0060643
     119.1052449254869572     -0.0071578
     119.7095645199818392      0.0025283
     120.3138865498413281     -0.0074575
     120.9182110151319591      0.0060905
     121.5225379158537748     -0.0004418
     122.1268672520067327     -0.0142668
     122.7311990236574388     -0.0099379
     123.3355332308058365     -0.0021954
     123.9398698733854189      0.0012287
     124.5442089514627497     -0.0135443
     125.1485504651043499     -0.0010576
     125.7528944143102478      0.0024616
     126.3572407990138800      0.0115897
     126.9615896193483593      0.0234288
     127.5659408751805870      0.0078111
     128.1702945666436619     -0.0080472
     128.7746506936710489     -0.0003534
     129.3790092563958467      0.0162667
     129.9833702547515202      0.0028933
     130.5877336887380693      0.0033978
     131.1920995584220293     -0.0027992
     131.7964678637368365      0.0022015
     132.4008386048156751     -0.0008193
     133.0052117815253609      0.0037693
     133.6095873939990497     -0.0029178
     134.2139654423033051      0.0076731
     134.8183459262384076     -0.0040670
     135.4227288460040768     -0.0103588
     136.0271142015337489      0.0103178
     136.6315019928939876      0.0007877
     137.2358922200182292      0.0015717
     137.8402848830396010     -0.0160909
     138.4446799818915395      0.0098125
     139.0490775165740445      0.0094289
     139.6534774871536229     -0.0044140
     140.2578798936304167     -0.0012929
     140.8622847359377204     -0.0064598
     141.4666920142753099     -0.0100317
     142.0711017284434945     -0.0019907
     142.6755138786419081     -0.0116307
     143.2799284648040157     -0.0114118
     143.8843454869298455     -0.0062867
     144.4887649450193692      0.0005017
     145.0931868390725867     -0.0052637
     145.6976111692226254      0.0102538
     146.3020379354695422      0.0239093
     146.9064671376800959      0.0054732
     147.5108987759209640     -0.0068688
     148.1153328503252169     -0.0026983
     148.7197693607597273      0.0031674
     149.3242083073576509      0.0171081
     149.9286496900523957      0.0072406
     150.5330935089105537     -0.0053710
     151.1375397639321250      0.0130671
     151.7419884550505174      0.0120381
     152.3464395823988582      0.0062976
     152.9508931459772043     -0.0060904
     153.5553491457189352     -0.0029321
     154.1598075817572067      0.0007088
     154.7642684539588629      0.0047669
     155.3687317624570596     -0.0109074
     155.9731975072517685     -0.0042247
     156.5776656882764826      0.0063258
     157.1821363056643293      0.0013593
     157.7866093592820960     -0.0152842
     158.3910848493295305      0.0037085
     158.9955627756735055     -0.0014137
     159.6000431383806131     -0.0061852
     160.2045259375173600      0.0005100
     160.8090111729506475      0.0065108
     161.4134988448801664     -0.0069402
     162.0179889531728179     -0.0001153
     162.6224814979616724      0.0018809
     163.2269764791136595      0.0011284
     163.8314738967618496      0.0065781
     164.4359737509063280     -0.0129947
     165.0404760414804457     -0.0225203
     165.6449807686173585     -0.0043030
     166.2494879323170665      0.0108593
     166.8539975325130627     -0.0016985
     167.4585095692718255      0.0105258
     168.0630240425934119      0.0135642
     168.6675409524777649      0.0078144
     169.2720602989915335     -0.0014032
     169.8765820821346324      0.0087309
     170.4811063018405832     -0.0099393
     171.0856329582424280      0.0041317
     171.6901620512071247     -0.0013791
     172.2946935809343074      0.0058235
     172.8992275472908489     -0.0000609
     173.5037639504099332     -0.0078340
     174.1083027902249398     -0.0022685
     174.7128440667358404     -0.0147216
     175.3173877800093123     -0.0018248
     175.9219339300452418     -0.0036438
     176.5264825168437142     -0.0082278
     177.1310335404712646      0.0025286
     177.7355870008613010      0.0013105
     178.3401428980804155      0.0054348
     178.9447012321286081     -0.0031235
     179.5492620030058504      0.0064510
     180.1538252107787628      0.0066578
     180.7583908553807532      0.0051334
     181.3629589369449207      0.0031287
     181.9675294554047582      0.0040078
     182.5721024107602091      0.0044483
     183.1766778030113301     -0.0114992
     183.7812556322912201     -0.0021071
     184.3858358984667234     -0.0117905
     184.9904186016710526     -0.0046627
     185.5950037418375587      0.0037041
     186.1995913190328622      0.0084316
     186.8041813332569063      0.0083855
     187.4087737845097479      0.0034939
     188.0133686727913869      0.0188456
     188.6179659981683301     -0.0073079
     189.2225657606406344     -0.0055417
     189.8271679602082997     -0.0107735
     190.4317725968712693     -0.0082545
     191.0363796706961637     -0.0038330
     191.6409891816163906     -0.0039205
     192.2456011296985707     -0.0038551
     192.8502155149426187      0.0020805
     193.4548323374151551     -0.0141261
     194.0594515971161798     -0.0029556
     194.6640732939791292     -0.0061541
     195.2686974280705385     -0.0000594
     195.8733239993904078     -0.0054975
     196.4779530080053291     -0.0078192
     197.0825844538487672      0.0083651
     197.6872183370537925     -0.0026933
     198.2918546574872778      0.0079239
     198.8964934152824071     -0.0106134
     199.5011346104391237     -0.0054475
     200.1057782428908922      0.0002777
     200.7104243127042764      0.0175276
     201.3150728199458399      0.0017369
     201.9197237645490191      0.0018646
     202.5243771465803775      0.0025724
     203.1290329659733516      0.0068358
     203.7336912228610686      0.0102008
     204.3383519171769365      0.0196882
     204.9430150489875757      0.0099373
     205.5476806182929863     -0.0078747
     206.1523486250265194      0.0013667
     206.7570190693214158     -0.0015714
     207.3616919511110552     -0.0072933
     207.9663672704619728      0.0057559
     208.5710450273076617      0.0073057
     209.1757252217812777      0.0076486
     209.7804078538827071      0.0072941
     210.3850929235454714     -0.0197784
     210.9897804307695424     -0.0044370
     211.5944703756880756      0.0170934
     212.1991627581679438      0.0040852
     212.8038575784087811      0.0011605
     213.4085548362775171      0.0066941
     214.0132545318407438      0.0043038
     214.6179566650983759     -0.0006866
     215.2226612360504703     -0.0066582
     215.8273682447635906      0.0068687
     216.4320776911711448      0.0064933
     217.0367895754062602      0.0031925
     217.6415038974024299      0.0047745
     218.2462206571595971      0.0068027
     218.8509398547443539      0.0043741
     219.4556614901567002     -0.0153249
     220.0603855633966077     -0.0129845
     220.6651120744641332     -0.0045678
     221.2698410234257835     -0.0068658
     221.8745724102815871     -0.0143647
     222.4793062349649801      0.0089585
     223.0840424976090617     -0.0080322
     223.6887811981473249     -0.0115673
     224.2935223366463333      0.0067304
     224.8982659130394381      0.0040270
     225.5030119275264440      0.0002850
     226.1077603799075462      0.0138477
     226.7125112703159857     -0.0159817
     227.3172645986851137      0.0138895
     227.9220203650815506      0.0075359
     228.5267785695718317      0.0117740
     229.1315392120893932     -0.0008957
     229.7363022927007989     -0.0081932
     230.3410678114060772      0.0010664
     230.9458357682051712      0.0031496
     231.5506061630981662      0.0002640
     232.1553789960849770      0.0024591
     232.7601542672322239      0.0000029
     233.3649319766064707     -0.0002238
     233.9697121241410969      0.0011828
     234.5744947098361877     -0.0152667
     235.1792797336916578     -0.0045288
     235.7840671957741563      0.0070663
     236.3888570961501614     -0.0227379
     236.9936494347531948     -0.0063357
     237.5984442116497632     -0.0114394
     238.2032414267733316      0.0104233
     238.8080410801904634      0.0137381
     239.4128431719011303     -0.0066987
     240.0176477019719243      0.0118234
     240.6224546703362819      0.0041343
     241.2272640771273018     -0.0068227
     241.8320759222118852     -0.0117106
     242.4368902056566242      0.0009921
     243.0417069275280255     -0.0002556
     243.6465260878261176     -0.0045678
     244.2513476865509006      0.0131198
     244.8561717237023743      0.0121189
     245.4609981993470740     -0.0038437
     246.0658271134185213      0.0012546
     246.6706584659831663     -0.0042618
     247.2754922570410940      0.0002866
     247.8803284865923047      0.0151267
     248.4851671546367413     -0.0095201
     249.0900082613741517      0.0034562
     249.6948518065382245      0.0004229
     250.2996977903287075      0.0030001
     250.9045462126790369     -0.0127470
     251.5093970735891560     -0.0002311
     252.1142503731922488     -0.0050226
     252.7191061113551598     -0.0028337
     253.3239642882775797      0.0118705
     253.9288249037598462      0.0008426
     254.5336879579350580      0.0035175
     255.1385534508032435      0.0101347
     255.7434213823643745      0.0150016
     256.3482917526850429      0.0021707
     256.9531645616986566      0.0007587
     257.5580398095383998     -0.0028669
     258.1629174960710316     -0.0089779
     258.7677976214297928      0.0134098
     259.3726801854815562      0.0109874
     259.9775651884259560      0.0013589
     260.5824526301964283      0.0082898
     261.1873425107929734      0.0140589
     261.7922348302156479     -0.0025568
     262.3971295885309587      0.0099030
     263.0020267857389626      0.0008426
     263.6069264217730392     -0.0044332
     264.2118284967663158     -0.0127464
     264.8167330107188491      0.0021651
     265.4216399636306392      0.0005158
     266.0265493554350655      0.0032871
     266.6314611861986918     -0.0072603
     267.2363754559880817     -0.0001270
     267.8412921647367853     -0.0147633
     268.4462113125112523      0.0055728
     269.0511328993781035      0.0064186
     269.6560569252041546     -0.0116324
     270.2609833901225329      0.0108237
     270.8659122941333521      0.0036034
     271.4708436371699349     -0.0026367
     272.0757774193654086     -0.0125067
     272.6807136406533232     -0.0163559
     273.2856523011000718      0.0019094
     273.8905934007057681      0.0165767
     274.4955369394039053     -0.0067625
     275.1004829173274970      0.0071807
     275.7054313344765433     -0.0108862
     276.3103821907845372     -0.0097892
     276.9153354863180994     -0.0073051
     277.5202912210771160     -0.0070783
     278.1252493951281508      0.0202493
     278.7302100084047538      0.0083036
     279.3351730609733750      0.0090696
     279.9401385528340711      0.0060703
     280.5451064839867854     -0.0103253
     281.1500768545647588      0.0004653
     281.7550496643681868      0.0075380
     282.3600249135302533     -0.0069501
     282.9650026021175222     -0.0146331
     283.5699827300634865     -0.0066255
     284.1749652973680327     -0.0003737
     284.7799503041643447     -0.0008933
     285.3849377503192954      0.0061211
     285.9899276359660121      0.0167860
     286.5949199610378741     -0.0032532
     287.1999147255350522     -0.0105440
     287.8049119295904461     -0.0108679
     288.4099115731376060      0.0099037
     289.0149136562432091     -0.0025229
     289.6199181787739576      0.0077388
     290.2249251409295994      0.0030733
     290.8299345426435707     -0.0017357
     291.4349463838492511      0.0043990
     292.0399606647464452     -0.0053571
     292.6449773852020257      0.0011711
     293.2499965452824995     -0.0004093
     293.8550181449878096      0.0067480
     294.4600421843845766      0.0135379
     295.0650686634062936      0.0006380
     295.6700975820529038     -0.0047133
     296.2751289404575914      0.0092934
     296.8801627386202426     -0.0152062
     297.4851989764744076     -0.0150572
     298.0902376540200294      0.0056494
     298.6952787713236717      0.0199797
     299.3003223283853913      0.0063916
     299.9053683252716382      0.0050407
     300.5104167619159625     -0.0023360
     301.1154676384514346     -0.0032135
     301.7205209547449272     -0.0032935
     302.3255767108631176      0.0047634
     302.9306349068723989     -0.0015765
     303.5356955427063212     -0.0134582
     304.1407586184313914     -0.0098174
     304.7458241341141729     -0.0095869
     305.3508920896881591     -0.0006358
     305.9559624852198567      0.0012327
     306.5610353206427590      0.0159840
     307.1661105960233726     -0.0001234
     307.7711883113617546     -0.0012263
     308.3762684667244116     -0.0106370
     308.9813510621114006     -0.0049194
     309.5864360975226646      0.0085585
     310.1915235728916400     -0.0074641
     310.7966134883515679      0.0037547
     311.4017058439023344     -0.0098595
     312.0068006394773761     -0.0071684
     312.6118978752098769     -0.0036493
     313.2169975509667097      0.0039758
     313.8220996668808880     -0.0218106
     314.4272042229525823     -0.0090022
     315.0323112191816790     -0.0007332
     315.6374206555017281      0.0181697
     316.2425325320456864      0.0070685
     316.8476468488136675      0.0002992
     317.4527636058056714      0.0205768
     318.0578828029551914      0.0140519
     318.6630044403951842      0.0137949
     319.2681285180591999     -0.0020737
     319.8732550359472384      0.0070820
     320.4783839942589907      0.0057520
     321.0835153927281453      0.0024632
     321.6886492315544501      0.0040129
     322.2937855107379619      0.0155726
     322.8989242302120033      0.0091070
     323.5040653901097016      0.0039778
     324.1092089902980433      0.0087587
     324.7143550309766624      0.0066185
     325.3195035120123748      0.0006050
     325.9246544334052373      0.0045079
     326.5298077952883773      0.0088617
     327.1349635975952879      0.0081005
     327.7401218403924190     -0.0027223
     328.3452825236798276     -0.0064382
     328.9504456473909499     -0.0102458
     329.5556112116589134      0.0030509
     330.1607792164170974      0.0082290
     330.7659496617322361      0.0041127
     331.3711225475375386     -0.0052099
     331.9762978739663595     -0.0081826
     332.5814756410185282     -0.0106863
     333.1866558485609744     -0.0100345
     333.7918384967933889      0.0026458
     334.3970235855827013     -0.0129358
     335.0022111149953616     -0.0122434
     335.6074010850979903      0.0049907
     336.2125934959572078     -0.0006796
     336.8177883473732663      0.0021052
     337.4229856395458569     -0.0044817
     338.0281853724084158     -0.0190930
     338.6333875459609430     -0.0063496
     339.2385921603366228     -0.0126235
     339.8437992154022140     -0.0131869
     340.4490087112910146     -0.0040965
     341.0542206479362903     -0.0120692
     341.6594350254046617     -0.0146170
     342.2646518436296788      0.0112738
     342.8698711027442414     -0.0025906
     343.4750928026154497      0.0073273
     344.0803169434428810      0.0107910
     344.6855435251599147      0.0013181
     345.2907725477001577      0.0093824
     345.8960040111300032     -0.0006769
     346.5012379155161852     -0.0164576
     347.1064742607920266     -0.0131840
     347.7117130470906545     -0.0019002
     348.3169542743455054     -0.0014058
     348.9221979425566360     -0.0008294
     349.5274440517239896     -0.0007589
     350.1326926019141865     -0.0043927
     350.7379435931271701      0.0023061
     351.3431970253629970     -0.0089481
     351.9484528986881742      0.0140665
     352.5537112131027584     -0.0026671
     353.1589719685401292      0.0063995
     353.7642351650669070      0.0104612
     354.3695008027495987      0.0071908
     354.9747688815216975     -0.0020023
     355.5800394014497101     -0.0059715
     356.1853123625337503      0.0072413
     356.7905877647737043      0.0205431
     357.3958656082361358     -0.0086491
     358.0011458928545380     -0.0137146
     358.6064286186954746      0.0039854
     359.2117137857588887      0.0001869
     359.8170013940448371      0.0024548
     360.4222914436864471      0.0047162
     361.0275839345505915      0.0135567
     361.6328788666372702     -0.0012413
     362.2381762400794969     -0.0156302
     362.8434760548108784     -0.0073467
     363.4487783108978647     -0.0069519
     364.0540830084071331      0.0008661
     364.6593901472054426     -0.0144805
     365.2646997273594138      0.0002554
     365.8700117489356103     -0.0113118
     366.4753262118674684     -0.0202460
     367.0806431162214949     -0.0050999
     367.6859624620643672     -0.0170407
     368.2912842493959715      0.0062876
     368.8966084780832375     -0.0086540
     369.5019351483258561      0.0001680
     370.1072642600572635     -0.0038011
     370.7125958132108963      0.0211976
     371.3179298079864452      0.0056837
     371.9232662443173467      0.0075156
     372.5286051221370371      0.0074949
     373.1339464415120801      0.0088620
     373.7392902025090393      0.0091780
     374.3446364051279147      0.0102195
     374.9499850493021427      0.0134320
     375.5553361350982868      0.0022026
     376.1606896625829677     -0.0069561
     376.7660456317560715     -0.0130919
     377.3714040425510916      0.0009078
     377.9767648949680847     -0.0024366
     378.5821281891400645      0.0178190
     379.1874939250671446     -0.0063919
     379.7928621026827045     -0.0033788
     380.3982327221198716      0.0028995
     381.0036057832455754     -0.0096789
     381.6089812861263226      0.0049414
     382.2143592308286202     -0.0043188
     382.8197396173525817     -0.0084312
     383.4251224456315867      0.0111760
     384.0305077158653830     -0.0042417
     384.6358954278542228     -0.0204890
     385.2412855817312334     -0.0041166
     385.8466781774298511     -0.0151811
     386.4520732150832032     -0.0094797
     387.0574706946248398     -0.0056623
     387.6628706161211539      0.0118016
     388.2682729795722594      0.0091258
     388.8736777849115356      0.0021199
     389.4790850322055462      0.0081052
     390.0844947215209118      0.0050192
     390.6899068528576322     -0.0028181
     391.2953214261490302     -0.0065079
     391.9007384415284037     -0.0014224
     392.5061578989290751      0.0219070
     393.1115797983510447      0.0191658
     393.7170041398609328      0.0047770
     394.3224309234586826     -0.0023252
     394.9278601491442942      0.0045963
     395.5332918169178811      0.0096804
     396.1387259269124570      0.0005127
     396.7441624789948946     -0.0024703
     397.3496014732318145     -0.0010950
     397.9550429096231596     -0.0027796
     398.5604867882355506      0.0007266
     399.1659331090689875      0.0099262
     399.7713818721234702      0.0095910
     400.3768330773989419      0.0217452
     400.9822867248954026      0.0140300
     401.5877428146129091     -0.0119081
     402.1932013466846456     -0.0194737
     402.7986623210438779     -0.0098695
     403.4041257376907765      0.0005808
     404.0095915966917914      0.0069935
     404.6150598979804158     -0.0046061
     405.2205306416232133      0.0053840
     405.8260038276201271     -0.0062934
     406.4314794560378346      0.0003808
     407.0369575268096582     -0.0116966
     407.6424380400687824     -0.0074849
     408.2479209957485864     -0.0038216
     408.8534063937826204      0.0051879
     409.4588942343038980      0.0130351
     410.0643845173125328      0.0174109
     410.6698772428084112      0.0124052
     411.2753724107250264      0.0032208
     411.8808700212620693      0.0041696
     412.4863700742864125     -0.0068300
     413.0918725698646199     -0.0091912
     413.6973775079966913     -0.0072744
     414.3028848886826268      0.0010282
     414.9083947119889899     -0.0043616
     415.5139069779157808     -0.0101592
     416.1194216863964357     -0.0247105
     416.7249388375640820     -0.0049316
     417.3304584312855923     -0.0009187
     417.9359804677606576     -0.0093341
     418.5415049468560937     -0.0107172
     419.1470318687051986     -0.0076575
     419.7525612332412948      0.0026961
     420.3580930404643254     -0.0022314
     420.9636272904409680     -0.0222326
     421.5691639831711086     -0.0033534
     422.1747031186548611      0.0148116
     422.7802446968921686      0.0053386
     423.3857887179495947      0.0032110
     423.9913351818937031      0.0080912
     424.5968840885914233     -0.0004031
     425.2024354381092621     -0.0109279
     425.8079892305137832     -0.0026623
     426.4135454657384798     -0.0046376
     427.0191041439164223     -0.0008943
     427.6246652649810471      0.0042451
     428.2302288289323542      0.0060031
     428.8357948358369072      0.0133630
     429.4413632856281993      0.0084979
     430.0469341783727941      0.0060300
     430.6525075141371985      0.0095445
     431.2580832928548489     -0.0220224
     431.8636615146588724     -0.0090185
     432.4692421794161987     -0.0025975
     433.0748252871933346      0.0116406
     433.6804108380569005      0.0053688
     434.2859988319402760     -0.0022356
     434.8915892689100815     -0.0061336
     435.4971821490327670     -0.0126188
     436.1027774721753758      0.0027364
     436.7083752384709214      0.0075952
     437.3139754478528403     -0.0038214
     437.9195781004543733     -0.0089587
     438.5251831961422795     -0.0065426
     439.1307907350496862      0.0019077
     439.7364007172432139      0.0028156
     440.3420131425231148      0.0009668
     440.9476280110891366     -0.0008677
     441.5532453228080954      0.0026939
     442.1588650778797955      0.0223229
     442.7644872761709962     -0.0001725
     443.3701119177483179      0.0030952
     443.9757390026782673      0.0078120
     444.5813685308277741     -0.0047118
     445.1870005023299086     -0.0038917
     445.7926349171847846      0.0101300
     446.3982717753922884      0.0016511
     447.0039110769524200      0.0044185
     447.6095528219984203     -0.0082587
     448.2151970103971053      0.0011681
     448.8208436421484180     -0.0105067
     449.4264927173855426     -0.0004047
     450.0321442360418587      0.0011353
     450.6377981981174798      0.0063362
     451.2434546038120402      0.0134289
     451.8491134528592283     -0.0057562
     452.4547747454587920     -0.0138861
     453.0604384815441676     -0.0046131
     453.6661046611819188      0.0011931
     454.2717732843720455     -0.0024205
     454.8774443511145478      0.0025223
     455.4831178615425529      0.0030799
     456.0887938154563130     -0.0045734
     456.6944722129890692      0.0228511
     457.3001530541407647     -0.0022522
     457.9058363389113993      0.0101653
     458.5115220673674798     -0.0021939
     459.1172102394426133     -0.0024352
     459.7229008552696996      0.0033383
     460.3285939147823456      0.0087172
     460.9342894179804944      0.0044308
     461.5399873649307665     -0.0059688
     462.1456877555664278      0.0060137
     462.7513905900208329      0.0036561
     463.3570958682272476      0.0094270
     463.9628035901857857      0.0029267
     464.5685137559628970      0.0001280
     465.1742263655586953     -0.0199276
     465.7799414189731237     -0.0061914
     466.3856589162728028     -0.0023741
     466.9913788573910551      0.0027344
     467.5971012424611217     -0.0052680
     468.2028260713498184      0.0033065
     468.8085533441237089      0.0100770
     469.4142830608494137      0.0102717
     470.0200152214603122     -0.0052276
     470.6257498260895318      0.0013748
     471.2314868746705656      0.0023774
     471.8372263672033000     -0.0204555
     472.4429683037544123     -0.0210400
     473.0487126842572820     -0.0050537
     473.6544595087785865      0.0232476
     474.2602087773847188      0.0263521
     474.8659604900092290      0.0165220
     475.4717146467851876     -0.0053505
     476.0774712475794672     -0.0153945
     476.6832302924587452      0.0020646
     477.2889917814894147      0.0030152
     477.8947557146049689     -0.0002760
     478.5005220918055215      0.0025701
     479.1062909132906498     -0.0030337
     479.7120621788607195      0.0147631
     480.3178358886487445     -0.0056524
     480.9236120426548950     -0.0009600
     481.5293906408124940      0.0007641
     482.1351716831881049      0.0091270
     482.7409551698484051     -0.0173642
     483.3467411008598447     -0.0062484
     483.9525294760227325     -0.0243363
     484.5583202954702529     -0.0176184
     485.1641135592689693      0.0049363
     485.7699092673523182     -0.0123106
     486.3757074197867496      0.0068915
     486.9815080166390544      0.0166026
     487.5873110577758780     -0.0038590
     488.1931165432638977     -0.0050729
     488.7989244731696772     -0.0054201
